0.008770000073127449	120.0
0.5004490000428632	120.0
1.0014540000120178	120.0
1.50037899997551	120.0
2.001862999983132	120.0
2.5008249999955297	120.0
3.0006650000577793	120.0
3.5005639999872074	120.0
4.000253000063822	120.0
4.500456999987364	120.0
5.0003310000756755	120.0
5.500944999977946	120.0
6.000378000084311	120.0
6.502036000019871	120.0
7.000421000062488	120.0
7.500695000053383	120.0
8.000337000004947	120.0
8.500901999999769	120.0
9.002076999982819	120.0
9.500704000005499	120.0
10.001318000024185	120.0
10.500497000059113	120.0
11.000527000054717	120.0
11.500903000007384	120.0
12.001433999976143	120.0
12.502506999997422	120.0
13.000401000026613	120.0
13.50042699999176	120.0
14.000191000057384	120.0
14.500210999976844	120.0
15.002029000082985	120.0
15.501848999992944	120.0
16.00021700002253	120.0
16.501511999987997	120.0
17.00251800008118	120.0
17.501487000030465	120.0
18.001986999996006	120.0
18.501388999982737	120.0
19.00055700005032	120.0
19.500328000052832	120.0
20.000355000025593	120.0
20.500249000033364	120.0
21.000777999986894	120.0
21.500777999986894	120.0
22.002404000028037	120.0
22.500309000024572	120.0
23.001149000017904	120.0
23.501050000078976	120.0
24.00035700004082	120.0
24.50265100004617	120.0
25.000370000023395	120.0
25.500413000001572	120.0
26.001955999992788	120.0
26.501379000023007	120.0
27.000487999990582	120.0
27.501477000070736	120.0
28.000935000018217	120.0
28.501321000047028	120.0
29.00075700005982	60.99997255001235
29.40462100005243	60.99997255001235
30.388546000001952	60.99997255001235
31.371782000060193	172.00010320006191
31.53038600005675	172.00010320006191
31.879222000017762	172.00010320006191
32.228564999997616	172.00010320006191
32.577047000057064	172.00010320006191
32.926083000027575	172.00010320006191
33.27578100003302	172.00010320006191
33.62372500007041	172.00010320006191
33.972681000013836	172.00010320006191
34.32238500006497	54.0
34.76509600004647	54.0
35.87585399998352	54.0
36.9874289999716	54.0
38.09820300003048	65.99999340000066
38.7469389999751	65.99999340000066
39.6540929999901	65.99999340000066
40.56329199997708	65.99999340000066
41.47215100005269	96.99995311668933
41.8116620000219	96.99995311668933
42.43042600003537	96.99995311668933
43.049660000018775	96.99995311668933
43.66704700002447	132.9999468000213
43.86042899999302	132.9999468000213
44.31167199998163	132.9999468000213
44.762991000083275	132.9999468000213
45.21404700004496	132.9999468000213
45.66519299999345	132.9999468000213
46.11579299997538	132.9999468000213
46.56698800006416	132.9999468000213
47.02018700004555	132.9999468000213
47.470919999992475	30.99999793333347
47.896502000046894	30.99999793333347
49.83254700002726	34.99999416666764
51.41059400001541	34.99999416666764
53.125179999973625	34.99999416666764
54.839034000062384	85.0
55.32007200003136	85.0
56.025316999992356	85.0
56.73143300006632	85.0
57.43874800007325	85.0
58.14293800003361	85.0
58.848725000047125	85.0
59.55464200000279	192.0
59.73365100007504	192.0
60.04597900004592	192.0
60.36017300002277	192.0
60.67172900005244	192.0
60.98362199997064	192.0
61.29606600000989	185.99979540022505
61.31411400006618	185.99979540022505
61.6360219999915	185.99979540022505
61.95872400002554	185.99979540022505
62.28118900000118	185.99979540022505
62.605801000026986	185.99979540022505
62.926823000074364	185.99979540022505
63.248780000023544	185.99979540022505
63.57184300001245	185.99979540022505
63.893641000031494	185.99979540022505
64.21630700002424	185.99979540022505
64.54013900004793	38.0
65.5937120000599	38.0
67.17174500005785	182.99991765003705
67.23787599999923	182.99991765003705
67.56513900007121	182.99991765003705
67.8932780000614	182.99991765003705
68.22050499997567	182.99991765003705
68.54838000005111	182.99991765003705
68.87680600001477	182.99991765003705
69.20468700001948	182.99991765003705
69.53230700001586	182.99991765003705
69.86148000007961	182.99991765003705
70.1878920000745	182.99991765003705
70.5160770000657	182.99991765003705
70.84335400001146	50.99998215000625
71.90702300006524	50.99998215000625
73.08450100000482	143.99988480009216
73.49413400003687	143.99988480009216
73.9125130000757	143.99988480009216
74.32759300002363	143.99988480009216
74.74459000001661	143.99988480009216
75.16078899998683	143.99988480009216
75.57786399999168	143.99988480009216
75.99413800006732	143.99988480009216
76.41130300005898	143.99988480009216
76.82787899998948	34.99999416666764
78.05785199999809	34.99999416666764
79.77228500007186	42.99999498333392
80.91892600001302	42.99999498333392
82.31411400006618	42.99999498333392
83.70984899997711	213.00010650005325
83.82094800006598	213.00010650005325
84.10240500001237	213.00010650005325
84.38385600002948	213.00010650005325
84.66523699997924	137.0
84.79213499999605	137.0
85.23056799999904	137.0
85.66924199997447	137.0
86.10869600006845	137.0
86.54440999997314	137.0
86.98258299997542	137.0
87.42073700006586	137.0
87.85793000005651	137.0
88.2961040000664	137.0
88.73383699997794	69.00001725000432
89.01838300004601	69.00001725000432
89.88682700006757	69.00001725000432
90.75643200008199	196.9996946504733
90.8570100000361	196.9996946504733
91.16289500007406	196.9996946504733
91.46627900004387	196.9996946504733
91.77139999996871	196.9996946504733
92.0753820000682	196.9996946504733
92.38018400000874	196.9996946504733
92.68507200002205	196.9996946504733
92.99018500000238	196.9996946504733
93.29390400007833	196.9996946504733
93.59915100003127	196.9996946504733
93.90307200001553	196.9996946504733
94.20713100000285	196.9996946504733
94.51333700004034	72.0
94.62466900004074	72.0
95.45762300002389	72.0
96.29243300005328	72.0
97.12428900005762	60.0
97.25999499997124	60.0
98.25959600007627	60.0
99.25927000003867	60.0
100.25940800004173	60.0
101.25949399999809	91.99998773333498
101.6308849999914	91.99998773333498
102.28250900004059	91.99998773333498
102.93447199999355	138.9998957500782
103.20061100006569	138.9998957500782
103.63253900001291	138.9998957500782
104.06460899999365	138.9998957500782
104.49561099999119	138.9998957500782
104.9278120000381	138.9998957500782
105.3596789999865	138.9998957500782
105.79056200000923	138.9998957500782
106.22250100004021	138.9998957500782
106.65413300006185	138.9998957500782
107.086144000059	138.9998957500782
107.51826599997003	20.99999895000005
108.2242870000191	20.99999895000005
111.08130600000732	42.99999498333392
111.40695800003596	42.99999498333392
112.80280900001526	42.99999498333392
114.19796100002714	46.99999060000188
115.36857499997132	116.0
115.85666799999308	116.0
116.37387000001036	116.0
116.8912770000752	116.0
117.40908900008071	116.0
117.92605999996886	116.0
118.44355700002052	116.0
118.96037300000899	116.0
119.47773500008043	116.0
119.99527499999385	201.0003115504829
120.20005500002299	201.0003115504829
120.49777100002393	201.0003115504829
120.79667399998289	201.0003115504829
121.09552700002678	201.0003115504829
121.39566000003833	201.0003115504829
121.69185900001321	182.000182000182
121.75210100004915	182.000182000182
122.08136000006925	182.000182000182
122.41117300000042	182.000182000182
122.74053399998229	182.000182000182
123.07081900001504	182.000182000182
123.39974400005303	182.000182000182
123.72991700004786	182.000182000182
124.05946700007189	182.000182000182
124.38987900002394	182.000182000182
124.71923599997535	139.0
124.75218399998266	139.0
125.18363900005352	139.0
125.61547900002915	139.0
126.04705000005197	139.0
126.47983500000555	139.0
126.91053600003943	139.0
127.34334899997339	139.0
127.77356400003191	190.0002850004275
127.89924800000153	190.0002850004275
128.21541299996898	190.0002850004275
128.53067000000738	190.0002850004275
128.84638400003314	190.0002850004275
129.1627940000035	190.0002850004275
129.47848499997053	190.0002850004275
129.79524600005243	190.0002850004275
130.11017100000754	190.0002850004275
130.42585800006054	190.0002850004275
130.74217600002885	190.0002850004275
131.05729899997823	190.0002850004275
131.37447999999858	190.0002850004275
131.68936199997552	190.0002850004275
132.00445000000764	50.99998215000625
133.13827700004913	50.99998215000625
134.31465499999467	198.000198000198
134.41738100000657	198.000198000198
134.72012299997732	198.000198000198
135.02408800006378	198.000198000198
135.32672800007276	198.000198000198
135.6297350000823	198.000198000198
135.93247200001497	198.000198000198
136.23619600001257	198.000198000198
136.53882100002375	198.000198000198
136.84173900005408	198.000198000198
137.14511400007177	198.000198000198
137.45029100007378	198.000198000198
137.7508010000456	52.000006933334255
138.405405000085	52.000006933334255
139.56041100004222	52.000006933334255
140.71311400004197	216.99976130026258
140.91848200000823	216.99976130026258
141.19500599999446	216.99976130026258
141.4733310000738	216.99976130026258
141.74823400005698	216.99976130026258
142.02427200006787	216.99976130026258
142.30118399998173	216.99976130026258
142.57750400004443	216.99976130026258
142.85406300006434	216.99976130026258
143.1300480000209	216.99976130026258
143.40688999998383	216.99976130026258
143.68307899998035	216.99976130026258
143.95970300002955	216.99976130026258
144.23660000006203	216.99976130026258
144.5125630000839	151.99993920002433
144.66375299997162	151.99993920002433
145.05847799999174	203.0
145.28485599998385	203.0
145.58010000002105	203.0
145.87618800008204	203.0
146.17210700002033	203.0
146.46711600001436	203.0
146.76300300005823	203.0
147.05956099997275	203.0
147.35410600004252	203.0
147.64984900003765	203.0
147.94485800003167	203.0
148.24090299999807	203.0
148.53701500000898	203.0
148.83179199998267	203.0
149.1269780000439	203.0
149.42285500001162	203.0
149.7186089999741	203.0
150.01393700006884	45.99999386666749
151.13894700002857	206.0000961333782
151.2092849999899	206.0000961333782
151.50084800005425	206.0000961333782
151.79086900001857	206.0000961333782
152.08257400000002	206.0000961333782
152.3754070000723	206.0000961333782
152.66429700003937	206.0000961333782
152.95577900006901	206.0000961333782
153.2473539999919	206.0000961333782
153.538365000044	206.0000961333782
153.82954700000118	206.0000961333782
154.12242999998853	206.0000961333782
154.4126310000429	206.0000961333782
154.70345999998972	206.0000961333782
154.99461699998938	53.0
155.3989409999922	53.0
156.53056500002276	53.0
157.6753500000341	135.000135000135
157.87796800001524	135.000135000135
158.32223400007933	135.000135000135
158.7659729999723	135.000135000135
159.2110190000385	135.000135000135
159.65496199997142	135.000135000135
160.09944800008088	135.000135000135
160.54409700003453	135.000135000135
160.98979400005192	135.000135000135
161.4336309999926	180.00018000018
161.72999700007495	180.00018000018
162.06329900003038	180.00018000018
162.39618599996902	180.00018000018
162.72953800007235	180.00018000018
163.06266499997582	180.00018000018
163.39601600007154	163.9998469334762
163.40662400005385	163.9998469334762
163.7724600000074	163.9998469334762
164.13813800003845	163.9998469334762
164.50560200004838	163.9998469334762
164.8699969999725	163.9998469334762
165.2357150000753	163.9998469334762
165.60164200002328	163.9998469334762
165.9674440000672	163.9998469334762
166.33326400001533	163.9998469334762
166.70035900000948	163.9998469334762
167.06523100007325	163.9998469334762
167.43088900006842	30.0
168.0599060000386	30.0
170.0589049999835	86.00005160003096
170.25884600006975	86.00005160003096
170.95848200004548	86.00005160003096
171.66061300004367	86.00005160003096
172.35171900002751	86.00005160003096
173.04984100000001	86.00005160003096
173.7472640000051	45.99999386666749
174.14179000002332	45.99999386666749
175.44539000000805	148.0
175.7494590000715	148.0
176.14992400002666	148.0
176.55613400007132	148.0
176.96089099999517	148.0
177.36660700000357	148.0
177.77361300005578	148.0
178.17700000002515	148.0
178.58263700001407	148.0
178.98790900001768	148.0
179.39331299997866	67.99999546666697
179.50827400002163	67.99999546666697
180.391854000045	67.99999546666697
181.27438900002744	67.99999546666697
182.1558420000365	148.9998385835082
182.49526800005697	148.9998385835082
182.89787200000137	148.9998385835082
183.30118299997412	148.9998385835082
183.7038800000446	148.9998385835082
184.10594000003766	148.9998385835082
184.50874900002964	148.9998385835082
184.91275400004815	148.9998385835082
185.31399200006854	79.0
185.33119799999986	79.0
186.0892059999751	79.0
186.84912200004328	79.0
187.60885299998336	103.0000480666891
188.11916900007054	103.0000480666891
188.7008040000219	103.0000480666891
189.2835850000847	103.0000480666891
189.86562900000717	103.0000480666891
190.44814900006168	103.0000480666891
191.03257400006987	103.0000480666891
191.61369700008072	32.99999670000033
192.33040199999232	32.99999670000033
194.09038100007456	32.99999670000033
195.90283699997235	55.99997760000896
196.11461300007068	55.99997760000896
197.18465499999002	55.99997760000896
198.25617200008128	55.99997760000896
199.3268940000562	55.99997760000896
200.39935299998615	55.99997760000896
201.47051700006705	55.99997760000896
202.5432580000488	55.99997760000896
203.61287700000685	55.99997760000896
204.68391800008249	55.99997760000896
205.75521600001957	55.99997760000896
206.82647400000133	55.99997760000896
207.89842600002885	55.99997760000896
208.96965800004546	55.99997760000896
210.04169900005218	55.99997760000896
211.11294300004374	55.99997760000896
212.18368500005454	55.99997760000896
213.2554780000355	55.99997760000896
214.32753600005526	55.99997760000896
215.3978590000188	55.99997760000896
216.46955300006084	55.99997760000896
217.5413829999743	55.99997760000896
218.6128879999742	55.99997760000896
219.68366400001105	55.99997760000896
220.75541900005192	55.99997760000896
221.8267309999792	55.99997760000896
222.8992749999743	55.99997760000896
223.9701880000066	55.99997760000896
225.04117800004315	55.99997760000896
226.11260200000834	55.99997760000896
227.1846829999704	55.99997760000896
228.25508000003174	55.99997760000896
229.3265150000807	55.99997760000896
230.3981560000684	55.99997760000896
231.46983700001147	55.99997760000896
232.5411670000758	55.99997760000896
233.61241699999664	55.99997760000896
234.6838370000478	55.99997760000896
235.7553580000531	55.99997760000896
236.82775599998422	55.99997760000896
237.89868099999148	55.99997760000896


2.026634000008926	120.0
2.521136000053957	120.0
3.000601000036113	120.0
3.5005769999697804	120.0
4.0002230000682175	120.0
4.50043600006029	120.0
5.0003310000756755	120.0
5.501329999999143	120.0
6.000609999988228	120.0
6.502270000055432	120.0
7.000408000079915	120.0
7.500380999990739	120.0
8.000806000083685	120.0
8.500621000071988	120.0
9.002017999999225	120.0
9.500704000005499	120.0
10.001337000052445	120.0
10.50034200004302	120.0
11.000527000054717	120.0
11.50066500005778	120.0
12.002649000030942	120.0
12.502073000068776	120.0
13.00069999997504	120.0
13.500370000023395	120.0
14.000483000068925	120.0
14.500210999976844	120.0
15.002029000082985	120.0
15.501848999992944	120.0
16.00021700002253	120.0
16.50175300007686	120.0
17.002391000045463	120.0
17.501156000071205	120.0
18.002233000006527	120.0
18.501388999982737	120.0
19.000760999973863	120.0
19.500493000028655	120.0
20.000587000045925	120.0
20.500481000053696	120.0
21.000583000015467	120.0
21.501170000061393	120.0
22.002126000006683	120.0
22.500529000069946	120.0
23.001340000075288	120.0
23.50069900008384	120.0
24.000543000060134	120.0
24.50066100002732	120.0
25.00047099997755	120.0
25.500247000018135	120.0
26.002319000079297	120.0
26.50118200003635	120.0
27.00020999996923	120.0
27.50132400006987	120.0
28.000427999999374	120.0
28.500867000082508	120.0
29.00094599998556	120.0
29.50104900007136	60.99997255001235
30.38866599998437	60.99997255001235
31.372011000057682	172.00010320006191
31.53089799999725	172.00010320006191
31.8795800000662	172.00010320006191
32.228347000083886	172.00010320006191
32.57686700008344	172.00010320006191
32.92590700008441	172.00010320006191
33.274964999989606	172.00010320006191
33.62427100003697	172.00010320006191
33.97233800007962	172.00010320006191
34.32232799998019	54.00000540000054
34.764837000053376	54.00000540000054
35.87609600008	54.00000540000054
36.988146000076085	54.00000540000054
38.098450000048615	65.99999340000066
38.747549000079744	65.99999340000066
39.65418499999214	65.99999340000066
40.56332700001076	65.99999340000066
41.4721370000625	96.99995311668933
41.81132800003979	96.99995311668933
42.43043700000271	96.99995311668933
43.04919300007168	133.0
43.40938099997584	133.0
43.860198999987915	133.0
44.31145500007551	133.0
44.763245000038296	133.0
45.213636000058614	133.0
45.6646180000389	133.0
46.11608700000215	133.0
46.56699800002389	133.0
47.01930699998047	133.0
47.47103000001516	30.99999793333347
47.89655200007837	30.99999793333347
49.83215899998322	34.99999416666764
51.41024300002027	34.99999416666764
53.12496500008274	104.0
53.390131000080146	104.0
53.9672969999956	104.0
54.54418099997565	85.00004250002125
54.61316000006627	85.00004250002125
55.320411000051536	85.00004250002125
56.025753000052646	85.00004250002125
56.73124200000893	85.00004250002125
57.4382190000033	85.00004250002125
58.14251300005708	85.00004250002125
58.84961799997836	85.00004250002125
59.55435300001409	192.0
59.7336409999989	192.0
60.04634000000078	192.0
60.35992000007536	192.0
60.671904999995604	192.0
60.98424400005024	192.0
61.29640900006052	185.99979540022505
61.31370399997104	185.99979540022505
61.63555200002156	185.99979540022505
61.95839599997271	185.99979540022505
62.281039000023156	185.99979540022505
62.60534800007008	185.99979540022505
62.926327000022866	185.99979540022505
63.24855000001844	185.99979540022505
63.572005999973044	185.99979540022505
63.894140999997035	185.99979540022505
64.21683699998539	185.99979540022505
64.5398849999765	38.000008866668736
65.59406600007787	38.000008866668736
67.17143900005613	182.99991765003705
67.23808200005442	182.99991765003705
67.56453400000464	182.99991765003705
67.89309500006493	182.99991765003705
68.22163500008173	182.99991765003705
68.54878399998415	182.99991765003705
68.87606200005393	182.99991765003705
69.20432000001892	182.99991765003705
69.53281500004232	182.99991765003705
69.86168199998792	182.99991765003705
70.1882190000033	182.99991765003705
70.51579700002912	182.99991765003705
70.84311100002378	50.99998215000625
71.90698299999349	50.99998215000625
73.08425900002476	144.0
73.49430200003553	144.0
73.91304300003685	144.0
74.32787799998187	144.0
74.74426900001708	144.0
75.16068500000983	144.0
75.57758799998555	144.0
75.99440700002015	144.0
76.41108700004406	144.0
76.82764400006272	34.99999416666764
78.05847100005485	34.99999416666764
79.77228500007186	42.99999498333392
80.91868600004818	42.99999498333392
82.31442399998195	42.99999498333392
83.71008900005836	213.0
83.82112500001676	213.0
84.1029860000126	213.0
84.38388600002509	213.0
84.66547500004526	137.00006393336318
84.79249899997376	137.00006393336318
85.23096299997997	137.00006393336318
85.66973099997267	137.00006393336318
86.10897000005934	137.00006393336318
86.54451400006656	137.00006393336318
86.98228700004984	137.00006393336318
87.42050600005314	137.00006393336318
87.85808300005738	137.00006393336318
88.29601699998602	137.00006393336318
88.7341080000624	69.00001725000432
89.01860700000543	69.00001725000432
89.88703099999111	69.00001725000432
90.75713200005703	196.9996946504733
90.86067099997308	196.9996946504733
91.16310300002806	196.9996946504733
91.46606000000611	196.9996946504733
91.77112699998543	196.9996946504733
92.07636200007983	196.9996946504733
92.38003800006118	196.9996946504733
92.6847870000638	196.9996946504733
92.99055099999532	196.9996946504733
93.29358900000807	196.9996946504733
93.59935699997004	196.9996946504733
93.90262599999551	196.9996946504733
94.20731500000693	196.9996946504733
94.51292800006922	72.00002880001152
94.62438699998893	72.00002880001152
95.45739700004924	72.00002880001152
96.29296600003727	72.00002880001152
97.12453200004529	60.0
97.2599840000039	60.0
98.25951800006442	60.0
99.25984700000845	60.0
100.26008100004401	60.0
101.25931900006253	91.99998773333498
101.63113800005522	91.99998773333498
102.28168500005268	91.99998773333498
102.93425900000148	139.0
103.2010560000781	139.0
103.63235500000883	139.0
104.06472500006203	139.0
104.49570299999323	139.0
104.92759500001557	139.0
105.35927000001539	139.0
105.79131200001575	139.0
106.22249199997168	139.0
106.65445899998304	139.0
107.086144000059	139.0
107.518516000011	20.99999895000005
108.22453600005247	20.99999895000005
111.0816670000786	42.99999498333392
111.4063689999748	42.99999498333392
112.80267900007311	42.99999498333392
114.198321999982	47.0
115.36901500006206	116.00008506672904
115.85700199997518	116.00008506672904
116.37403000006452	116.00008506672904
116.89163399999961	116.00008506672904
117.40979100007098	116.00008506672904
117.92596200003754	116.00008506672904
118.44355700002052	116.00008506672904
118.96012200007681	116.00008506672904
119.47743199998513	116.00008506672904
119.9951000000583	201.0003115504829
120.19999900006223	201.0003115504829
120.49775300000329	201.0003115504829
120.7964220000431	201.0003115504829
121.09506399999373	201.0003115504829
121.39325199997984	201.0003115504829
121.69203300005756	182.000182000182
121.75263700005598	182.000182000182
122.08157699997537	182.000182000182
122.41072500008158	182.000182000182
122.74076499999501	182.000182000182
123.07111500005703	182.000182000182
123.40000999998301	182.000182000182
123.73008400003891	182.000182000182
124.05922100006137	182.000182000182
124.38969600002747	182.000182000182
124.71903200005181	138.9998957500782
124.75178300007246	138.9998957500782
125.18340600002557	138.9998957500782
125.61499000003096	138.9998957500782
126.04663100000471	138.9998957500782
126.47941700008232	138.9998957500782
126.91029999998864	138.9998957500782
127.34320600004867	138.9998957500782
127.7735709999688	190.0002850004275
127.89928400004283	190.0002850004275
128.21526500000618	190.0002850004275
128.53070600004867	190.0002850004275
128.84656199999154	190.0002850004275
129.16225100005977	190.0002850004275
129.47798199998215	190.0002850004275
129.79559400002472	190.0002850004275
130.1097810000647	190.0002850004275
130.42539400001988	190.0002850004275
130.74127100000624	190.0002850004275
131.05752899998333	190.0002850004275
131.37477900006343	190.0002850004275
131.68949200003408	190.0002850004275
132.00445700006094	50.99998215000625
133.13808499998413	50.99998215000625
134.31465499999467	198.0
134.41718099999707	198.0
134.72014700004365	198.0
135.0230379999848	198.0
135.32628999999724	198.0
135.62968200002797	198.0
135.93245500000194	198.0
136.23560999997426	198.0
136.53838500007987	198.0
136.8413700000383	198.0
137.1448350000428	198.0
137.4488620000193	198.0
137.75053499999922	52.000006933334255
138.40544400003273	52.000006933334255
139.56061500008218	52.000006933334255
140.72854500007816	216.99976130026258
140.9181840000674	216.99976130026258
141.19495799997821	216.99976130026258
141.47322200005874	216.99976130026258
141.7482140000211	216.99976130026258
142.02406600001268	216.99976130026258
142.30126600002404	216.99976130026258
142.57709000003524	216.99976130026258
142.853638999979	216.99976130026258
143.13037100003567	216.99976130026258
143.40664000005927	152.0
143.47915899998043	152.0
143.87373700004537	152.0
144.26989700004924	152.0
144.6632240000181	152.0
145.0581109999912	202.99965828390856
145.2851629999932	202.99965828390856
145.58030700008385	202.99965828390856
145.87589300004765	202.99965828390856
146.17187900003046	202.99965828390856
146.46731500001624	202.99965828390856
146.76259900000878	202.99965828390856
147.05934799998067	202.99965828390856
147.3546830000123	202.99965828390856
147.64938199997414	202.99965828390856
147.9452900000615	202.99965828390856
148.24068699998315	202.99965828390856
148.53714500006754	202.99965828390856
148.83193800004665	202.99965828390856
149.12752500001807	202.99965828390856
149.42284400004428	202.99965828390856
149.71882700000424	202.99965828390856
150.01393700006884	45.99999386666749
151.13875200005714	206.0000961333782
151.20859699998982	206.0000961333782
151.50053199997637	206.0000961333782
151.79086900001857	206.0000961333782
152.08289399999194	206.0000961333782
152.37553900002968	206.0000961333782
152.66466700006276	206.0000961333782
152.95609900006093	206.0000961333782
153.24731800006703	206.0000961333782
153.53889399999753	206.0000961333782
153.8297780000139	206.0000961333782
154.12236200005282	206.0000961333782
154.41265100007877	206.0000961333782
154.7031320000533	206.0000961333782
154.99460900004487	53.000022083342536
155.3987630000338	53.000022083342536
156.53079900005832	53.000022083342536
157.67477000004146	135.000135000135
157.87939300003927	135.000135000135
158.3222550000064	135.000135000135
158.76624300004914	135.000135000135
159.21092800004408	135.000135000135
159.65666600002442	135.000135000135
160.09983399999328	135.000135000135
160.54384499997832	135.000135000135
160.98950899997726	135.000135000135
161.43344200006686	180.00018000018
161.7298540000338	180.00018000018
162.0635440000333	180.00018000018
162.39584100001957	180.00018000018
162.72915100003593	180.00018000018
163.06265199999325	180.00018000018
163.3957759999903	164.0
163.40638000005856	164.0
163.77277300006244	164.0
164.1384379999945	164.0
164.50567199999932	164.0
164.86982400005218	164.0
165.23543700005393	164.0
165.6014000000432	164.0
165.96720299997833	164.0
166.33303600002546	164.0
166.70072600001004	164.0
167.06495000002906	164.0
167.431259999983	30.0
168.05962199997157	30.0
170.05930299998727	86.00005160003096
170.25858400005382	86.00005160003096
170.95866700005718	86.00005160003096
171.65995100000873	86.00005160003096
172.35175700008404	86.00005160003096
173.04980699997395	86.00005160003096
173.7472640000051	46.0
174.14121300005354	46.0
175.4449940000195	148.000148000148
175.74454600003082	148.000148000148
176.15142000000924	148.000148000148
176.5553250000812	148.000148000148
176.96040800004266	148.000148000148
177.3661870000651	148.000148000148
177.77309400006197	148.000148000148
178.1767590000527	148.000148000148
178.58207400003448	148.000148000148
178.98752800002694	148.000148000148
179.3928709999891	67.99999546666697
179.50880200008396	67.99999546666697
180.3914700000314	67.99999546666697
181.27405500004534	67.99999546666697
182.1556209999835	148.9998385835082
182.49546500004362	148.9998385835082
182.8980300000403	148.9998385835082
183.30639699997846	148.9998385835082
183.704250000068	148.9998385835082
184.10611599998083	148.9998385835082
184.50964499998372	148.9998385835082
184.91295300005004	148.9998385835082
185.3142780000344	78.9999657666815
185.33169999998063	78.9999657666815
186.08940200007055	78.9999657666815
186.84886200004257	78.9999657666815
187.608692000038	103.0000480666891
188.11878200003412	103.0000480666891
188.70039200002793	103.0000480666891
189.2831320000114	103.0000480666891
189.86586500005797	103.0000480666891
190.44776000001002	103.0000480666891
191.03281200001948	103.0000480666891
191.61433200002648	32.99999670000033
192.33122499997262	32.99999670000033
194.093867000076	56.0
195.0407589999959	56.0
196.1147709999932	56.0
197.18635500001255	56.0
198.26320200006012	56.0
199.32658600003924	56.0
200.3981919999933	56.0
201.46960000006948	56.0
202.54160200001206	56.0
203.61217400000896	56.0
204.68424099998083	56.0
205.75498299999163	56.0
206.82714800001122	56.0
207.89798100001644	56.0
208.969253999996	56.0
210.04108100000303	56.0
211.11227400007192	56.0
212.1842170000309	56.0
213.25570500001777	56.0
214.32731500000227	56.0
215.39811299997382	56.0
216.469357999973	56.0
217.5408199999947	56.0
218.6130729999859	56.0
219.68391400005203	56.0
220.75519100006204	56.0
221.82654100004584	56.0
222.89899999997579	56.0
223.96967300004326	56.0
225.04087999998592	56.0
226.11238900001626	56.0
227.18445499998052	56.0
228.2553880000487	56.0
229.32677100005094	56.0
230.39796199998818	56.0
231.46926699997857	56.0
232.54104599996936	56.0
233.6121760000242	56.0
234.68416699999943	56.0
235.75517800007947	56.0
236.82710400002543	56.0
237.89785800001118	56.0


4.011064000078477	120.0
4.499958000029437	120.0
5.000671999994665	120.0
5.500878000049852	120.0
6.000433000037447	120.0
6.50198000005912	120.0
7.0007110000588	120.0
7.5003949999809265	120.0
8.012202000012621	120.0
8.500697000068612	120.0
9.00184799998533	120.0
9.500955000054091	120.0
10.001087000011466	120.0
10.50026700005401	120.0
11.000341000035405	120.0
11.501122000045143	120.0
12.002056000055745	120.0
12.50209399999585	120.0
13.00069999997504	120.0
13.501208000001498	120.0
14.00044400000479	120.0
14.500399000011384	120.0
15.002229999983683	120.0
15.502252000034787	120.0
16.000432000029832	120.0
16.501511999987997	120.0
17.002121000085026	120.0
17.500702999997884	120.0
18.002010000054725	120.0
18.50114000006579	120.0
19.000517999986187	120.0
19.500337000004947	120.0
20.000314000062644	120.0
20.50026700005401	120.0
21.000287999981083	120.0
21.501351000042632	120.0
22.002145000034943	120.0
22.50036700000055	120.0
23.000866000074893	120.0
23.501264000078663	120.0
24.00033200008329	120.0
24.500421000062488	120.0
25.000250000040978	120.0
25.50065100006759	120.0
26.001945000025444	120.0
26.50095000001602	120.0
27.001506000058725	120.0
27.501588999992236	120.0
28.000668999971822	120.0
28.50111499999184	120.0
29.000480000046082	61.0
29.404824000084773	61.0
30.388338000047952	61.0
31.3720420000609	172.00010320006191
31.530704000033438	172.00010320006191
31.879412000067532	172.00010320006191
32.22873299999628	172.00010320006191
32.5772059999872	172.00010320006191
32.92570100002922	172.00010320006191
33.27468799997587	172.00010320006191
33.62404600006994	172.00010320006191
33.97256500006188	172.00010320006191
34.322915000026114	54.00000540000054
34.765228000003844	54.00000540000054
35.87585399998352	54.00000540000054
36.9874439999694	54.00000540000054
38.09820300003048	65.99999340000066
38.749184000073	65.99999340000066
39.653756999992765	65.99999340000066
40.56312000006437	65.99999340000066
41.471867999993265	96.99995311668933
41.81156300008297	96.99995311668933
42.43088700005319	96.99995311668933
43.04917200002819	96.99995311668933
43.66730600001756	132.9999468000213
43.860198999987915	132.9999468000213
44.31144499999937	132.9999468000213
44.763003000058234	132.9999468000213
45.213636000058614	132.9999468000213
45.6646180000389	132.9999468000213
46.11647000000812	132.9999468000213
46.56720499997027	132.9999468000213
47.019556000013836	132.9999468000213
47.47068799997214	30.99999793333347
47.89669399999548	30.99999793333347
49.83215899998322	35.0
51.41078799997922	35.0
53.12524199998006	35.0
54.839003000059165	85.00004250002125
55.32007200003136	85.00004250002125
56.02559299999848	85.00004250002125
56.73119700001553	85.00004250002125
57.437066000071354	85.00004250002125
58.14248999999836	85.00004250002125
58.84973500005435	192.0
59.108883999986574	192.0
59.421031999983825	192.0
59.73424400005024	192.0
60.046470000059344	192.0
60.36037600005511	192.0
60.67172900005244	192.0
60.983647000044584	192.0
61.29617300000973	192.0
61.60905199998524	185.99979540022505
61.63581000000704	185.99979540022505
61.95815700001549	185.99979540022505
62.28081100003328	185.99979540022505
62.60558800003491	185.99979540022505
62.92624399997294	185.99979540022505
63.249002999975346	185.99979540022505
63.57164800004102	185.99979540022505
63.89394800004084	185.99979540022505
64.21655500005	185.99979540022505
64.54034399997909	38.000008866668736
65.59244200005196	38.000008866668736
67.17226300004404	182.99991765003705
67.23829200002365	182.99991765003705
67.56536400003824	182.99991765003705
67.89257999998517	182.99991765003705
68.22087199997623	182.99991765003705
68.54861599998549	182.99991765003705
68.87699899997097	182.99991765003705
69.2041029999964	182.99991765003705
69.53192500001751	182.99991765003705
69.86118300003	182.99991765003705
70.1882260000566	182.99991765003705
70.5158100000117	182.99991765003705
70.84310599998571	50.99998215000625
71.90727500000503	50.99998215000625
73.0844620000571	143.99988480009216
73.49415400007274	143.99988480009216
73.91268800001126	143.99988480009216
74.3280430000741	143.99988480009216
74.74687699996866	143.99988480009216
75.16114600002766	143.99988480009216
75.57824100006837	143.99988480009216
75.99466000008397	143.99988480009216
76.41108700004406	143.99988480009216
76.82742900005542	34.99999416666764
78.05783299996983	34.99999416666764
79.77250700001605	43.0
80.91909300000407	43.0
82.31432500004303	43.0
83.71011400001589	213.00010650005325
83.82120400003623	213.00010650005325
84.10267799999565	213.00010650005325
84.38406800001394	213.00010650005325
84.66575500008184	137.00006393336318
84.79213499999605	137.00006393336318
85.2307949999813	137.00006393336318
85.66950700001325	137.00006393336318
86.10848300007638	137.00006393336318
86.54390699998476	137.00006393336318
86.98272500000894	137.00006393336318
87.42075699998531	137.00006393336318
87.85826100001577	137.00006393336318
88.29629500000738	137.00006393336318
88.73409599997103	69.0
89.01864700007718	69.0
89.88725600007456	69.0
90.75685000000522	196.9996946504733
90.85736000002362	196.9996946504733
91.16291299997829	196.9996946504733
91.46606000000611	196.9996946504733
91.77165500004776	196.9996946504733
92.07711199996993	196.9996946504733
92.37977900006808	196.9996946504733
92.68458800006192	196.9996946504733
92.99079700000584	196.9996946504733
93.29419000004418	196.9996946504733
93.59950000001118	196.9996946504733
93.902943000081	196.9996946504733
94.20747899997514	196.9996946504733
94.51292800006922	72.00002880001152
94.6246580000734	72.00002880001152
95.45781300007366	72.00002880001152
96.29271000006702	72.00002880001152
97.12455200008117	60.0
97.25974400003906	60.0
98.25924799998756	60.0
99.25967000005767	60.0
100.25984800001606	60.0
101.25969299999997	91.99998773333498
101.63136600004509	91.99998773333498
102.28236599999946	91.99998773333498
102.93401900003664	138.9998957500782
103.20084800000768	138.9998957500782
103.63270399998873	138.9998957500782
104.06491100008134	138.9998957500782
104.49594499997329	138.9998957500782
104.9278120000381	138.9998957500782
105.3598939999938	138.9998957500782
105.79106199997477	138.9998957500782
106.22217700001784	138.9998957500782
106.6541150000412	138.9998957500782
107.08639299997594	138.9998957500782
107.51822299999185	20.99999895000005
108.22474400000647	20.99999895000005
111.08187800005544	43.0
111.40635699999984	43.0
112.80295899999328	43.0
114.19813899998553	46.99999060000188
115.36841400002595	116.00008506672904
115.85722700005863	116.00008506672904
116.37385900004301	116.00008506672904
116.89125600003172	116.00008506672904
117.40922000003047	116.00008506672904
117.92563900002278	116.00008506672904
118.44383800006472	116.00008506672904
118.96051200001966	116.00008506672904
119.47770400007721	201.0
119.60215900000185	201.0
119.90077000006568	201.0
120.20035300008021	201.0
120.49812300002668	201.0
120.7966820000438	201.0
121.09533799998462	201.0
121.39355899998918	201.0
121.69252699997742	182.000182000182
121.75236300006509	182.000182000182
122.08116000005975	182.000182000182
122.41131100000348	182.000182000182
122.74086999997962	182.000182000182
123.07084000005852	182.000182000182
123.39976599998772	182.000182000182
123.72952799999621	182.000182000182
124.05935600004159	182.000182000182
124.39005000004545	182.000182000182
124.71935999998823	138.9998957500782
124.75179500004742	138.9998957500782
125.18388700007927	138.9998957500782
125.61524700000882	138.9998957500782
126.04685500008054	138.9998957500782
126.47964300005697	138.9998957500782
126.91007700003684	138.9998957500782
127.3428890000796	138.9998957500782
127.7738590000663	190.0002850004275
127.89905300003011	190.0002850004275
128.21509800001513	190.0002850004275
128.5309530000668	190.0002850004275
128.8477600000333	190.0002850004275
129.1625050000148	190.0002850004275
129.47823400003836	190.0002850004275
129.79530900006648	190.0002850004275
130.1100270000752	190.0002850004275
130.42985199997202	190.0002850004275
130.74241900001653	190.0002850004275
131.05786100006662	190.0002850004275
131.37496899999678	190.0002850004275
131.68912600004114	190.0002850004275
132.00470100005623	50.99998215000625
133.13809500006028	50.99998215000625
134.3150870000245	198.000198000198
134.41758700006176	198.000198000198
134.7204619999975	198.000198000198
135.02390799997374	198.000198000198
135.3265159999719	198.000198000198
135.62951600004453	198.000198000198
135.93301600008272	198.000198000198
136.2364880000241	198.000198000198
136.53839700005483	198.000198000198
136.84199200000148	198.000198000198
137.14484800002538	198.000198000198
137.4500410000328	198.000198000198
137.75056700001005	52.000006933334255
138.40518500003964	52.000006933334255
139.56061500008218	217.0
139.81342200003564	217.0
140.0887250000378	217.0
140.365986000048	217.0
140.6416260000551	217.0
140.91869199997745	217.0
141.1951850000769	217.0
141.4734480000334	217.0
141.74868600000627	217.0
142.0243049999699	217.0
142.3015440000454	217.0
142.57734299998265	217.0
142.85388399998192	217.0
143.13005799998064	217.0
143.40694999997504	217.0
143.68304899998475	217.0
143.9599650000455	151.99993920002433
144.27026200003456	151.99993920002433
144.6634469999699	151.99993920002433
145.05856799997855	202.99965828390856
145.28539500001352	202.99965828390856
145.58053200005088	202.99965828390856
145.8758520000847	202.99965828390856
146.17211799998768	202.99965828390856
146.46725500002503	202.99965828390856
146.76296700001694	202.99965828390856
147.05942299996968	202.99965828390856
147.35487799998373	202.99965828390856
147.64974600006826	202.99965828390856
147.94486300006974	202.99965828390856
148.24068699998315	202.99965828390856
148.53598300006706	202.99965828390856
148.8314460000256	202.99965828390856
149.12710300006438	202.99965828390856
149.4230680000037	46.0
149.83476100000553	46.0
151.139113000012	206.0000961333782
151.2089210000122	206.0000961333782
151.50053199997637	206.0000961333782
151.79067700007	206.0000961333782
152.082320000045	206.0000961333782
152.3759850000497	206.0000961333782
152.66450499999337	206.0000961333782
152.95614400005434	206.0000961333782
153.2469370000763	206.0000961333782
153.53874900005758	206.0000961333782
153.82980100007262	206.0000961333782
154.12216200004332	206.0000961333782
154.41296200000215	206.0000961333782
154.7032950000139	206.0000961333782
154.99441699997988	53.000022083342536
155.3987630000338	53.000022083342536
156.530909000081	53.000022083342536
157.67508299998008	135.000135000135
157.8797350000823	135.000135000135
158.32255300006364	135.000135000135
158.7659810000332	135.000135000135
159.21048900007736	135.000135000135
159.65558700007387	135.000135000135
160.10006099997554	135.000135000135
160.54434899997432	135.000135000135
160.99004399997648	135.000135000135
161.4331940000411	180.00018000018
161.7296680000145	180.00018000018
162.06333999999333	180.00018000018
162.3960570000345	180.00018000018
162.72948600002564	180.00018000018
163.0624630000675	180.00018000018
163.39601600007154	163.9998469334762
163.40662400005385	163.9998469334762
163.77300300006755	163.9998469334762
164.1384689999977	163.9998469334762
164.5059080000501	163.9998469334762
164.86988999997266	163.9998469334762
165.23544399999082	163.9998469334762
165.6016880000243	163.9998469334762
165.9678159999894	163.9998469334762
166.33330900000874	163.9998469334762
166.7008050000295	163.9998469334762
167.06492699997034	163.9998469334762
167.43116400006693	30.0
168.06009300006554	30.0
170.0594610000262	86.0
170.25878100004047	86.0
170.95768700004555	86.0
171.6604669999797	86.0
172.35152700007893	86.0
173.050033000065	86.0
173.74748500005808	45.99999386666749
174.14148200000636	45.99999386666749
175.44520499999635	148.000148000148
175.74553399998695	148.000148000148
176.15069300006144	148.000148000148
176.5557020000415	148.000148000148
176.96067399997264	148.000148000148
177.36639900004957	148.000148000148
177.77385800005868	148.000148000148
178.1771680000238	148.000148000148
178.5822750000516	148.000148000148
178.98817899997812	148.000148000148
179.39356400002725	68.0
179.5097250000108	68.0
180.3916910000844	68.0
181.27458099997602	68.0
182.1561830000719	148.9998385835082
182.49569800007157	148.9998385835082
182.89818999997806	148.9998385835082
183.30018300004303	148.9998385835082
183.70409999997355	148.9998385835082
184.10576000006404	148.9998385835082
184.50937099999283	148.9998385835082
184.91257400007453	148.9998385835082
185.31412800005637	78.9999657666815
185.33141800004523	78.9999657666815
186.089850999997	78.9999657666815
186.84930000000168	78.9999657666815
187.6085080000339	103.0000480666891
188.11791200004518	103.0000480666891
188.70016900007613	103.0000480666891
189.28293400001712	103.0000480666891
189.8663190000225	103.0000480666891
190.44830400007777	103.0000480666891
191.03382900008	103.0000480666891
191.61392100004014	32.99999670000033
192.32994399999734	32.99999670000033
194.0876060000155	32.99999670000033
195.90342200000305	55.99997760000896
196.11506199999712	55.99997760000896
197.1861280000303	55.99997760000896
198.25752600003034	55.99997760000896
199.33462900004815	55.99997760000896
200.39852400007658	55.99997760000896
201.46988800005056	55.99997760000896
202.54146099998616	55.99997760000896
203.61223099997733	55.99997760000896
204.68385000003036	55.99997760000896
205.75498299999163	55.99997760000896
206.82647400000133	55.99997760000896
207.8979700000491	55.99997760000896
208.969253999996	55.99997760000896
210.04210500000045	55.99997760000896
211.11227400007192	55.99997760000896
212.18368500005454	55.99997760000896
213.2557299999753	55.99997760000896
214.32733000000007	55.99997760000896
215.39811299997382	55.99997760000896
216.4693279999774	55.99997760000896
217.54078599996865	55.99997760000896
218.6128879999742	55.99997760000896
219.68365899997298	55.99997760000896
220.75517600006424	55.99997760000896
221.82654999999795	55.99997760000896
222.8992530000396	55.99997760000896
223.969357999973	55.99997760000896
225.0408930000849	55.99997760000896
226.11238900001626	55.99997760000896
227.18437699996866	55.99997760000896
228.25543400004972	55.99997760000896
229.32681600004435	55.99997760000896
230.39796199998818	55.99997760000896
231.46951700001955	55.99997760000896
232.5409970000619	55.99997760000896
233.61246400000528	55.99997760000896
234.6842610000167	55.99997760000896
235.7551659999881	55.99997760000896
236.82697499997448	55.99997760000896
237.89813500002492	55.99997760000896


6.033339000074193	120.0
6.51732099999208	120.0
7.000645000021905	120.0
7.500625999993645	120.0
8.000543000060134	120.0
8.500882999971509	120.0
9.002239000052214	120.0
9.500955000054091	120.0
10.001087000011466	120.0
10.500591000076383	120.0
11.000341000035405	120.0
11.500903000007384	120.0
12.001447000075132	120.0
12.502344000036828	120.0
13.000401000026613	120.0
13.501369000063278	120.0
14.000801000045612	120.0
14.500356000033207	120.0
15.0022459999891	120.0
15.502082000020891	120.0
16.000633000046946	120.0
16.50175300007686	120.0
17.0021420000121	120.0
17.501156000071205	120.0
18.002408000058495	120.0
18.50161699997261	120.0
19.000797000015154	120.0
19.500659000012092	120.0
20.000587000045925	120.0
20.50043800007552	120.0
21.000308000016958	120.0
21.50098600005731	120.0
22.002373000024818	120.0
22.500726000056602	120.0
23.000866000074893	120.0
23.500666000065394	120.0
24.000543000060134	120.0
24.502373000024818	120.0
25.001293000066653	120.0
25.500989000080153	120.0
26.002244999981485	120.0
26.500937000033446	120.0
27.00020999996923	120.0
27.501252999994904	120.0
28.000546999974176	120.0
28.500935000018217	120.0
29.00049200002104	60.99997255001235
29.404645000002347	60.99997255001235
30.388479000073858	60.99997255001235
31.371782000060193	172.0
31.530708000063896	172.0
31.879217999987304	172.0
32.22832200000994	172.0
32.57687700004317	172.0
32.92570100002922	172.0
33.27462100004777	172.0
33.62477900006343	172.0
33.972415999975055	172.0
34.322821000008844	54.00000540000054
34.76485400006641	54.00000540000054
35.87609600008	54.00000540000054
36.98797300003935	54.00000540000054
38.098429000005126	65.99999340000066
38.747231999994256	65.99999340000066
39.6543229999952	65.99999340000066
40.563449000008404	65.99999340000066
41.471867999993265	97.0
41.81178600003477	97.0
42.430676000076346	97.0
43.04943700006697	97.0
43.667391999973916	132.9999468000213
43.86063800007105	132.9999468000213
44.312708000070415	132.9999468000213
44.76343200006522	132.9999468000213
45.213887999998406	132.9999468000213
45.66493400000036	132.9999468000213
46.115769000025466	132.9999468000213
46.56740499997977	132.9999468000213
47.01978400000371	132.9999468000213
47.47068200004287	30.99999793333347
47.896746000042185	30.99999793333347
49.83235500007868	34.99999416666764
51.41049000003841	34.99999416666764
53.12541099998634	34.99999416666764
54.83917799999472	85.00004250002125
55.32042200001888	85.00004250002125
56.02532900008373	85.00004250002125
56.73096600000281	85.00004250002125
57.43823099997826	85.00004250002125
58.14269200002309	85.00004250002125
58.849948000046425	85.00004250002125
59.55440200003795	192.0
59.733951000031084	192.0
60.04616799997166	192.0
60.35993200005032	192.0
60.67154600005597	192.0
60.98430999997072	186.0
60.991669000010006	186.0
61.31400100002065	186.0
61.63581000000704	186.0
61.95862599997781	186.0
62.28079200000502	186.0
62.60534800007008	186.0
62.92587400006596	186.0
63.24853800004348	186.0
63.57164800004102	186.0
63.893641000031494	186.0
64.21662600000855	186.0
64.5398849999765	38.000008866668736
65.59280600002967	38.000008866668736
67.1719260000391	182.99991765003705
67.23730699997395	182.99991765003705
67.5648040000815	182.99991765003705
67.89345199998934	182.99991765003705
68.2210990000749	182.99991765003705
68.5491940000793	182.99991765003705
68.87662400002591	182.99991765003705
69.20508800004609	182.99991765003705
69.53284200001508	182.99991765003705
69.86118300003	182.99991765003705
70.18844599998556	182.99991765003705
70.51603399997111	51.0
70.73132700007409	51.0
71.90733800001908	51.0
73.08405100007076	143.99988480009216
73.49396900006104	143.99988480009216
73.91290900006425	143.99988480009216
74.32787300006021	143.99988480009216
74.74542200006545	143.99988480009216
75.16116899996996	143.99988480009216
75.57758799998555	143.99988480009216
75.99440700002015	143.99988480009216
76.410845000064	143.99988480009216
76.82777199998964	34.99999416666764
78.05821100005414	34.99999416666764
79.77268400008325	42.99999498333392
80.91894100001082	42.99999498333392
82.31418600003235	42.99999498333392
83.70983700000215	213.00010650005325
83.82134899997618	213.00010650005325
84.103059999994	213.00010650005325
84.38363200007007	213.00010650005325
84.66547500004526	137.00006393336318
84.79231499996968	137.00006393336318
85.23080800008029	137.00006393336318
85.66953600000124	137.00006393336318
86.10810100007802	137.00006393336318
86.54413000005297	137.00006393336318
86.98228700004984	137.00006393336318
87.4210820000153	137.00006393336318
87.85817899997346	137.00006393336318
88.2958820000058	137.00006393336318
88.73434199998155	69.00001725000432
89.01905100001022	69.00001725000432
89.88705600006506	69.00001725000432
90.7568860000465	197.0
90.8574400000507	197.0
91.16240600007586	197.0
91.46646799996961	197.0
91.77112699998543	197.0
92.0755820000777	197.0
92.37997999996878	197.0
92.68484500003979	197.0
92.99018500000238	197.0
93.29382500005886	197.0
93.59932400006801	197.0
93.90328700002283	197.0
94.20730999996886	197.0
94.51343599997927	72.00002880001152
94.62484200007748	72.00002880001152
95.45764000003692	72.00002880001152
96.29243300005328	72.00002880001152
97.12473599996883	60.0
97.26019300008193	60.0
98.25971800007392	60.0
99.25930100004189	60.0
100.25988899997901	60.0
101.25944200006779	92.0
101.63117100007366	92.0
102.28210499999113	92.0
102.93426900007762	138.9998957500782
103.2006490000058	138.9998957500782
103.63265000004321	138.9998957500782
104.06411100004334	138.9998957500782
104.49624300003052	138.9998957500782
104.92755100002978	138.9998957500782
105.3593080000719	138.9998957500782
105.79100500000641	138.9998957500782
106.22217700001784	138.9998957500782
106.65434900007676	138.9998957500782
107.08639299997594	138.9998957500782
107.51849699998274	20.99999895000005
108.22447800007649	20.99999895000005
111.08162800001446	42.99999498333392
111.4066950000124	42.99999498333392
112.8025009999983	42.99999498333392
114.19813899998553	46.99999060000188
115.36886599997524	116.00008506672904
115.85691800003406	116.00008506672904
116.3742220000131	116.00008506672904
116.89145300001837	116.00008506672904
117.40992500004359	116.00008506672904
117.92570700007491	116.00008506672904
118.44383800006472	116.00008506672904
118.96012200007681	116.00008506672904
119.47793699998874	116.00008506672904
119.99622199998703	201.0003115504829
120.20052900002338	201.0003115504829
120.49802900000941	201.0003115504829
120.79694799997378	201.0003115504829
121.09506399999373	201.0003115504829
121.39326500007883	182.0
121.42192200000864	182.0
121.75210100004915	182.0
122.08142200007569	182.0
122.41072500008158	182.0
122.74052300001495	182.0
123.0711499999743	182.0
123.40011300006881	182.0
123.72990400006529	182.0
124.05911300005391	182.0
124.38989400002174	182.0
124.71881800005212	138.9998957500782
124.75205100001767	138.9998957500782
125.18378000007942	138.9998957500782
125.61526400002185	138.9998957500782
126.04664199997205	138.9998957500782
126.47970100003295	138.9998957500782
126.91032100003213	138.9998957500782
127.34311500005424	138.9998957500782
127.77387100004125	190.0002850004275
127.89945700007956	190.0002850004275
128.21507500007283	190.0002850004275
128.5309530000668	190.0002850004275
128.84704600006808	190.0002850004275
129.16225100005977	190.0002850004275
129.4782010000199	190.0002850004275
129.79571600002237	190.0002850004275
130.1097810000647	190.0002850004275
130.42557900003158	190.0002850004275
130.74226500000805	190.0002850004275
131.05784000002313	190.0002850004275
131.37447999999858	51.0
131.9617370000342	51.0
133.13828499999363	51.0
134.31502900004853	198.000198000198
134.4174650000641	198.000198000198
134.7203290000325	198.000198000198
135.02331299998332	198.000198000198
135.32657799997833	198.000198000198
135.6293210000731	198.000198000198
135.93269300006796	198.000198000198
136.23633400001563	198.000198000198
136.53878300008364	198.000198000198
136.84175999998115	198.000198000198
137.14505900000222	198.000198000198
137.44919299997855	198.000198000198
137.75081300002057	52.000006933334255
138.4056490000803	52.000006933334255
139.56079300004058	52.000006933334255
140.713310000021	216.99976130026258
140.91820900002494	216.99976130026258
141.1952460000757	216.99976130026258
141.47354799997993	216.99976130026258
141.74867000000086	216.99976130026258
142.02406600001268	216.99976130026258
142.30173200007994	216.99976130026258
142.5771090000635	216.99976130026258
142.85388399998192	216.99976130026258
143.13059800001793	216.99976130026258
143.40711100003682	216.99976130026258
143.68369400000665	216.99976130026258
143.95973200001754	151.99993920002433
144.27026200003456	151.99993920002433
144.6634910000721	151.99993920002433
145.05835499998648	202.99965828390856
145.28521300002467	202.99965828390856
145.58010899997316	202.99965828390856
145.87662100000307	202.99965828390856
146.17233900004067	202.99965828390856
146.4668600000441	202.99965828390856
146.7632160000503	202.99965828390856
147.05913700000383	202.99965828390856
147.35357300005853	202.99965828390856
147.6496380000608	202.99965828390856
147.94507100002375	202.99965828390856
148.24117499997374	202.99965828390856
148.53598300006706	202.99965828390856
148.83200499997474	202.99965828390856
149.1273040000815	202.99965828390856
149.42258400004357	202.99965828390856
149.71834700007457	202.99965828390856
150.013741999981	45.99999386666749
151.13875200005714	206.0
151.20909000001848	206.0
151.50086100003682	206.0
151.79108400002588	206.0
152.082320000045	206.0
152.37584900006186	206.0
152.664269000059	206.0
152.95577900006901	206.0
153.24755800003186	206.0
153.538365000044	206.0
153.82952000002842	206.0
154.12256499996874	206.0
154.41286799998488	206.0
154.70332900003996	206.0
154.99442700005602	53.000022083342536
155.39851400000043	53.000022083342536
156.53061000001617	53.000022083342536
157.6636910000816	135.000135000135
157.8784160000505	135.000135000135
158.32299400004558	135.000135000135
158.76639600005	135.000135000135
159.21080500003882	135.000135000135
159.65516299998853	135.000135000135
160.09961600007955	135.000135000135
160.54398000007495	135.000135000135
160.98985800007358	135.000135000135
161.43358800001442	180.0
161.72981200006325	180.0
162.06373200006783	180.0
162.39584100001957	180.0
162.72916800004896	180.0
163.06245399999898	180.0
163.3957759999903	163.9998469334762
163.40636600006837	163.9998469334762
163.7757729999721	163.9998469334762
164.13790299999528	163.9998469334762
164.50605099997483	163.9998469334762
164.86966500000563	163.9998469334762
165.2356869999785	163.9998469334762
165.60181899997406	163.9998469334762
165.96764100005385	163.9998469334762
166.33312600001227	163.9998469334762
166.70107499998994	163.9998469334762
167.0651460000081	163.9998469334762
167.43138299998827	30.0
168.05962199997157	30.0
170.0591349999886	86.00005160003096
170.25911300000735	86.00005160003096
170.95902900001965	86.00005160003096
171.662193999975	86.00005160003096
172.35195000004023	86.00005160003096
173.04953399999067	86.00005160003096
173.74700700002722	45.99999386666749
174.14079400000628	45.99999386666749
175.4455790000502	148.000148000148
175.7520599999698	148.000148000148
176.1496160000097	148.000148000148
176.55592100007925	148.000148000148
176.96105899999384	148.000148000148
177.36682900006417	148.000148000148
177.7733340000268	148.000148000148
178.1773309999844	148.000148000148
178.58247300004587	148.000148000148
178.9877320000669	148.000148000148
179.39382400002796	67.99999546666697
179.51053700002376	67.99999546666697
180.3920110000763	67.99999546666697
181.27382000000216	67.99999546666697
182.1553899999708	149.0
182.49504200008232	149.0
182.89768200006802	149.0
183.30034800001886	149.0
183.70363900007214	149.0
184.10558299999684	149.0
184.50831900001504	149.0
184.91238200000953	149.0
185.31364599999506	78.9999657666815
185.3310080000665	78.9999657666815
186.08898500003852	78.9999657666815
186.84848200005945	78.9999657666815
187.60811899998225	103.0000480666891
188.11770000006072	103.0000480666891
188.7005529999733	103.0000480666891
189.2833770000143	103.0000480666891
189.86610099999234	103.0000480666891
190.44799100002274	103.0000480666891
191.03300100006163	103.0000480666891
191.61588900000788	33.0
192.333003000007	33.0
194.0876060000155	33.0
195.9041140000336	55.99997760000896
196.11452300008386	55.99997760000896
197.1858830000274	55.99997760000896
198.2622160000028	55.99997760000896
199.334307000041	55.99997760000896
200.39885800005868	55.99997760000896
201.46961100003682	55.99997760000896
202.54094199999236	55.99997760000896
203.61315900005866	55.99997760000896
204.68406200001482	55.99997760000896
205.75530399999116	55.99997760000896
206.82683799997903	55.99997760000896
207.8982229999965	55.99997760000896
208.96943399996962	55.99997760000896
210.04269899998326	55.99997760000896
211.11252399999648	55.99997760000896
212.18391899997368	55.99997760000896
213.2554780000355	55.99997760000896
214.32689700007904	55.99997760000896
215.3978590000188	55.99997760000896
216.46956300002057	55.99997760000896
217.54104000004008	55.99997760000896
218.6130810000468	55.99997760000896
219.68397400004324	55.99997760000896
220.75541900005192	55.99997760000896
221.82674799999222	55.99997760000896
222.89899999997579	55.99997760000896
223.9696010000771	55.99997760000896
225.04121000005398	55.99997760000896
226.1126360000344	55.99997760000896
227.18467099999543	55.99997760000896
228.25504399999045	55.99997760000896
229.3265150000807	55.99997760000896
230.3981700000586	55.99997760000896
231.46926699997857	55.99997760000896
232.54082200000994	55.99997760000896
233.6121760000242	55.99997760000896
234.68397400004324	55.99997760000896
235.7553440000629	55.99997760000896
236.82722400000785	55.99997760000896
237.8978379999753	55.99997760000896


8.228129000053741	120.0
8.70668800000567	120.0
9.00180900003761	120.0
9.501217000070028	120.0
10.001579000032507	120.0
10.5007190000033	120.0
11.000691000022925	120.0
11.50066500005778	120.0
12.001719000050798	120.0
12.502324000000954	120.0
13.0009190000128	120.0
13.502432000008412	120.0
14.000760000082664	120.0
14.50055900006555	120.0
15.002406000043266	120.0
15.502136999974027	120.0
16.000421000062488	120.0
16.502044999971986	120.0
17.00236300006509	120.0
17.500691000022925	120.0
18.00218599999789	120.0
18.501127999974415	120.0
19.00118400005158	120.0
19.500493000028655	120.0
20.001083999988623	120.0
20.5006070000818	120.0
21.000529000069946	120.0
21.500553000019863	120.0
22.00262400007341	120.0
22.5006000000285	120.0
23.001108000054955	120.0
23.501019000075758	120.0
24.00073600001633	120.0
24.502903999993578	120.0
25.00081300002057	120.0
25.50121100002434	120.0
26.00246500002686	120.0
26.501160999992862	120.0
27.0007040000055	120.0
27.500811000005342	120.0
28.000762999989092	120.0
28.501275000046007	120.0
29.000739000039175	60.99997255001235
29.40486700006295	60.99997255001235
30.388214000035077	60.99997255001235
31.372218000004068	172.00010320006191
31.53037499997299	172.00010320006191
31.879402999999	172.00010320006191
32.22860000003129	172.00010320006191
32.577076000045054	172.00010320006191
32.92592599999625	172.00010320006191
33.27485699998215	172.00010320006191
33.624789000023156	172.00010320006191
33.97283900005277	172.00010320006191
34.32266200007871	54.00000540000054
34.76505599997472	54.00000540000054
35.8763269999763	54.00000540000054
36.987844999996014	66.0
37.835894000018016	66.0
38.74863200006075	66.0
39.65378699998837	66.0
40.563104000058956	66.0
41.472323000081815	96.99995311668933
41.811466000042856	96.99995311668933
42.430657000048086	96.99995311668933
43.049520000000484	96.99995311668933
43.667058999999426	132.9999468000213
43.86045100004412	132.9999468000213
44.31122699996922	132.9999468000213
44.76332600007299	132.9999468000213
45.21385699999519	132.9999468000213
45.66494500008412	132.9999468000213
46.11608700000215	132.9999468000213
46.56720499997027	132.9999468000213
47.019579000072554	31.0
47.8968660000246	31.0
49.83237000007648	34.99999416666764
51.41024300002027	34.99999416666764
53.124952999991365	34.99999416666764
54.83924800006207	85.00004250002125
55.320575000019744	85.00004250002125
56.02553300000727	85.00004250002125
56.73099800001364	85.00004250002125
57.437066000071354	85.00004250002125
58.14283700007945	85.00004250002125
58.848836000077426	85.00004250002125
59.554619000060484	192.0
59.73412600008305	192.0
60.046002999995835	192.0
60.360152999986894	192.0
60.67154600005597	192.0
60.98401000001468	192.0
61.29636999999639	185.99979540022505
61.31424600002356	185.99979540022505
61.63559700001497	185.99979540022505
61.95819999999367	185.99979540022505
62.281123999971896	185.99979540022505
62.60558800003491	185.99979540022505
62.926327000022866	185.99979540022505
63.248799000051804	185.99979540022505
63.57182599999942	185.99979540022505
63.893829000066034	185.99979540022505
64.21629300003406	185.99979540022505
64.54011699999683	38.000008866668736
65.59333300008439	38.000008866668736
67.17210199998226	183.0
67.23757800005842	183.0
67.56557500001509	183.0
67.89290900004562	183.0
68.2213960000081	183.0
68.54894700006116	183.0
68.87635200005025	183.0
69.20378300000448	183.0
69.53257500007749	183.0
69.86144800006878	183.0
70.18790600006469	183.0
70.5162620000774	50.99998215000625
70.7310610000277	50.99998215000625
71.90747099998407	50.99998215000625
73.08407400001306	143.99988480009216
73.49396900006104	143.99988480009216
73.912461000029	143.99988480009216
74.32754199998453	143.99988480009216
74.74504299997352	143.99988480009216
75.16138900001533	143.99988480009216
75.57782200002111	143.99988480009216
75.99413800006732	143.99988480009216
76.41082400002051	143.99988480009216
76.82742900005542	35.0
78.05830999999307	35.0
79.77250700001605	42.99999498333392
80.91870400006883	42.99999498333392
82.3145230000373	42.99999498333392
83.71026500000153	213.00010650005325
83.82093100005295	213.00010650005325
84.10241599997971	213.00010650005325
84.38361899997108	213.00010650005325
84.66523699997924	137.00006393336318
84.79231499996968	137.00006393336318
85.23058099998161	137.00006393336318
85.66924199997447	137.00006393336318
86.10880100005306	137.00006393336318
86.54421500000171	137.00006393336318
86.98256500007119	137.00006393336318
87.42118499998469	137.00006393336318
87.85788700007834	137.00006393336318
88.2962080000434	137.00006393336318
88.73384900006931	69.00001725000432
89.01832000003196	69.00001725000432
89.88679300004151	69.00001725000432
90.75643200008199	196.9996946504733
90.85697900003288	196.9996946504733
91.16239599999972	196.9996946504733
91.46626400004607	196.9996946504733
91.77144200005569	196.9996946504733
92.07540600001812	196.9996946504733
92.37972000008449	196.9996946504733
92.68458800006192	196.9996946504733
92.99057300004642	196.9996946504733
93.29358900000807	196.9996946504733
93.59913500002585	196.9996946504733
93.90260200004559	196.9996946504733
94.20712300005835	196.9996946504733
94.51323899999261	72.00002880001152
94.6243549999781	72.00002880001152
95.4573860000819	72.00002880001152
96.29266000003554	72.00002880001152
97.12430799996946	60.0
97.2597610000521	60.0
98.25927799998317	60.0
99.25963099999353	60.0
100.25941900000907	60.0
101.25922900007572	91.99998773333498
101.63091700000223	91.99998773333498
102.28168500005268	91.99998773333498
102.93403000000399	138.9998957500782
103.20094999996945	138.9998957500782
103.63235500000883	138.9998957500782
104.06435200001579	138.9998957500782
104.49590700003318	138.9998957500782
104.9280499999877	138.9998957500782
105.35952499997802	138.9998957500782
105.79056200000923	138.9998957500782
106.2229079999961	138.9998957500782
106.65430699998979	138.9998957500782
107.08701500005554	21.0
108.22435100004077	21.0
111.08130600000732	42.99999498333392
111.4066950000124	42.99999498333392
112.8024630000582	42.99999498333392
114.1979440000141	46.99999060000188
115.36872999998741	116.00008506672904
115.85720600001514	116.00008506672904
116.37410900008399	116.00008506672904
116.89146700000856	116.00008506672904
117.40959000005387	116.00008506672904
117.92637700005434	116.00008506672904
118.44405000004917	116.00008506672904
118.96062400005758	116.00008506672904
119.47743199998513	116.00008506672904
119.99651700002141	201.0003115504829
120.20028200000525	201.0003115504829
120.49820500006899	201.0003115504829
120.79644299997017	201.0003115504829
121.09531300002709	201.0003115504829
121.39381699997466	201.0003115504829
121.69169600005262	182.000182000182
121.7523420000216	182.000182000182
122.08114500006195	182.000182000182
122.41141399997286	182.000182000182
122.74094400007743	182.000182000182
123.07131000002846	182.000182000182
123.40020600007847	182.000182000182
123.72961200005375	182.000182000182
124.05959100008477	182.000182000182
124.38971000001766	182.000182000182
124.71917599998415	138.9998957500782
124.75225999997929	138.9998957500782
125.18352199997753	138.9998957500782
125.61501900001895	138.9998957500782
126.04689800005872	138.9998957500782
126.47934700001497	138.9998957500782
126.91008300008252	138.9998957500782
127.34284900000785	190.0
127.58331500005443	190.0
127.89903199998662	190.0
128.21523500001058	190.0
128.53116600005887	190.0
128.8473089999752	190.0
129.1625050000148	190.0
129.4779700000072	190.0
129.79549799999222	190.0
130.1103900000453	190.0
130.42623099999037	190.0
130.74144800007343	190.0
131.057593000005	190.0
131.37478700000793	190.0
131.68917300004978	190.0
132.00470100005623	50.99998215000625
133.1384979999857	50.99998215000625
134.31486000004224	198.000198000198
134.41718099999707	198.000198000198
134.72026600001846	198.000198000198
135.02306100004353	198.000198000198
135.3262640000321	198.000198000198
135.6292760000797	198.000198000198
135.9326740000397	198.000198000198
136.23560999997426	198.000198000198
136.53865600004792	198.000198000198
136.84150700003374	198.000198000198
137.1453100000508	52.0
137.25144600006752	52.0
138.40518500003964	52.0
139.56041999999434	52.0
140.72870900004636	216.99976130026258
140.91846100008115	216.99976130026258
141.19536100002006	216.99976130026258
141.47360300004948	216.99976130026258
141.74844700004905	216.99976130026258
142.02444900001865	216.99976130026258
142.30144700000528	216.99976130026258
142.57732599996962	216.99976130026258
142.8536229999736	216.99976130026258
143.13042900001165	216.99976130026258
143.4066270000767	216.99976130026258
143.68331600003876	216.99976130026258
143.9600110000465	151.99993920002433
144.26992099999916	151.99993920002433
144.66326699999627	151.99993920002433
145.0581109999912	202.99965828390856
145.28485599998385	202.99965828390856
145.58030700008385	202.99965828390856
145.87626300007105	202.99965828390856
146.1718530000653	202.99965828390856
146.4668600000441	202.99965828390856
146.76258700003382	202.99965828390856
147.05908600008115	202.99965828390856
147.35446599998977	202.99965828390856
147.64952400000766	202.99965828390856
147.94508099998347	202.99965828390856
148.24086500005797	202.99965828390856
148.53689300001133	202.99965828390856
148.8317040000111	202.99965828390856
149.1273040000815	202.99965828390856
149.42255200003274	202.99965828390856
149.71855500002857	202.99965828390856
150.013741999981	45.99999386666749
151.13902900007088	206.0000961333782
151.20882100006565	206.0000961333782
151.50107100000605	206.0000961333782
151.79068099998403	206.0000961333782
152.08263499999885	206.0000961333782
152.37606999999844	206.0000961333782
152.6644840000663	206.0000961333782
152.956341000041	206.0000961333782
153.24695599998813	206.0000961333782
153.53865700005554	206.0000961333782
153.8300070000114	206.0000961333782
154.12210799998138	206.0000961333782
154.41321999998763	206.0000961333782
154.70311600004788	206.0000961333782
154.99480900005437	53.000022083342536
155.3985190000385	53.000022083342536
156.53072500007693	53.000022083342536
157.6747070000274	135.0
157.87771700008307	135.0
158.32276200002525	135.0
158.76622300001327	135.0
159.21051600005012	135.0
159.65538100001868	135.0
160.0998949999921	135.0
160.5437320000492	135.0
160.98950899997726	135.0
161.43332900002133	180.00018000018
161.7296300000744	180.00018000018
162.0635379999876	180.00018000018
162.3960209999932	180.00018000018
162.7298690000316	180.00018000018
163.06284500006586	180.00018000018
163.39620000007562	163.9998469334762
163.40685400005896	163.9998469334762
163.77254200004973	163.9998469334762
164.13795100001153	163.9998469334762
164.50537999998778	163.9998469334762
164.86964599997737	163.9998469334762
165.2358940000413	163.9998469334762
165.60138800006825	163.9998469334762
165.96720299997833	163.9998469334762
166.3329270000104	163.9998469334762
166.70102100004442	163.9998469334762
167.0653600000078	163.9998469334762
167.43085700005759	30.0
168.05999600002542	30.0
170.05885600007605	86.00005160003096
170.25854200008325	86.00005160003096
170.958003000007	86.00005160003096
171.66286000004038	86.00005160003096
172.35152100003324	86.00005160003096
173.04953399999067	86.00005160003096
173.74701900000218	45.99999386666749
174.14078400004655	45.99999386666749
175.4449940000195	148.000148000148
175.74429399997462	148.000148000148
176.1496670000488	148.000148000148
176.5552730000345	148.000148000148
176.96040800004266	148.000148000148
177.3661870000651	148.000148000148
177.77320900000632	148.000148000148
178.17674200003967	148.000148000148
178.58197599998675	148.000148000148
178.9875110000139	148.000148000148
179.39292600005865	67.99999546666697
179.5082190000685	67.99999546666697
180.39142800006084	67.99999546666697
181.27382000000216	67.99999546666697
182.1553899999708	148.9998385835082
182.49504200008232	148.9998385835082
182.89768200006802	148.9998385835082
183.30014299997129	148.9998385835082
183.70367199997418	148.9998385835082
184.10558299999684	148.9998385835082
184.5084430000279	148.9998385835082
184.91290300001856	148.9998385835082
185.31366900005378	78.9999657666815
185.331016000011	78.9999657666815
186.08899600000586	78.9999657666815
186.84848200005945	78.9999657666815
187.60810499999207	103.0
188.11771000002045	103.0
188.70015799999237	103.0
189.2827830000315	103.0
189.86671700002626	103.0
190.44776800007094	103.0
191.03025100007653	103.0
191.61368700000457	32.99999670000033
192.32366500003263	32.99999670000033
194.08926799998153	32.99999670000033
195.9038939999882	55.99997760000896
196.11486600001808	55.99997760000896
197.18531600001734	55.99997760000896
198.25588800001424	55.99997760000896
199.32716600003187	55.99997760000896
200.39854500000365	55.99997760000896
201.4699940000428	55.99997760000896
202.54205300007015	55.99997760000896
203.6124289999716	55.99997760000896
204.68441099999472	55.99997760000896
205.75546700006817	55.99997760000896
206.82735799998045	55.99997760000896
207.8982229999965	55.99997760000896
208.9694610000588	55.99997760000896
210.04065900004935	55.99997760000896
211.11342000006698	55.99997760000896
212.18403400003444	55.99997760000896
213.25592400005553	55.99997760000896
214.32775200007018	55.99997760000896
215.39834499999415	55.99997760000896
216.469921000069	55.99997760000896
217.54119800007902	55.99997760000896
218.61334200005513	55.99997760000896
219.6840980000561	55.99997760000896
220.75580000004265	55.99997760000896
221.82690400001593	55.99997760000896
222.899430999998	55.99997760000896
223.97059899999294	55.99997760000896
225.04142899997532	55.99997760000896
226.112887000083	55.99997760000896
227.1850170000689	55.99997760000896
228.2555890000658	55.99997760000896
229.32696600002237	55.99997760000896
230.39830800006166	55.99997760000896
231.46951099997386	55.99997760000896
232.54173399996944	55.99997760000896
233.61262300005183	55.99997760000896
234.6844370000763	55.99997760000896
235.75556099996902	55.99997760000896
236.8279699999839	55.99997760000896
237.89949500001967	55.99997760000896