0.0072619999991729856	120.0
0.502102000056766	120.0
1.0031179999932647	120.0
1.5036410000175238	120.0
2.0002129999920726	120.0
2.500252000056207	120.0
3.0003169999690726	120.0
3.5015109999803826	120.0
4.000189000042155	120.0
4.500561999971978	120.0
5.000455999979749	120.0
5.500562999979593	120.0
6.000194000080228	120.0
6.500415000016801	120.0
7.0006869999924675	120.0
7.500547999981791	120.0
8.001637000008486	120.0
8.501451999996789	120.0
9.001059000031091	120.0
9.500778999994509	120.0
10.000421000062488	120.0
10.500253000063822	120.0
11.001202000072226	120.0
11.501114999991842	120.0
12.00206500000786	120.0
12.500309000024572	120.0
13.000280000036582	120.0
13.500262000015937	120.0
14.000295000034384	120.0
14.500479000038467	120.0
15.000438999966718	120.0
15.502577000064775	120.0
16.0014300000621	120.0
16.50257100001909	120.0
17.00106500007678	120.0
17.500760999973863	120.0
18.002821000060067	120.0
18.5009110000683	120.0
19.000787000055425	120.0
19.50095700006932	120.0
20.000364999985322	120.0
20.500775000080466	120.0
21.002688999986276	120.0
21.502458999981172	120.0
22.000454000080936	120.0
22.500252000056207	120.0
23.001492000068538	120.0
23.500564999994822	120.0
24.002548000076786	120.0
24.502054000040516	120.0
25.000224000075832	120.0
25.502891000011005	120.0
26.00068499997724	120.0
26.50314799998887	120.0
27.00035400001798	120.0
27.50208200002089	120.0
28.001037999987602	78.9999657666815
28.06117100000847	78.9999657666815
28.82085600006394	78.9999657666815
29.58036100002937	78.9999657666815
30.340183000080287	136.0
30.57422199996654	136.0
31.015574000077322	136.0
31.457369000068866	136.0
31.899763999972492	136.0
32.33954299998004	136.0
32.78033600002527	136.0
33.221875000046566	136.0
33.66314399999101	136.0
34.10430000000633	80.0
34.249395000049844	80.0
35.00057100004051	80.0
35.74940900004003	80.0
36.49974900006782	106.99993580003851
36.915924999979325	106.99993580003851
37.47803900006693	106.99993580003851
38.03741600003559	106.99993580003851
38.59831300005317	106.99993580003851
39.16117800003849	106.99993580003851
39.720314000034705	106.99993580003851
40.28060000005644	28.0
41.49276499997359	28.0
43.63568299997132	32.0
45.40669400000479	32.0
47.17171300004702	55.00000458333371
47.74133900005836	55.00000458333371
48.83199500001501	46.99999060000188
48.98515700001735	46.99999060000188
50.261751000070944	46.99999060000188
51.53823100007139	46.99999060000188
52.81495000002906	78.9999657666815
53.23907600005623	78.9999657666815
53.99848900001962	194.00021986691584
54.27053600002546	194.00021986691584
54.579964000033215	194.00021986691584
54.889299000031315	194.00021986691584
55.20028900005855	194.00021986691584
55.50847700005397	194.00021986691584
55.81820800004061	194.00021986691584
56.12668099999428	194.00021986691584
56.436818000045605	194.00021986691584
56.74532600003295	194.00021986691584
57.05423300003167	194.00021986691584
57.36408099997789	194.00021986691584
57.673043000046164	194.00021986691584
57.98187800007872	120.0
58.01017999998294	120.0
58.50952000007965	120.0
59.009766999981366	120.0
59.50945300003514	120.0
60.00940800004173	106.0
60.03076900006272	106.0
60.59527400007937	106.0
61.16122100001667	106.0
61.72861200000625	106.0
62.29312599997502	106.0
62.861716000013985	106.0
63.426307999994606	106.0
63.991451999987476	106.99993580003851
64.55228000006173	106.99993580003851
65.11229399999138	106.99993580003851
65.67240599996876	106.99993580003851
66.23338800005149	25.0
67.43226500006858	25.0
69.83240499999374	25.0
72.23193500004709	196.0002874670883
72.3370120000327	196.0002874670883
72.64186600001995	196.0002874670883
72.94926200003829	196.0002874670883
73.25447599997278	196.0002874670883
73.56225700001232	196.0002874670883
73.86652500007767	196.0002874670883
74.17316800006665	196.0002874670883
74.48056399996858	196.0002874670883
74.7856380000012	196.0002874670883
75.0905920000514	196.0002874670883
75.39776800002437	196.0002874670883
75.70318900002167	196.0002874670883
76.01079800003208	125.0
76.08658400003333	125.0
76.567807000014	125.0
77.0464009999996	125.0
77.52760400006082	125.0
78.00649499997962	162.000162000162
78.347945000045	162.000162000162
78.71770699997433	162.000162000162
79.08820700005163	162.000162000162
79.45752499997616	162.000162000162
79.82793799997307	162.000162000162
80.1983880000189	162.000162000162
80.56883300002664	162.000162000162
80.93948399997316	162.000162000162
81.30909300001804	162.000162000162
81.67955600004643	162.000162000162
82.05045900004916	143.000143000143
82.07274099998176	143.000143000143
82.49331699998584	143.000143000143
82.91276300000027	143.000143000143
83.33175400004257	143.000143000143
83.75253699999303	143.000143000143
84.1720010000281	21.99999780000022
85.75686700001825	21.99999780000022
88.4842630000785	21.99999780000022
91.2113009999739	43.0
91.95880400005262	43.0
93.35262800008059	43.0
94.74958599999081	122.0000691333725
95.17849600000773	122.0000691333725
95.67175300000235	122.0000691333725
96.16171899996698	140.99997180000565
96.55117800005246	140.99997180000565
96.97625399997924	140.99997180000565
97.40225899999496	140.99997180000565
97.82806700002402	140.99997180000565
98.25300000002608	140.99997180000565
98.67862500005867	140.99997180000565
99.10407700005453	140.99997180000565
99.5301970000146	140.99997180000565
99.9557190000778	208.0
100.23084299999755	208.0
100.51923299999908	208.0
100.80547800008208	208.0
101.09401700005401	208.0
101.38233699998818	208.0
101.67072399996687	208.0
101.95966100005899	208.0
102.2476729999762	132.000132000132
102.4097920000786	132.000132000132
102.86507800000254	132.000132000132
103.31897700007539	132.000132000132
103.77316400001291	132.000132000132
104.22788700007368	132.000132000132
104.6824440000346	132.000132000132
105.13693600008264	132.000132000132
105.59117300005164	132.000132000132
106.04711500008125	132.000132000132
106.5020380000351	100.0
106.67973400000483	100.0
107.27829899999779	100.0
107.87860100006219	100.0
108.47955100005493	108.99994368336243
108.98538800003007	108.99994368336243
109.53682400006801	108.99994368336243
110.08588999998756	108.99994368336243
110.63739899999928	108.99994368336243
111.18875199998729	108.99994368336243
111.73734400002286	108.99994368336243
112.2879579999717	176.00004693334586
112.50996799999848	176.00004693334586
112.85078700003214	176.00004693334586
113.19274700002279	176.00004693334586
113.53286600008141	176.00004693334586
113.874184000073	176.00004693334586
114.2150810000021	33.99999773333349
115.28660800005309	33.99999773333349
117.05173800000921	33.99999773333349
118.81683000002522	196.0002874670883
119.02112900000066	196.0002874670883
119.32777199998964	196.0002874670883
119.63436500006355	196.0002874670883
119.93971700000111	127.0
119.95564599998761	127.0
120.42827000003308	127.0
120.90116900007706	127.0
121.37331900000572	127.0
121.84649000002537	127.0
122.31758699996863	127.0
122.79006400005892	127.0
123.2629489999963	127.0
123.73551700008102	127.0
124.20800099999178	210.00021000021
124.3979400000535	210.00021000021
124.68342200003099	210.00021000021
124.9691129999701	210.00021000021
125.25576500000898	210.00021000021
125.54263000003994	210.00021000021
125.82751500001177	210.00021000021
126.11207699996885	128.0
126.18896300008055	128.0
126.65838699997403	128.0
127.12641200004146	128.0
127.5953430000227	128.0
128.06436499999836	128.0
128.5330950000789	128.0
129.0026599999983	128.0
129.47013000003062	128.0
129.93872700002976	40.0
129.97829900006764	40.0
131.47775299998466	40.0
132.97675699996762	98.99993565004183
133.00102600001264	98.99993565004183
133.6061270000646	98.99993565004183
134.21121300000232	98.99993565004183
134.8188810000429	98.99993565004183
135.42314400000032	98.99993565004183
136.0291219999781	201.0003115504829
136.30796000000555	201.0003115504829
136.60652300005313	201.0003115504829
136.9055459999945	201.0003115504829
137.2042300000321	201.0003115504829
137.50193100003526	201.0003115504829
137.80202499998268	201.0003115504829
138.09915600006934	96.99995311668933
138.26915800001007	96.99995311668933
138.88653100002557	96.99995311668933
139.5051890000468	96.99995311668933
140.123917000019	96.99995311668933
140.742780999979	96.99995311668933
141.36207799997646	96.99995311668933
141.98002899996936	96.99995311668933
142.59926200006157	122.0000691333725
142.955912000034	122.0000691333725
143.447981000063	122.0000691333725
143.93929100001696	122.0000691333725
144.431956000044	145.00003625000906
144.76769600005355	145.00003625000906
145.1825100000715	145.00003625000906
145.5958559999708	145.00003625000906
146.00969900004566	145.00003625000906
146.42275300004985	145.00003625000906
146.83805899997242	145.00003625000906
147.25148099998478	145.00003625000906
147.66423100000247	145.00003625000906
148.07807499996852	82.99995020002989
148.17275200004224	82.99995020002989
148.89577100006863	82.99995020002989
149.62062800000422	82.99995020002989
150.3414529999718	173.0
150.47122299997136	173.0
150.81862699997146	173.0
151.16497200005688	173.0
151.5116009999765	173.0
151.85872100002598	173.0
152.20643200003542	173.0
152.5521670000162	173.0
152.89965100004338	173.0
153.2458270000061	173.0
153.5926370000234	173.0
153.9397899999749	173.0
154.28745900001377	178.99974940035085
154.6117530000629	178.99974940035085
154.94695400004275	178.99974940035085
155.28100399998948	178.99974940035085
155.61609200004023	178.99974940035085
155.9519619999919	178.99974940035085
156.28631600004155	21.99999780000022
158.85415899998043	21.99999780000022
161.58237399999052	31.0
163.03885000001173	168.99980283356336
163.19868699996732	168.99980283356336
163.55226200004108	168.99980283356336
163.90709100000095	168.99980283356336
164.26379800005816	168.99980283356336
164.62172200006898	168.99980283356336
164.97263099998236	168.99980283356336
165.32731000008062	168.99980283356336
165.6826979999896	168.99980283356336
166.0412939999951	168.99980283356336
166.3930040000705	25.0
168.69315700000152	156.000156000156
168.8291029999964	156.000156000156
169.212806000025	156.000156000156
169.59908100008033	156.000156000156
169.9868270000443	156.000156000156
170.3671350000659	156.000156000156
170.75256100005936	156.000156000156
171.13638799998444	156.000156000156
171.52277300006244	156.000156000156
171.905005000066	156.000156000156
172.291642999975	180.99984313346928
172.57405300007667	180.99984313346928
172.90509899996687	180.99984313346928
173.23661100002937	180.99984313346928
173.56984300003387	180.99984313346928
173.90453900001012	180.99984313346928
174.48151000007056	180.99984313346928
174.58774400001857	180.99984313346928
174.90096700005233	26.000003466667128
176.26954700006172	26.000003466667128
178.57766700000502	142.0000710000355
178.72391200007405	142.0000710000355
179.14665500004776	142.0000710000355
179.5693629999878	142.0000710000355
179.99151900003199	142.0000710000355
180.41523899999447	171.0
180.72893099999055	171.0
181.07797099999152	171.0
181.43104900000617	171.0
181.78200400003698	171.0
182.13131900003646	171.0
182.48157699999865	171.0
182.83258300006855	171.0
183.18299700005446	171.0
183.53440300002694	171.0
183.88589100004174	171.0
184.23647800006438	171.0
184.59079300006852	45.99999386666749
185.51358899998013	45.99999386666749
186.81760800001211	130.00013000013
186.92355499998666	130.00013000013
187.38477900007274	130.00013000013
187.84616100008134	130.00013000013
188.30773800006136	130.00013000013
188.7703309999779	130.00013000013
189.23082100006286	130.00013000013
189.69219500001054	130.00013000013
190.15421200008132	130.00013000013
190.61624700005632	197.0
190.77631600003224	197.0
191.08076699997764	197.0
191.3852060000645	197.0
191.69136799999978	197.0
191.99540500005241	197.0
192.30100700003095	197.0
192.60431500000414	197.0
192.90813100000378	197.0
193.21300200000405	197.0
193.51901300007012	197.0
193.8220539999893	197.0
194.1264380000066	197.0
194.4309099999955	197.0
194.7356719999807	197.0
195.0402049999684	197.0
195.34486399998423	197.0
195.64948899997398	197.0
195.95384700002614	197.0
196.25845900003333	197.0
196.56354900007136	197.0
196.8675950000761	197.0
197.17214799998328	197.0
197.4767920000013	197.0
197.7815239999909	197.0
198.08718600007705	197.0
198.39029999997	197.0
198.6960380000528	197.0
198.99964000005275	197.0
199.30432800005656	197.0
199.60860799998045	197.0
199.91339800006244	197.0
200.21966000006068	197.0
200.52244600001723	197.0
200.82787899998948	197.0
201.13168099999893	197.0
201.43718400003854	197.0
201.7405339999823	197.0
202.04605100001208	197.0
202.3513180000009	197.0
202.65496499999426	197.0
202.96031800005585	197.0
203.26357399998233	197.0
203.56805700005498	197.0
203.87379600002896	197.0
204.1771149999695	197.0
204.4816920000594	197.0
204.78700500004925	197.0
205.0909260000335	197.0
205.39537400007248	197.0
205.70065500005148	197.0
206.00513000006322	197.0
206.3101360000437	197.0
206.61379400000442	197.0
206.92047000001185	197.0
207.22289199999068	197.0
207.52921599999536	197.0
207.83218999998644	197.0
208.1381570000667	197.0
208.44111500005238	197.0
208.74572700005956	197.0
209.05067500006407	197.0
209.35498200007714	197.0
209.65945300005842	197.0
209.96402499999385	197.0
210.26944599999115	197.0
210.57374000002164	197.0
210.8787050000392	197.0
211.18235000001732	197.0
211.4873760000337	197.0
211.79168700007722	197.0
212.0959210000001	197.0
212.40086699998938	197.0
212.70602699997835	197.0
213.0096050000284	197.0
213.31423700007144	197.0
213.6192339999834	197.0
213.92352599999867	197.0
214.22824199998286	197.0
214.53294599999208	197.0
214.83720299997367	197.0
215.14199100004043	197.0
215.4461509999819	197.0
215.75092999998014	197.0
216.05529799999204	197.0
216.3606879999861	197.0
216.66474999999627	197.0
216.9692320000613	197.0
217.27357399999164	197.0
217.57946000003722	197.0
217.8834280000301	197.0
218.1877300000051	197.0
218.49216600006912	197.0
218.79663400002755	197.0
219.10145299998112	197.0
219.40599600004498	197.0
219.71074400004	197.0
220.01607200002763	197.0
220.31961200002115	197.0
220.6248149999883	197.0
220.92975999996997	197.0
221.23294899996836	197.0
221.53757599997334	197.0
221.84265000000596	197.0
222.14674300001934	197.0
222.45178700005636	197.0
222.75667600007728	197.0
223.06061899999622	197.0
223.36549200001173	197.0
223.66964199999347	197.0
223.97484899999108	197.0
224.28056900005322	197.0
224.58406799996737	197.0
224.88799900002778	197.0
225.19285700004548	197.0
225.4984280000208	197.0
225.80198099999689	197.0
226.10750400007237	197.0
226.41285099997185	197.0
226.71565700008068	197.0
227.020191000076	197.0
227.3247660000343	197.0
227.62931500002742	197.0
227.93354500003625	197.0
228.23964799998794	197.0
228.54268299997784	197.0
228.84814000001643	197.0
229.1518990000477	197.0
229.45717599999625	197.0
229.76239000004716	197.0
230.067066000076	197.0
230.37028200004715	197.0
230.67538600007538	197.0
230.9794610000681	197.0
231.28466900007334	197.0
231.5894440000411	197.0
231.8934920000611	197.0
232.19906700006686	197.0
232.50231700006407	197.0
232.8080980000086	197.0
233.1116059999913	197.0
233.41665999998804	197.0
233.72036799998023	197.0
234.02592500008177	197.0
234.33004000002984	197.0
234.634710000013	197.0
234.96168800001033	197.0


1.9974850000580773	120.0
2.492463000002317	120.0
2.5005660000024363	120.0
3.000594999990426	120.0
3.5017879999941215	120.0
4.000448000035249	120.0
4.500320999999531	120.0
5.0007060000207275	120.0
5.500558000057936	120.0
6.000186000019312	120.0
6.50049200002104	120.0
7.000956000061706	120.0
7.500751000014134	120.0
8.002254000050016	120.0
8.501424000016414	120.0
9.001033000065945	120.0
9.500797000015154	120.0
10.001059000031091	120.0
10.50021700002253	120.0
11.001445000059903	120.0
11.501729000010528	120.0
12.002261999994516	120.0
12.500744000077248	120.0
13.000791999977082	120.0
13.500780000002123	120.0
14.000339000020176	120.0
14.500523000024259	120.0
15.000438999966718	120.0
15.503007000079378	120.0
16.001267999992706	120.0
16.502847000025213	120.0
17.00059800001327	120.0
17.500337000004947	120.0
18.0025649999734	120.0
18.500610999995843	120.0
19.000293000019155	120.0
19.500347000081092	120.0
20.00017800007481	120.0
20.501002000062726	120.0
21.00229199999012	120.0
21.502013000077568	120.0
22.000408000079915	120.0
22.50025599997025	120.0
23.001258000032976	120.0
23.50024000008125	120.0
24.00109999999404	120.0
24.501573999994434	120.0
25.000635000062175	120.0
25.502662000013515	120.0
26.000245000002906	120.0
26.502946999971755	120.0
27.00059800001327	120.0
27.502090000081807	120.0
28.001364000025205	78.9999657666815
28.06117100000847	78.9999657666815
28.82079300004989	78.9999657666815
29.580102000036277	78.9999657666815
30.340660999994725	136.0001450668214
30.574543000082485	136.0001450668214
31.01555000001099	136.0001450668214
31.457725999993272	136.0001450668214
31.89979499997571	136.0001450668214
32.33942400000524	136.0001450668214
32.78028299997095	136.0001450668214
33.22139199997764	136.0001450668214
33.63840599998366	136.0001450668214
34.07939600001555	80.0
34.22622299997602	80.0
34.97543900005985	80.0
35.7253100000089	80.0
36.475554000004195	107.0
36.89159800007474	107.0
37.45259200001601	107.0
38.013230000040494	107.0
38.57420699996874	107.0
39.13460300001316	107.0
39.69551400002092	107.0
40.25614199996926	28.000001866666793
41.46854400006123	28.000001866666793
43.61137900000904	32.0
45.27248799998779	32.0
47.14737200003583	55.0
47.717081999988295	55.0
48.8095570000587	46.99999060000188
48.96105000004172	46.99999060000188
50.23764900001697	46.99999060000188
51.51416200003587	46.99999060000188
52.790632000076585	78.9999657666815
53.21497299999464	78.9999657666815
53.97413500002585	78.9999657666815
54.733768000034615	194.00021986691584
54.8651780000655	194.00021986691584
55.174577999976464	194.00021986691584
55.483626000001095	194.00021986691584
55.79304300004151	194.00021986691584
56.10237900004722	194.00021986691584
56.41150400007609	194.00021986691584
56.720673999981955	194.00021986691584
57.02995500003453	194.00021986691584
57.339124000049196	194.00021986691584
57.64844899997115	194.00021986691584
57.95776300004218	194.00021986691584
58.26720700005535	120.0
58.48532099998556	120.0
58.985608999966644	120.0
59.48557600006461	120.0
59.98520600004122	105.99995053335641
60.004939000005834	105.99995053335641
60.57090699998662	105.99995053335641
61.13699999998789	105.99995053335641
61.703041000058874	105.99995053335641
62.26891500002239	105.99995053335641
62.293428000062704	105.99995053335641
62.861421999987215	105.99995053335641
63.42606500000693	105.99995053335641
63.99118999997154	106.99993580003851
64.55262500001118	106.99993580003851
65.11206499999389	106.99993580003851
65.67264800006524	106.99993580003851
66.23317600006703	25.0
67.4319339999929	25.0
69.83204400003888	25.0
72.23169400007464	196.0002874670883
72.33654000004753	196.0002874670883
72.64164899999741	196.0002874670883
72.94905200006906	196.0002874670883
73.25495099998079	196.0002874670883
73.5624620000599	196.0002874670883
73.8663650000235	196.0002874670883
74.17284600005951	196.0002874670883
74.48035399999935	196.0002874670883
74.78533900005277	196.0002874670883
75.09064700000454	196.0002874670883
75.39754400006495	196.0002874670883
75.7030060000252	196.0002874670883
76.01044199999887	125.0
76.08626100001857	125.0
76.56796400004532	125.0
77.04619100003038	125.0
77.52796500001568	125.0
78.00624400004745	162.000162000162
78.34818099997938	162.000162000162
78.71791800006758	162.000162000162
79.08843600004911	162.000162000162
79.45811400003731	162.000162000162
79.82819400005974	162.000162000162
80.19871600007173	162.000162000162
80.56835199997295	162.000162000162
80.93914999999106	162.000162000162
81.30981700005941	162.000162000162
81.68095200008247	162.000162000162
82.05099700007122	143.000143000143
82.07322400005069	143.000143000143
82.49286400002893	143.000143000143
82.91342900006566	143.000143000143
83.33200000005309	143.000143000143
83.75210500007961	143.000143000143
84.1716899999883	21.99999780000022
85.75709800003096	21.99999780000022
88.48456800007261	21.99999780000022
91.21102100005373	42.99999498333392
91.95853100006934	42.99999498333392
93.35289900004864	42.99999498333392
94.74987699999474	122.0000691333725
95.17805300001055	122.0000691333725
95.67143099999521	122.0000691333725
96.16196699999273	141.0
96.55096300004516	141.0
96.97646000003442	141.0
97.40250299999025	141.0
97.82824000006076	141.0
98.25311100005638	141.0
98.67879899998661	141.0
99.1040379999904	141.0
99.52980800007936	141.0
99.95545700006187	207.99966720053249
100.23057000001427	207.99966720053249
100.5200869999826	207.99966720053249
100.80570000002626	207.99966720053249
101.09418200002983	207.99966720053249
101.38257899996825	207.99966720053249
101.67096700007096	207.99966720053249
101.95939199998975	207.99966720053249
102.24795800005086	132.000132000132
102.41012700006831	132.000132000132
102.86442100000568	132.000132000132
103.31928900000639	132.000132000132
103.77344300004188	132.000132000132
104.22762500005774	132.000132000132
104.68270100001246	132.000132000132
105.13730100006796	132.000132000132
105.59146000002511	132.000132000132
106.04735000000801	100.0
106.07821800000966	100.0
106.68005600001197	100.0
107.2786410000408	100.0
107.87887500005309	100.0
108.47905399999581	108.99994368336243
108.98517400003038	108.99994368336243
109.53706500004046	108.99994368336243
110.08614999998827	108.99994368336243
110.63708500005305	108.99994368336243
111.18850200006273	108.99994368336243
111.73758000007365	108.99994368336243
112.28774499997962	176.00004693334586
112.51018800004385	176.00004693334586
112.85101099999156	176.00004693334586
113.19249899999704	176.00004693334586
113.53258800006006	176.00004693334586
113.8739690000657	176.00004693334586
114.21537099999841	33.99999773333349
115.28689500002656	33.99999773333349
117.0514850000618	33.99999773333349
118.8170580000151	196.0002874670883
119.02139600005466	196.0002874670883
119.32815000007395	196.0002874670883
119.63410100003239	196.0002874670883
119.93945900001563	126.99998518333506
119.95547500008252	126.99998518333506
120.42860099999234	126.99998518333506
120.90150799998082	126.99998518333506
121.37302200007252	126.99998518333506
121.84691700001713	126.99998518333506
122.31800600001588	126.99998518333506
122.79006400005892	126.99998518333506
123.26274200004991	126.99998518333506
123.71013400005177	126.99998518333506
124.18256900005508	210.00021000021
124.37226099998225	210.00021000021
124.65809899999294	210.00021000021
124.9441410000436	210.00021000021
125.22997500002384	210.00021000021
125.51518099999521	210.00021000021
125.8009890000103	210.00021000021
126.08672000002116	128.0
126.16400800005067	128.0
126.63275200000498	128.0
127.10120999999344	128.0
127.56983499997295	128.0
128.0386400000425	128.0
128.50729500001762	128.0
128.97663900000043	128.0
129.44485099997837	128.0
129.9134619999677	128.0
130.38275099999737	40.0
131.4515919999685	40.0
132.9516350000631	98.99993565004183
132.97403200005647	98.99993565004183
133.5806820000289	98.99993565004183
134.18713199999183	98.99993565004183
134.79210399999283	98.99993565004183
135.39803500007838	98.99993565004183
136.00448800006416	201.0
136.28254400007427	201.0
136.58128899999429	201.0
136.8802549999673	201.0
137.17855100007728	201.0
137.47815700003412	201.0
137.77542600000743	201.0
138.07454900001176	96.99995311668933
138.24287299998105	96.99995311668933
138.86130500002764	96.99995311668933
139.48194099997636	96.99995311668933
140.1004729999695	96.99995311668933
140.71697700000368	96.99995311668933
141.33572400000412	96.99995311668933
141.95408699999098	96.99995311668933
142.57284200005233	122.0000691333725
142.93060199997853	122.0000691333725
143.4226610000478	122.0000691333725
143.91472100000829	122.0000691333725
144.40590400004294	145.00003625000906
144.74283100001048	145.00003625000906
145.15728300006595	145.00003625000906
145.57026100007351	145.00003625000906
145.98381500004325	145.00003625000906
146.3977339999983	145.00003625000906
146.8117140000686	145.00003625000906
147.2261910000816	145.00003625000906
147.64064400002826	145.00003625000906
148.05447600001935	82.99995020002989
148.14748599997256	82.99995020002989
148.8706119999988	82.99995020002989
149.5932380000595	82.99995020002989
150.31731600000057	172.99990485005233
150.44693199999165	172.99990485005233
150.79321699996945	172.99990485005233
151.1396609999938	172.99990485005233
151.48835100000724	172.99990485005233
151.8338330000406	172.99990485005233
152.1819710000418	172.99990485005233
152.52838799997699	172.99990485005233
152.5524330000626	172.99990485005233
152.89907000004314	172.99990485005233
153.24615800008178	172.99990485005233
153.59245100000408	172.99990485005233
153.93944300001021	172.99990485005233
154.2872690000804	178.99974940035085
154.61156400002073	178.99974940035085
154.94660000002477	178.99974940035085
155.28073500003666	178.99974940035085
155.61659300001338	178.99974940035085
155.95140600006562	22.0
156.12602099997457	22.0
158.85397599998396	22.0
161.58212899998762	30.99999793333347
163.0393890000414	168.99980283356336
163.1987440000521	168.99980283356336
163.55226200004108	168.99980283356336
163.90708100004122	168.99980283356336
164.2636460000649	168.99980283356336
164.62270700000226	168.99980283356336
164.97326500003692	168.99980283356336
165.32747899997048	168.99980283356336
165.68291700002737	168.99980283356336
166.0404410000192	25.0
166.2929909999948	25.0
168.6929620000301	156.000156000156
168.82867900002748	156.000156000156
169.21309700002894	156.000156000156
169.59933600004297	156.000156000156
169.98237700003665	156.000156000156
170.36805100005586	156.000156000156
170.752608000068	156.000156000156
171.1358730000211	156.000156000156
171.5219770000549	156.000156000156
171.9049970000051	156.000156000156
172.29067600006238	180.99984313346928
172.57384299999103	180.99984313346928
172.90566200006288	180.99984313346928
173.23715900001116	180.99984313346928
173.56873000005726	180.99984313346928
173.93626099999528	180.99984313346928
174.24625399999786	180.99984313346928
174.56352800002787	180.99984313346928
174.89449600002263	26.000003466667128
176.27025599998888	26.000003466667128
178.57723200006876	142.0000710000355
178.72439200000372	142.0000710000355
179.14639600005466	142.0000710000355
179.5696960000787	142.0000710000355
179.9917350000469	142.0000710000355
180.41466600005515	171.00009405005173
180.7284450000152	171.00009405005173
181.0777760000201	171.00009405005173
181.4305180000374	171.00009405005173
181.78145200002473	171.00009405005173
182.13105199998245	171.00009405005173
182.48178300005384	171.00009405005173
182.83233700005803	171.00009405005173
183.1832080000313	171.00009405005173
183.53488400008064	171.00009405005173
183.88609799998812	171.00009405005173
184.21018699998967	171.00009405005173
184.5607069999678	45.99999386666749
185.48744100006297	45.99999386666749
186.79214200004935	130.0
186.89716000005137	130.0
187.3586770000402	130.0
187.82032900000922	130.0
188.28194999997504	130.0
188.74404200003482	130.0
189.20519400003832	130.0
189.66638800001238	130.0
190.1289060000563	130.0
190.59141700004693	196.9996946504733
190.75044099998195	196.9996946504733
191.0553470000159	196.9996946504733
191.35947999998461	196.9996946504733
191.66420700005256	196.9996946504733
191.96865799999796	196.9996946504733
192.273319000029	196.9996946504733
192.5800380000146	196.9996946504733
192.88226500002202	196.9996946504733
193.18702800001483	196.9996946504733
193.49197099998128	196.9996946504733
193.79706500004977	196.9996946504733
194.10112200002186	196.9996946504733
194.4064360000193	196.9996946504733
194.71168499998748	196.9996946504733
195.01443500001915	196.9996946504733
195.31904199998826	196.9996946504733
195.62357900000643	196.9996946504733
195.92845400003716	196.9996946504733
196.23267499997746	196.9996946504733
196.5372239999706	196.9996946504733
196.84212499996647	196.9996946504733
197.14637500001118	196.9996946504733
197.45098700001836	196.9996946504733
197.75656400003936	196.9996946504733
198.06009400007315	196.9996946504733
198.36496799997985	196.9996946504733
198.66931500006467	196.9996946504733
198.97441700007766	196.9996946504733
199.27974600007292	196.9996946504733
199.5828919999767	196.9996946504733
199.88736000005156	196.9996946504733
200.1920130000217	196.9996946504733
200.49662600003649	196.9996946504733
200.80134300002828	196.9996946504733
201.10725200001616	196.9996946504733
201.41189900005702	196.9996946504733
201.71539799997117	196.9996946504733
202.02121799997985	196.9996946504733
202.3245730000781	196.9996946504733
202.62910100002773	196.9996946504733
202.93362500006333	196.9996946504733
203.23912400007248	196.9996946504733
203.54225499997847	196.9996946504733
203.8482559999684	196.9996946504733
204.15161100006662	196.9996946504733
204.45604800002184	196.9996946504733
204.76074100006372	196.9996946504733
205.06516400002874	196.9996946504733
205.3719160000328	196.9996946504733
205.67440500005614	196.9996946504733
205.97901999996975	196.9996946504733
206.28341500007082	196.9996946504733
206.5899559999816	196.9996946504733
206.8925600000657	196.9996946504733
207.19713200000115	196.9996946504733
207.50159600004554	196.9996946504733
207.8072069999762	196.9996946504733
208.1109019999858	196.9996946504733
208.41608200001065	196.9996946504733
208.72012499999255	196.9996946504733
209.02525599999353	196.9996946504733
209.33109800005332	196.9996946504733
209.63391500001308	196.9996946504733
209.9382489999989	196.9996946504733
210.24317500006873	196.9996946504733
210.5486769999843	196.9996946504733
210.85238900000695	196.9996946504733
211.1564860000508	196.9996946504733
211.46102499996778	196.9996946504733
211.7654620000394	196.9996946504733
212.0720010000514	196.9996946504733
212.37580300006084	196.9996946504733
212.67937899997924	196.9996946504733
212.98459100001492	196.9996946504733
213.29009700007737	196.9996946504733
213.59348599996883	196.9996946504733
213.89808499999344	196.9996946504733
213.89951600006316	196.9996946504733
214.20364700001664	196.9996946504733
214.5087090000743	196.9996946504733
214.81266100006178	196.9996946504733
215.11721399996895	196.9996946504733
215.42179900000338	196.9996946504733
215.72699500003364	196.9996946504733
216.03262299997732	196.9996946504733
216.3354490000056	196.9996946504733
216.6400610000128	196.9996946504733
216.94565100001637	196.9996946504733
217.25016100006178	196.9996946504733
217.55465499998536	196.9996946504733
217.85837100003846	196.9996946504733
218.16365900007077	196.9996946504733
218.46889500005636	196.9996946504733
218.7725110000465	196.9996946504733
219.07792599999812	196.9996946504733
219.38141600007657	196.9996946504733
219.6867959999945	196.9996946504733
219.99253300006967	196.9996946504733
220.29589100007433	196.9996946504733
220.59954399999697	196.9996946504733
220.90432600001805	196.9996946504733
221.20863600005396	196.9996946504733
221.51333099999465	196.9996946504733
221.81857900007162	196.9996946504733
222.1227240000153	196.9996946504733
222.4269000000786	196.9996946504733
222.732122000074	196.9996946504733
223.03683700005058	196.9996946504733
223.34264200006146	196.9996946504733
223.64511300006416	196.9996946504733
223.9497660000343	196.9996946504733
224.25490200007334	196.9996946504733
224.5607430000091	196.9996946504733
224.86357599997427	196.9996946504733
225.16875599999912	196.9996946504733
225.47259100002702	196.9996946504733
225.77720700006466	196.9996946504733
226.081652999972	196.9996946504733
226.38624700007495	196.9996946504733
226.69196800002828	196.9996946504733
226.99617399997078	196.9996946504733
227.30038699996658	196.9996946504733
227.60470100003295	196.9996946504733
227.90976100007538	196.9996946504733
228.21365400007926	196.9996946504733
228.51878799998667	196.9996946504733
228.82370100007392	196.9996946504733
229.12869599997066	196.9996946504733
229.43218200001866	196.9996946504733
229.73647700005677	196.9996946504733
230.04165899998043	196.9996946504733
230.34602000005543	196.9996946504733
230.65020500007086	196.9996946504733
230.95545100001618	196.9996946504733
231.26127200003248	196.9996946504733
231.56488199997693	196.9996946504733
231.87057100003585	196.9996946504733
232.17380400002003	196.9996946504733
232.47869999997783	196.9996946504733
232.78216699999757	196.9996946504733
233.08787499996834	196.9996946504733
233.39135400007945	196.9996946504733
233.69724300003145	196.9996946504733
234.00054400006775	196.9996946504733
234.30509000003804	196.9996946504733
234.61067600001115	196.9996946504733
234.92177999997512	196.9996946504733


4.008655000012368	120.0
4.503700000001118	120.0
5.000455999979749	120.0
5.500785000040196	120.0
6.000358000048436	120.0
6.50068200007081	120.0
7.000981000019237	120.0
7.500848000054248	120.0
8.000921000028029	120.0
8.50168600003235	120.0
9.001252999994904	120.0
9.501037999987602	120.0
10.000212999992073	120.0
10.500576000078581	120.0
11.000906000030227	120.0
11.501477000070736	120.0
12.002307999995537	120.0
12.50054999999702	120.0
13.000570000032894	120.0
13.500441999989562	120.0
14.000506000011228	120.0
14.500887000001967	120.0
15.000618000049144	120.0
15.503012000001036	120.0
16.001260000048205	120.0
16.502915999968536	120.0
17.000587000045925	120.0
17.50028200005181	120.0
18.00283200002741	120.0
18.5003920000745	120.0
19.000637999968603	120.0
19.500377999967895	120.0
20.00016900000628	120.0
20.50078800006304	120.0
21.002591000054963	120.0
21.501981000066735	120.0
22.00117699999828	120.0
22.500582000007853	120.0
23.001668000011705	120.0
23.500230000005104	120.0
24.00169399997685	120.0
24.501877999980934	120.0
25.000224000075832	120.0
25.503226000000723	120.0
26.000935000018217	120.0
26.502915000077337	120.0
27.00086300005205	120.0
27.502550999983214	120.0
28.001301000011154	78.9999657666815
28.061576000065543	78.9999657666815
28.821317000081763	78.9999657666815
29.5805859999964	78.9999657666815
30.340183000080287	136.0001450668214
30.574160999967717	136.0001450668214
31.016052999999374	136.0001450668214
31.457354000071064	136.0001450668214
31.90014100004919	136.0001450668214
32.340130000025965	136.0001450668214
32.78061500005424	136.0001450668214
33.22162500000559	136.0001450668214
33.662880999967456	136.0001450668214
34.10432799998671	80.0
34.24943500000518	80.0
35.000551000004634	80.0
35.75038400001358	80.0
36.47412400005851	106.99993580003851
36.89032500004396	106.99993580003851
37.451157000032254	106.99993580003851
38.011968999984674	106.99993580003851
38.572572999983095	106.99993580003851
39.13372300006449	106.99993580003851
39.694745999993756	106.99993580003851
40.254881000029854	28.000001866666793
41.46754600002896	28.000001866666793
43.61000400001649	32.0
45.27127400005702	32.0
47.14655900001526	55.00000458333371
47.71563900006004	55.00000458333371
48.806636000052094	46.99999060000188
48.95962800004054	46.99999060000188
50.23640399996657	46.99999060000188
51.51307300000917	46.99999060000188
52.78954100003466	78.9999657666815
53.21357300004456	78.9999657666815
53.972873999970034	194.0
54.24524499999825	194.0
54.55551600002218	194.0
54.86396500002593	194.0
55.17305600002874	194.0
55.48247699998319	194.0
55.79150799999479	194.0
56.1009179999819	194.0
56.41062600002624	194.0
56.719450999982655	194.0
57.02874099998735	194.0
57.33797400002368	194.0
57.64734100003261	194.0
57.95643999997992	194.0
58.26587500004098	120.0
58.48440399998799	120.0
58.98395300004631	120.0
59.48413300001994	120.0
59.98398899997119	105.99995053335641
60.00349400006235	105.99995053335641
60.56951800000388	105.99995053335641
61.13552300003357	105.99995053335641
61.70176199998241	105.99995053335641
62.26783899997827	105.99995053335641
62.83378500002436	105.99995053335641
63.40014300006442	105.99995053335641
63.96611999999732	107.0
64.52597499999683	107.0
64.55229200003669	107.0
65.11205400002655	107.0
65.67242499999702	107.0
66.2332259999821	25.0
67.43196199997328	25.0
69.83246100007091	25.0
72.23168199998327	196.0002874670883
72.33654000004753	196.0002874670883
72.64168100000825	196.0002874670883
72.9491520000156	196.0002874670883
73.25446399999782	196.0002874670883
73.5622699999949	196.0002874670883
73.86604400002398	196.0002874670883
74.17300299997441	196.0002874670883
74.48039000004064	196.0002874670883
74.78510500001721	196.0002874670883
75.09087100008037	196.0002874670883
75.39751500007696	196.0002874670883
75.70296000002418	196.0002874670883
76.01051599998027	125.0
76.08628000004683	125.0
76.56814900005702	125.0
77.04619100003038	125.0
77.52842400001828	125.0
78.0062630000757	162.000162000162
78.34764599998016	162.000162000162
78.71749599999748	162.000162000162
79.08713400003035	162.000162000162
79.45832900004461	162.000162000162
79.82867299998179	162.000162000162
80.19815299997572	162.000162000162
80.56868200004101	162.000162000162
80.93897300004028	162.000162000162
81.30964800005313	162.000162000162
81.6804809999885	162.000162000162
82.0509740000125	143.000143000143
82.0729800000554	143.000143000143
82.4931730000535	143.000143000143
82.91285700001754	143.000143000143
83.33178800006863	143.000143000143
83.75240500003565	143.000143000143
84.17191400006413	22.0
85.7571529999841	22.0
88.48416800005361	21.99999780000022
91.21127900003921	42.99999498333392
91.95853100006934	42.99999498333392
93.35315800004173	42.99999498333392
94.75012700003572	122.0
95.1786500000162	122.0
95.67243200005032	122.0
96.16171899996698	140.99997180000565
96.55126099998597	140.99997180000565
96.9763479999965	140.99997180000565
97.40227299998514	140.99997180000565
97.8278360000113	140.99997180000565
98.25293800001964	140.99997180000565
98.67860600003041	140.99997180000565
99.10445099999197	140.99997180000565
99.53088199999183	140.99997180000565
99.9555190000683	207.99966720053249
100.23059300007299	207.99966720053249
100.519716000068	207.99966720053249
100.80548700003419	207.99966720053249
101.09425199998077	207.99966720053249
101.38236100005452	207.99966720053249
101.67074199998751	207.99966720053249
101.95939199998975	207.99966720053249
102.24770000006538	132.000132000132
102.40964800002985	132.000132000132
102.86571500007994	132.000132000132
103.31925599998794	132.000132000132
103.7731700000586	132.000132000132
104.22781399998348	132.000132000132
104.68286800000351	132.000132000132
105.13706600002479	132.000132000132
105.59143600007519	132.000132000132
106.04735000000801	100.0
106.07820200000424	100.0
106.68010300002061	100.0
107.27829899999779	100.0
107.8789800000377	100.0
108.47905399999581	108.99994368336243
108.98517400003038	108.99994368336243
109.53706500004046	108.99994368336243
110.08587700000498	108.99994368336243
110.63705300004221	108.99994368336243
111.18875199998729	108.99994368336243
111.7374730000738	108.99994368336243
112.28801400004886	176.00004693334586
112.51030199998058	176.00004693334586
112.8508210000582	176.00004693334586
113.19277199998032	176.00004693334586
113.53258800006006	176.00004693334586
113.87400800001342	176.00004693334586
114.21428100008052	34.0
115.2866020000074	34.0
117.05183500004932	34.0
118.81678900006227	196.0002874670883
119.02114199998323	196.0002874670883
119.32803400000557	196.0002874670883
119.6340949999867	196.0002874670883
119.93945900001563	126.99998518333506
119.95572299999185	126.99998518333506
120.42865800007712	126.99998518333506
120.90122800006066	126.99998518333506
121.37330700003076	126.99998518333506
121.84652100002859	126.99998518333506
122.31779500003904	126.99998518333506
122.79032600007486	126.99998518333506
123.2630450000288	126.99998518333506
123.73548000003211	126.99998518333506
124.20829600002617	210.0
124.39817900001071	210.0
124.68349700002	210.0
124.96912300004624	210.0
125.25583100004587	210.0
125.5176259999862	210.0
125.80342300003394	210.0
126.08925900002941	128.0
126.16592599998694	128.0
126.63476699998137	128.0
127.10354200005531	128.0
127.5722610000521	128.0
128.04117199999746	128.0
128.50974500004668	128.0
128.9786000000313	128.0
129.44721500005107	128.0
129.91594299999997	128.0
130.38474800006952	40.0
131.45408599998336	40.0
132.95403999998234	98.99993565004183
132.976176999975	98.99993565004183
133.58235300006345	98.99993565004183
134.18845100002363	98.99993565004183
134.79443900007755	98.99993565004183
135.40018900006544	98.99993565004183
136.00657700002193	98.99993565004183
136.61262600007467	201.0003115504829
136.88219899998512	201.0003115504829
137.180502000032	201.0003115504829
137.47905800002627	201.0003115504829
137.7777370000258	201.0003115504829
138.07622599997558	96.99995311668933
138.24514200002886	96.99995311668933
138.86403300007805	96.99995311668933
139.4823950000573	96.99995311668933
140.10115600004792	96.99995311668933
140.71970200003125	96.99995311668933
141.33833399997093	96.99995311668933
141.95680699998047	96.99995311668933
142.5751750000054	122.0000691333725
142.9330009999685	122.0000691333725
143.42468599998392	122.0000691333725
143.91643600002863	122.0000691333725
144.40847899997607	145.0
144.74498600000516	145.0
145.15858100005426	145.0
145.57284200005233	145.0
145.98626799997874	145.0
146.4002170000458	145.0
146.81373100006022	145.0
147.2275930000469	145.0
147.6415220000781	145.0
148.05537100008223	82.99995020002989
148.14977300004102	82.99995020002989
148.87306100002024	82.99995020002989
149.59582699998282	82.99995020002989
150.3186810000334	172.99990485005233
150.44820700003766	172.99990485005233
150.7952890000306	172.99990485005233
151.14593100000639	172.99990485005233
151.4890290000476	172.99990485005233
151.83562200004235	172.99990485005233
152.18243400007486	172.99990485005233
152.52925200003665	172.99990485005233
152.8759860000573	172.99990485005233
153.22304299997631	172.99990485005233
153.56975400005467	172.99990485005233
153.91662999999244	172.99990485005233
154.26345600001514	179.0
154.27476800000295	179.0
154.61127700004727	179.0
154.9463499999838	179.0
155.28040100005455	179.0
155.61634399998002	179.0
155.95091900008265	179.0
156.28608500002883	21.99999780000022
158.85375100001693	21.99999780000022
161.58241899998393	30.99999793333347
163.0388090000488	168.99980283356336
163.19899900001474	168.99980283356336
163.55250500002876	168.99980283356336
163.90724500000942	168.99980283356336
164.26274799997918	168.99980283356336
164.6222130000824	168.99980283356336
164.97260900004767	168.99980283356336
165.32731000008062	168.99980283356336
165.6831190000521	168.99980283356336
166.0377289999742	168.99980283356336
166.39338500006124	25.0
168.69310999999288	156.000156000156
168.82891200005542	156.000156000156
169.2130420000758	156.000156000156
169.59900899999775	156.000156000156
169.98304299998563	156.000156000156
170.36774100002367	156.000156000156
170.75281500001438	156.000156000156
171.1362290000543	156.000156000156
171.52237300004344	156.000156000156
171.90533199999481	156.000156000156
172.29097900004126	180.99984313346928
172.57404300000053	180.99984313346928
172.9053680000361	180.99984313346928
173.2365990000544	180.99984313346928
173.5692239999771	180.99984313346928
173.93084699998144	180.99984313346928
174.24044800002594	180.99984313346928
174.58215200004634	26.0
176.26975700003095	26.0
178.57747100002598	142.0000710000355
178.7241170000052	142.0000710000355
179.14612200006377	142.0000710000355
179.56891799997538	142.0000710000355
179.99114599998575	142.0000710000355
180.41552599996794	171.00009405005173
180.72912500007078	171.00009405005173
181.07831300003454	171.00009405005173
181.43121599999722	171.00009405005173
181.78052000002936	171.00009405005173
182.13080699997954	171.00009405005173
182.48203800001647	171.00009405005173
182.83281499997247	171.00009405005173
183.18346500000916	171.00009405005173
183.5346660000505	171.00009405005173
183.88563799997792	171.00009405005173
184.23615800007246	171.00009405005173
184.5905620000558	46.0
185.5138319999678	46.0
186.79312699998263	130.00013000013
186.8987859999761	130.00013000013
187.3601010000566	130.00013000013
187.82168000005186	130.00013000013
188.28303900000174	130.00013000013
188.74466800002847	130.00013000013
189.2062000000151	130.00013000013
189.6678490000777	130.00013000013
190.129477999988	130.00013000013
190.5920290000504	196.9996946504733
190.7517780000344	196.9996946504733
191.0563030000776	196.9996946504733
191.3608800000511	196.9996946504733
191.66537800000515	196.9996946504733
191.96996700007003	196.9996946504733
192.27462000004016	196.9996946504733
192.57981000002474	196.9996946504733
192.88372000004165	196.9996946504733
193.18850699998438	196.9996946504733
193.49287100008223	196.9996946504733
193.7974010000471	196.9996946504733
194.10348499997053	196.9996946504733
194.40667599998415	196.9996946504733
194.71163200004958	196.9996946504733
195.0156320000533	196.9996946504733
195.32019200001378	196.9996946504733
195.62489199999254	196.9996946504733
195.92947700002696	196.9996946504733
196.2340480000712	196.9996946504733
196.53869700001087	196.9996946504733
196.84323400002904	196.9996946504733
197.14766500005499	196.9996946504733
197.45228399999905	196.9996946504733
197.75681300007273	196.9996946504733
198.0614320000168	196.9996946504733
198.36594799999148	196.9996946504733
198.67052799998783	196.9996946504733
198.97507100005168	196.9996946504733
199.28006200003438	196.9996946504733
199.58434800000396	196.9996946504733
199.88875300006475	196.9996946504733
200.19341399997938	196.9996946504733
200.4980140000116	196.9996946504733
200.80254699999932	196.9996946504733
201.10704500006977	196.9996946504733
201.41193000006024	196.9996946504733
201.7162810000591	196.9996946504733
202.0212499999907	196.9996946504733
202.32547400007024	196.9996946504733
202.6299590000417	196.9996946504733
202.93454499996733	196.9996946504733
203.23916700005066	196.9996946504733
203.54372100008186	196.9996946504733
203.84822400007397	196.9996946504733
204.15282299998216	196.9996946504733
204.45731800002977	196.9996946504733
204.76187200006098	196.9996946504733
205.06648899998982	196.9996946504733
205.37197300000116	196.9996946504733
205.6756779999705	196.9996946504733
205.98016799998004	196.9996946504733
206.2848210000666	196.9996946504733
206.5901849999791	196.9996946504733
206.8940270000603	196.9996946504733
207.19839899998624	196.9996946504733
207.50301300000865	196.9996946504733
207.80757399997674	196.9996946504733
208.11221200006548	196.9996946504733
208.4168650000356	196.9996946504733
208.72129800007679	196.9996946504733
209.02597000007518	196.9996946504733
209.3313560000388	196.9996946504733
209.63507900002878	196.9996946504733
209.9396480000578	196.9996946504733
210.24416500004008	196.9996946504733
210.54866400000174	196.9996946504733
210.85330199997406	196.9996946504733
211.15793400001712	196.9996946504733
211.46241799998097	196.9996946504733
211.76693200005684	196.9996946504733
212.0720010000514	196.9996946504733
212.3761200000299	196.9996946504733
212.6808810000075	196.9996946504733
212.9853010000661	196.9996946504733
213.29043000005186	196.9996946504733
213.59445600002073	196.9996946504733
213.89910200005397	196.9996946504733
214.20353499997873	196.9996946504733
214.50846799998544	196.9996946504733
214.53263899998274	196.9996946504733
214.83714700001292	196.9996946504733
215.14182700007223	196.9996946504733
215.4461509999819	196.9996946504733
215.7509410000639	196.9996946504733
216.05529799999204	196.9996946504733
216.3606429999927	196.9996946504733
216.66478500002995	196.9996946504733
216.9689720000606	196.9996946504733
217.27381100005005	196.9996946504733
217.5791840000311	196.9996946504733
217.88318600005005	196.9996946504733
218.187425000011	196.9996946504733
218.49242200003937	196.9996946504733
218.79647200007457	196.9996946504733
219.10126000002492	196.9996946504733
219.40572899999097	196.9996946504733
219.711026999983	196.9996946504733
220.01618500007316	196.9996946504733
220.31932200002484	196.9996946504733
220.62482799997088	196.9996946504733
220.92975999996997	196.9996946504733
221.23296200006735	196.9996946504733
221.53776300000027	196.9996946504733
221.8429560000077	196.9996946504733
222.1470650000265	196.9996946504733
222.45150500000454	196.9996946504733
222.75677600002382	196.9996946504733
223.0604179999791	196.9996946504733
223.3652759999968	196.9996946504733
223.66988200007472	196.9996946504733
223.97516400006134	196.9996946504733
224.2802870000014	196.9996946504733
224.5842910000356	196.9996946504733
224.8878370000748	196.9996946504733
225.193103000056	196.9996946504733
225.49868499999866	196.9996946504733
225.80225299997255	196.9996946504733
226.10770200006664	196.9996946504733
226.41258300002664	196.9996946504733
226.7153110000072	196.9996946504733
227.0199319999665	196.9996946504733
227.325026000035	196.9996946504733
227.62904899998102	196.9996946504733
227.93378500000108	196.9996946504733
228.24013200006448	196.9996946504733
228.5429970000405	196.9996946504733
228.8479000000516	196.9996946504733
229.15215700003318	196.9996946504733
229.45742500002962	196.9996946504733
229.7620459999889	196.9996946504733
230.06679399998393	196.9996946504733
230.37052600004245	196.9996946504733
230.67511700000614	196.9996946504733
230.97918200003915	196.9996946504733
231.28443200001493	196.9996946504733
231.58965600002557	196.9996946504733
231.89315000001807	196.9996946504733
232.19880200002808	196.9996946504733
232.50201200006995	196.9996946504733
232.8079030000372	196.9996946504733
233.1113990000449	196.9996946504733
233.41631300002337	196.9996946504733
233.72070299996994	196.9996946504733
234.0255860000616	196.9996946504733
234.3297259999672	196.9996946504733
234.63446400000248	196.9996946504733
234.9435180000728	196.9996946504733


6.001820000004955	120.0
6.496672000037506	120.0
6.500722000026144	120.0
7.000671999994665	120.0
7.500539000029676	120.0
8.00161100004334	120.0
8.501768000074662	120.0
9.001424000016414	120.0
9.501006999984384	120.0
10.000247000018135	120.0
10.50047500000801	120.0
11.00089999998454	120.0
11.501124000060372	120.0
12.002498000045307	120.0
12.500599000020884	120.0
13.000208000070415	120.0
13.501096000079997	120.0
14.000684999977238	120.0
14.500698999967426	120.0
15.000215000007302	120.0
15.502830000012182	120.0
16.001007999991998	120.0
16.503114000079222	120.0
17.000841000000946	120.0
17.500558000057936	120.0
18.0025649999734	120.0
18.50069000001531	120.0
19.000307000009343	120.0
19.500700999982655	120.0
20.000341000035405	120.0
20.501198000041768	120.0
21.002500000060536	120.0
21.502260999986902	120.0
22.00086500006728	120.0
22.50045799999498	120.0
23.001604999997653	120.0
23.500410999986343	120.0
24.002025000052527	120.0
24.501798000070266	120.0
25.00045300007332	120.0
25.502648000023328	120.0
26.000677000032738	120.0
26.50265100004617	120.0
27.00035400001798	120.0
27.50239599996712	120.0
28.001050000078976	79.0
28.061481000040658	79.0
28.82109500002116	79.0
29.580352999968454	79.0
30.340438000042923	136.0001450668214
30.57436600001529	136.0001450668214
31.015848000068218	136.0001450668214
31.45755300007295	136.0001450668214
31.899518999969587	136.0001450668214
32.33969499997329	136.0001450668214
32.78078999998979	136.0001450668214
33.221648000064306	136.0001450668214
33.66286699997727	136.0001450668214
34.10454800003208	80.0
34.249646999989636	80.0
35.00077400007285	80.0
35.74980400002096	80.0
36.49953300005291	106.99993580003851
36.91569900000468	106.99993580003851
37.47768700006418	106.99993580003851
38.0135860000737	106.99993580003851
38.574459000024945	106.99993580003851
39.135065000038594	106.99993580003851
39.695794000057504	106.99993580003851
40.256526999990456	28.000001866666793
41.468968000030145	28.000001866666793
43.611781000043266	32.0
45.406864000018686	32.0
47.14791800000239	55.00000458333371
47.71733200002927	55.00000458333371
48.809307000017725	47.0
48.96139399998356	47.0
50.23789400001988	47.0
51.514562000054866	47.0
52.791113000013866	78.9999657666815
53.215303000062704	78.9999657666815
53.97463900002185	78.9999657666815
54.734187000081874	194.00021986691584
54.86540500004776	194.00021986691584
55.17471400008071	194.00021986691584
55.484103000024334	194.00021986691584
55.793201000080444	194.00021986691584
56.10248900006991	194.00021986691584
56.411925000022165	194.00021986691584
56.721129000070505	194.00021986691584
57.03034699999262	194.00021986691584
57.33966000005603	194.00021986691584
57.64891099999659	194.00021986691584
57.958223000052385	120.0
57.98610600002576	120.0
58.48573299997952	120.0
58.98568000004161	120.0
59.485642999992706	120.0
59.98568599997088	105.99995053335641
60.005125000025146	105.99995053335641
60.57117000001017	105.99995053335641
61.13722100004088	105.99995053335641
61.703227000078186	105.99995053335641
62.269413999980316	105.99995053335641
62.835698000038974	105.99995053335641
63.401599999982864	105.99995053335641
63.96772100008093	106.99993580003851
64.52713499998208	106.99993580003851
65.08843600004911	106.99993580003851
65.64875100005884	106.99993580003851
66.2094320000615	25.0
67.43222100008279	25.0
69.8320090000052	25.0
72.23217800003476	196.0002874670883
72.33677300007548	196.0002874670883
72.64137199998368	196.0002874670883
72.94880100002047	196.0002874670883
73.25471100001596	196.0002874670883
73.56202900002245	196.0002874670883
73.86607400001958	196.0002874670883
74.1725410000654	196.0002874670883
74.48010699998122	196.0002874670883
74.78510500001721	196.0002874670883
75.09088500007056	196.0002874670883
75.39789999998175	196.0002874670883
75.70276100002229	196.0002874670883
76.01069200003985	125.0
76.08672200003639	125.0
76.56770500005223	125.0
77.04653000005055	125.0
77.52758600004017	125.0
78.00649499997962	162.0
78.34764599998016	162.0
78.71773799997754	162.0
79.08730600005947	162.0
79.45864500000607	162.0
79.82891899999231	162.0
80.19855099997949	162.0
80.56898700003512	162.0
80.93877500004601	162.0
81.30929300002754	162.0
81.67986100004055	162.0
82.05081500008237	143.000143000143
82.07276100001764	143.000143000143
82.49291400006041	143.000143000143
82.91322700004093	143.000143000143
83.3314670000691	143.000143000143
83.75211700005457	143.000143000143
84.1716899999883	21.99999780000022
85.75688800006174	21.99999780000022
88.48446700000204	22.0
91.2110340000363	42.99999498333392
91.9590549999848	42.99999498333392
93.35291200003121	42.99999498333392
94.74989199999254	122.0000691333725
95.17805300001055	122.0000691333725
95.67207900003996	122.0000691333725
96.16214100003708	140.99997180000565
96.55138800002169	140.99997180000565
96.97669300006237	140.99997180000565
97.4019430000335	140.99997180000565
97.82785500003956	140.99997180000565
98.2532099999953	140.99997180000565
98.67879899998661	140.99997180000565
99.10424899996724	140.99997180000565
99.52958500001114	140.99997180000565
99.95527000003494	207.99966720053249
100.23084299999755	207.99966720053249
100.52000999997836	207.99966720053249
100.80644100008067	207.99966720053249
101.09403200005181	207.99966720053249
101.38262400007807	207.99966720053249
101.67094700003508	207.99966720053249
101.95963499997742	207.99966720053249
102.24801500001922	132.000132000132
102.41011499997694	132.000132000132
102.86674600001425	132.000132000132
103.31896900001448	132.000132000132
103.77346100006253	132.000132000132
104.22762500005774	132.000132000132
104.68245700001717	132.000132000132
105.1373710000189	132.000132000132
105.59116399998311	132.000132000132
106.04712100001052	132.000132000132
106.5020380000351	100.0
106.6798430000199	100.0
107.27861500007566	100.0
107.87857900001109	100.0
108.4794450000627	109.0
108.98545899998862	109.0
109.53682400006801	109.0
110.08611100004055	109.0
110.63729600002989	109.0
111.18850200006273	109.0
111.73731500003487	109.0
112.28773600002751	176.00004693334586
112.51007199997548	176.00004693334586
112.85102699999698	176.00004693334586
113.19249899999704	176.00004693334586
113.53289000003133	176.00004693334586
113.8742430000566	176.00004693334586
114.21446699998342	33.99999773333349
115.28693800000474	33.99999773333349
117.0514850000618	33.99999773333349
118.81699700001627	196.0
119.02140900003724	196.0
119.32777199998964	196.0
119.63442300003953	196.0
119.93985000008252	126.99998518333506
119.95549299998675	126.99998518333506
120.42890399997123	126.99998518333506
120.90144200006034	126.99998518333506
121.37302200007252	126.99998518333506
121.84672600007616	126.99998518333506
122.3179699999746	126.99998518333506
122.79029600007925	126.99998518333506
123.26270199997816	126.99998518333506
123.73575900006108	126.99998518333506
124.20807499997318	210.00021000021
124.39791900001	210.00021000021
124.68365999998059	210.00021000021
124.96931600000244	210.00021000021
125.25604600005317	210.00021000021
125.54239900002722	210.00021000021
125.82785000000149	210.00021000021
126.11230600008275	128.0
126.18916700000409	128.0
126.6585990000749	128.0
127.12669200007804	128.0
127.59545700007584	128.0
128.04064400005154	128.0
128.5083909999812	128.0
128.97691900003701	128.0
129.44565800006967	128.0
129.91673499997705	128.0
130.38321800006088	40.0
131.4525030000368	40.0
132.95245199999772	98.99993565004183
132.97459400002845	98.99993565004183
133.58067000005394	98.99993565004183
134.18714799999725	98.99993565004183
134.79285299999174	98.99993565004183
135.39897300000302	98.99993565004183
136.00490200007334	98.99993565004183
136.6108650000533	201.0003115504829
136.88050500000827	201.0003115504829
137.17906700004824	201.0003115504829
137.4784460000228	201.0003115504829
137.7760830000043	201.0003115504829
138.07490400003735	97.0
138.2439889999805	97.0
138.86232700000983	97.0
139.48221599997487	97.0
140.10022500006016	97.0
140.71822599996813	97.0
141.33667500002775	97.0
141.9552960000001	122.0000691333725
142.43960000004154	122.0000691333725
142.93133599997964	122.0000691333725
143.4231640000362	122.0000691333725
143.915219000075	122.0000691333725
144.4068360000383	145.00003625000906
144.74330299999565	145.00003625000906
145.15707000007387	145.00003625000906
145.57079500006512	145.00003625000906
145.98471800005063	145.00003625000906
146.39852899999823	145.00003625000906
146.81260000006296	145.00003625000906
147.22607700002845	145.00003625000906
147.64055200002622	145.00003625000906
148.0540139999939	83.0
148.1485640000319	83.0
148.87134700000752	83.0
149.5942900000373	83.0
150.3170730000129	172.99990485005233
150.44729699997697	172.99990485005233
150.7935099999886	172.99990485005233
151.14037500007544	172.99990485005233
151.48811300005764	172.99990485005233
151.83404400001746	172.99990485005233
152.18207099998835	172.99990485005233
152.52876899996772	172.99990485005233
152.87452900002245	172.99990485005233
153.22143799997866	172.99990485005233
153.56844900001306	172.99990485005233
153.91552799998317	172.99990485005233
154.2618380000349	178.99974940035085
154.58561399998143	178.99974940035085
154.92099600005895	178.99974940035085
155.25638600008097	178.99974940035085
155.59145800000988	178.99974940035085
155.92635800002608	178.99974940035085
156.26241700001992	21.99999780000022
158.85397599998396	21.99999780000022
161.58212899998762	30.99999793333347
163.03858200006653	168.99980283356336
163.19892700004857	168.99980283356336
163.55257000005804	168.99980283356336
163.90733399998862	168.99980283356336
164.2644680000376	168.99980283356336
164.62266900006216	168.99980283356336
164.97290300007444	168.99980283356336
165.3274870000314	168.99980283356336
165.68291700002737	168.99980283356336
166.03942300006747	168.99980283356336
166.3930190000683	25.0
168.6927709999727	156.0
168.82867900002748	156.0
169.21279300004244	156.0
169.5994509999873	156.0
169.9843520000577	156.0
170.3671350000659	156.0
170.75302699999884	156.0
171.1359470000025	156.0
171.5220449999906	156.0
171.90542299998924	156.0
172.2918790000258	180.99984313346928
172.57384299999103	180.99984313346928
172.9053680000361	180.99984313346928
173.2369460000191	180.99984313346928
173.56813899998087	180.99984313346928
174.23181500006467	180.99984313346928
174.5872420000378	180.99984313346928
174.89404300006572	26.000003466667128
176.2702719999943	26.000003466667128
178.57761600008234	142.0
178.72385399998166	142.0
179.14599400002044	142.0
179.56995300005656	142.0
179.99135400005616	142.0
180.4149360000156	171.00009405005173
180.72872900008224	171.00009405005173
181.07815299998038	171.00009405005173
181.4308720000554	171.00009405005173
181.78146199998446	171.00009405005173
182.13105900003575	171.00009405005173
182.48168199998327	171.00009405005173
182.83233700005803	171.00009405005173
183.18295400007628	171.00009405005173
183.5343930000672	171.00009405005173
183.88626100006513	171.00009405005173
184.2364069999894	171.00009405005173
184.59057400003076	45.99999386666749
185.51362500002142	45.99999386666749
186.81764000002295	130.00013000013
186.92330999998376	130.00013000013
187.3848360000411	130.00013000013
187.84616900002584	130.00013000013
188.28316400002223	130.00013000013
188.74425700004213	130.00013000013
189.20566199999303	130.00013000013
189.6673619999783	130.00013000013
190.12921300006565	130.00013000013
190.59404200001154	196.9996946504733
190.75125800003298	196.9996946504733
191.0558210000163	196.9996946504733
191.36024399998132	196.9996946504733
191.66490400000475	196.9996946504733
191.9696029999759	196.9996946504733
192.27400199999101	196.9996946504733
192.57961600006092	196.9996946504733
192.8833230000455	196.9996946504733
193.18795599997975	196.9996946504733
193.49238100007642	196.9996946504733
193.79760200006422	196.9996946504733
194.10364900005516	196.9996946504733
194.40688999998383	196.9996946504733
194.71186699997634	196.9996946504733
195.0151430000551	196.9996946504733
195.31982199999038	196.9996946504733
195.62435200007167	196.9996946504733
195.92875000007916	196.9996946504733
196.23345800000243	196.9996946504733
196.53810100001283	196.9996946504733
196.8426750000799	196.9996946504733
197.1472450000001	196.9996946504733
197.45168599998578	196.9996946504733
197.75659500004258	196.9996946504733
198.06090000004042	196.9996946504733
198.36545899999328	196.9996946504733
198.67012999998406	196.9996946504733
198.97456300002523	196.9996946504733
199.27974600007292	196.9996946504733
199.58369700005278	196.9996946504733
199.88839700003155	196.9996946504733
200.19284200004768	196.9996946504733
200.49741199996788	196.9996946504733
200.80208200006746	196.9996946504733
201.10700900002848	196.9996946504733
201.4121199999936	196.9996946504733
201.71575299999677	196.9996946504733
202.0214799999958	196.9996946504733
202.32486499997322	196.9996946504733
202.62960400001612	196.9996946504733
202.933972000028	196.9996946504733
203.23939100001007	196.9996946504733
203.5431620000163	196.9996946504733
203.84852100000717	196.9996946504733
204.1523809999926	196.9996946504733
204.45696700003464	196.9996946504733
204.76153999997769	196.9996946504733
205.06605500006117	196.9996946504733
205.37232299998868	196.9996946504733
205.67500000004657	196.9996946504733
205.97978799999692	196.9996946504733
206.2843339999672	196.9996946504733
206.58993600006215	196.9996946504733
206.89331800001673	196.9996946504733
207.1981210000813	196.9996946504733
207.50262799998745	196.9996946504733
207.80732200003695	196.9996946504733
208.11176600004546	196.9996946504733
208.41618599998765	196.9996946504733
208.72091699996963	196.9996946504733
209.0253270000685	196.9996946504733
209.33110900002066	196.9996946504733
209.63447699998505	196.9996946504733
209.93906900007278	196.9996946504733
210.2437149999896	196.9996946504733
210.54892400000244	196.9996946504733
210.85275099996943	196.9996946504733
211.15725599997677	196.9996946504733
211.46209899999667	196.9996946504733
211.76667599997018	196.9996946504733
212.07226799998898	196.9996946504733
212.3758229999803	196.9996946504733
212.68053800007328	196.9996946504733
212.98470699996687	196.9996946504733
213.29010900005233	196.9996946504733
213.5941120000789	196.9996946504733
213.89903500000946	196.9996946504733
214.20335199998226	196.9996946504733
214.50863100006245	196.9996946504733
214.81243900000118	196.9996946504733
215.11687700008042	196.9996946504733
215.4216000000015	196.9996946504733
215.72699500003364	196.9996946504733
216.03225200006273	196.9996946504733
216.33509800001048	196.9996946504733
216.36089000001084	196.9996946504733
216.6649880000623	196.9996946504733
216.96901200001594	196.9996946504733
217.27355400007218	196.9996946504733
217.5791840000311	196.9996946504733
217.88318600005005	196.9996946504733
218.18735000002198	196.9996946504733
218.4924840000458	196.9996946504733
218.79647200007457	196.9996946504733
219.10125200008042	196.9996946504733
219.40554700000212	196.9996946504733
219.71094300004188	196.9996946504733
220.01581500004977	196.9996946504733
220.3192890000064	196.9996946504733
220.62458399997558	196.9996946504733
220.93022300000302	196.9996946504733
221.23316200007685	196.9996946504733
221.5377810000209	196.9996946504733
221.84291800006758	196.9996946504733
222.14708300004713	196.9996946504733
222.45150500000454	196.9996946504733
222.7569160000421	196.9996946504733
223.06063700001687	196.9996946504733
223.36529600003269	196.9996946504733
223.6701630000025	196.9996946504733
223.97516400006134	196.9996946504733
224.280509000062	196.9996946504733
224.58438999997452	196.9996946504733
224.8878229999682	196.9996946504733
225.19325400004163	196.9996946504733
225.49822700000368	196.9996946504733
225.80225299997255	196.9996946504733
226.10767100006342	196.9996946504733
226.4125950000016	196.9996946504733
226.71529900003225	196.9996946504733
227.02009800006635	196.9996946504733
227.3247449999908	196.9996946504733
227.62930200004485	196.9996946504733
227.93378500000108	196.9996946504733
228.23956100002397	196.9996946504733
228.54275200003758	196.9996946504733
228.84826800005976	196.9996946504733
229.15215700003318	196.9996946504733
229.45716300001368	196.9996946504733
229.76195299997926	196.9996946504733
230.06680200004485	196.9996946504733
230.37059200007934	196.9996946504733
230.6754179999698	196.9996946504733
230.97938799997792	196.9996946504733
231.28474300005473	196.9996946504733
231.58965600002557	196.9996946504733
231.89316500001587	196.9996946504733
232.199197000009	196.9996946504733
232.50228500005323	196.9996946504733
232.80791500001214	196.9996946504733
233.1113990000449	196.9996946504733
233.4162789999973	196.9996946504733
233.72058600001037	196.9996946504733
234.02589400007855	196.9996946504733
234.3297259999672	196.9996946504733
234.63481499999762	196.9996946504733
234.94353799999226	196.9996946504733


8.138052000082098	120.0
8.63299900002312	120.0
9.00126100005582	120.0
9.50114800001029	120.0
10.001989000011235	120.0
10.500832000048831	120.0
11.001168000046164	120.0
11.501477000070736	120.0
12.0020459999796	120.0
12.500309000024572	120.0
13.000502999988385	120.0
13.500939000048675	120.0
14.000541000044905	120.0
14.500744999968447	120.0
15.000215000007302	120.0
15.502622000058182	120.0
16.001018000068143	120.0
16.502558000036515	120.0
17.000806999974884	120.0
17.500585000030696	120.0
18.003038999973796	120.0
18.50036700000055	120.0
19.000570000032894	120.0
19.500677000032738	120.0
20.000527000054717	120.0
20.501012000022456	120.0
21.002338999998756	120.0
21.502195000066422	120.0
22.00073800003156	120.0
22.500411999993958	120.0
23.001270000007935	120.0
23.500401000026613	120.0
24.000877000042237	120.0
24.501573999994434	120.0
25.00040500005707	120.0
25.503038000082597	120.0
26.000399000011384	120.0
26.502656999975443	120.0
27.000616000033915	120.0
27.502333000069484	120.0
28.00147800007835	78.9999657666815
28.06139799999073	78.9999657666815
28.821186000015587	78.9999657666815
29.580116000026464	78.9999657666815
30.340451000025496	136.0001450668214
30.57443100004457	136.0001450668214
31.015883999993093	136.0001450668214
31.457538000075147	136.0001450668214
31.899508000002243	136.0001450668214
32.33992800000124	136.0001450668214
32.78055700007826	136.0001450668214
33.221404000069015	136.0001450668214
33.663177000009455	136.0001450668214
34.10473600006662	80.0
34.24956100003328	80.0
35.00077400007285	80.0
35.749595000059344	80.0
36.49953300005291	106.99993580003851
36.91575799998827	106.99993580003851
37.47767100005876	106.99993580003851
38.03762099996675	106.99993580003851
38.59799200005364	106.99993580003851
39.16100700001698	106.99993580003851
39.72033200005535	106.99993580003851
40.25309600005858	28.000001866666793
41.46598800003994	28.000001866666793
43.60829000000376	32.0
45.26928400003817	32.0
47.14432099997066	55.00000458333371
47.71368699998129	55.00000458333371
48.80495800008066	46.99999060000188
48.95759100001305	46.99999060000188
50.235104999970645	46.99999060000188
51.512381999986246	46.99999060000188
52.78733700001612	79.0
53.2113740000641	79.0
53.970881000044756	79.0
54.73037500004284	194.00021986691584
54.861670000012964	194.00021986691584
55.17196900001727	194.00021986691584
55.48029600002337	194.00021986691584
55.79011000005994	194.00021986691584
56.09935100004077	194.00021986691584
56.408019999973476	194.00021986691584
56.7195800000336	194.00021986691584
57.02799299999606	194.00021986691584
57.335978000075556	194.00021986691584
57.64621100004297	194.00021986691584
57.954441000008956	194.00021986691584
58.26452700002119	120.0
58.48216700006742	120.0
58.98236300004646	120.0
59.482007000013255	120.0
59.98230799997691	105.99995053335641
60.001725999987684	105.99995053335641
60.56934699998237	105.99995053335641
61.13422600005288	105.99995053335641
61.69958800007589	105.99995053335641
62.26673799997661	105.99995053335641
62.831631000037305	105.99995053335641
63.39775100001134	105.99995053335641
63.964090000023134	106.99993580003851
64.52368500002194	106.99993580003851
65.08519500005059	106.99993580003851
65.64538600004744	106.99993580003851
66.20698700007051	25.0
67.40511100005824	25.0
69.8043169999728	25.0
69.8322390000103	25.0
72.231987999985	196.0
72.33678400004283	196.0
72.64137199998368	196.0
72.9487819999922	196.0
73.2547440000344	196.0
73.56202900002245	196.0
73.8657789999852	196.0
74.17262900003698	196.0
74.48007400007918	196.0
74.78536900004838	196.0
75.09124400001019	196.0
75.39799399999902	196.0
75.70270899997558	196.0
76.0109550000634	125.0
76.08649600006174	125.0
76.56818800000474	125.0
77.04663300001994	125.0
77.52793199999724	125.0
78.0067300000228	162.000162000162
78.347945000045	162.000162000162
78.71749599999748	162.000162000162
79.08750700007658	162.000162000162
79.45882599998731	162.000162000162
79.82844100007787	162.000162000162
80.19891999999527	162.000162000162
80.56851000001188	162.000162000162
80.9393159999745	162.000162000162
81.309476000024	162.000162000162
81.68029300007038	162.000162000162
82.05081500008237	143.0
82.0729800000554	143.0
82.49307800002862	143.0
82.91317900002468	143.0
83.3314670000691	143.0
83.75234400003683	143.0
84.17212500004098	21.99999780000022
85.75748500006739	21.99999780000022
88.48368200007826	21.99999780000022
91.21153600001708	42.99999498333392
91.95883500005584	42.99999498333392
93.35262800008059	42.99999498333392
94.74958599999081	122.0000691333725
95.17837300000247	122.0000691333725
95.67148400004953	122.0000691333725
96.16196699999273	140.99997180000565
96.55097099998966	140.99997180000565
96.97657200007234	140.99997180000565
97.40199799998663	140.99997180000565
97.82800400000997	140.99997180000565
98.25327400001697	140.99997180000565
98.67897300003096	140.99997180000565
99.10440599999856	140.99997180000565
99.53012100001797	140.99997180000565
99.95525700005237	207.99966720053249
100.20542400004342	207.99966720053249
100.49362700001802	207.99966720053249
100.78209100000095	207.99966720053249
101.07149200001732	207.99966720053249
101.3590330000734	207.99966720053249
101.64740200003143	207.99966720053249
101.9359950000653	207.99966720053249
102.22436900006142	132.0
102.38622800004669	132.0
102.84062799997628	132.0
103.29542400001083	132.0
103.7496430000756	132.0
104.20420400006697	132.0
104.66015800007153	132.0
105.11337400006596	132.0
105.5690300000133	132.0
106.02286000002641	132.0
106.47695999999996	100.0
106.65544400003273	100.0
107.25522799999453	100.0
107.85533699998632	100.0
108.45513700006995	108.99994368336243
108.96183500008192	108.99994368336243
109.51205899997149	108.99994368336243
110.0630850000307	108.99994368336243
110.61301800003275	108.99994368336243
111.16383600002155	108.99994368336243
111.71435999998357	108.99994368336243
112.26521199999843	176.0
112.48649300006218	176.0
112.828628999996	176.0
113.1682949999813	176.0
113.51085399999283	176.0
113.85097799997311	176.0
114.1921180000063	33.99999773333349
115.26329899998382	33.99999773333349
117.02985499997158	33.99999773333349
118.7928280000342	196.0002874670883
118.99776599998586	196.0002874670883
119.30374100001063	196.0002874670883
119.6101600000402	196.0002874670883
119.91601599997375	126.99998518333506
119.93208699999377	126.99998518333506
120.40553800005	126.99998518333506
120.87685700005386	126.99998518333506
121.34967500006314	126.99998518333506
121.82249799999408	126.99998518333506
122.29478500003461	126.99998518333506
122.76667699997779	126.99998518333506
123.24116099998355	126.99998518333506
123.7119160000002	126.99998518333506
124.18433099996764	210.00021000021
124.37447400006931	210.00021000021
124.66060399997514	210.00021000021
124.94585800007917	210.00021000021
125.23162400000729	210.00021000021
125.51725200004876	210.00021000021
125.80313999997452	210.00021000021
126.08893600001466	128.0
126.1654039999703	128.0
126.63407400005963	128.0
127.10308799997438	128.0
127.57197300007101	128.0
128.04074399999809	128.0
128.50915599998552	128.0
128.9779349999735	128.0
129.4468160000397	128.0
129.91541600006167	128.0
130.38403100008145	40.0
131.45289399998728	40.0
132.95297099999152	99.0
132.9751539999852	99.0
133.5812220000662	99.0
134.18738400004804	99.0
134.7932649999857	99.0
135.39934600004926	99.0
136.0055130000692	99.0
136.61136600002646	201.0003115504829
136.88111299998127	201.0003115504829
137.17954000004102	201.0003115504829
137.47814400005154	201.0003115504829
137.7765950000612	201.0003115504829
138.07502900005784	96.99995311668933
138.24429399997462	96.99995311668933
138.86287800001446	96.99995311668933
139.48195300006773	96.99995311668933
140.1002950000111	96.99995311668933
140.7185870000394	96.99995311668933
141.3370110000251	96.99995311668933
141.95554600004107	122.0
142.44010400003754	122.0
142.93219099997077	122.0
143.42375100008212	122.0
143.91551299998537	122.0
144.4073310000822	145.00003625000906
144.7438260000199	145.00003625000906
145.15754200005904	145.00003625000906
145.57144800003152	145.00003625000906
145.9852579999715	145.00003625000906
146.39895299996715	145.00003625000906
146.81274000008125	145.00003625000906
147.2270290000597	145.00003625000906
147.6408839999931	145.00003625000906
148.05455600004643	82.99995020002989
148.14880299998913	82.99995020002989
148.8717170000309	82.99995020002989
149.5946460000705	82.99995020002989
150.3174969999818	172.99990485005233
150.44749300007243	172.99990485005233
150.79418800002895	172.99990485005233
151.14092600008007	172.99990485005233
151.48775600001682	172.99990485005233
151.83470200002193	172.99990485005233
152.1823250000598	172.99990485005233
152.52878300007433	172.99990485005233
152.87498800002504	172.99990485005233
153.221937000053	172.99990485005233
153.5687180000823	172.99990485005233
153.91550200001802	172.99990485005233
154.2622820000397	178.99974940035085
154.58612800005358	178.99974940035085
154.92138399998657	178.99974940035085
155.25658300006762	178.99974940035085
155.5917780000018	178.99974940035085
155.92700899997726	178.99974940035085
156.2624520000536	21.99999780000022
158.83014700002968	21.99999780000022
158.8537710000528	21.99999780000022
161.58263700001407	30.99999793333347
163.03919799998403	169.0
163.19916900002863	169.0
163.55271000007633	169.0
163.90740700007882	169.0
164.26475400000345	169.0
164.62253000005148	169.0
164.9728630000027	169.0
165.32763100008015	169.0
165.6826979999896	169.0
166.03973900002893	169.0
166.39349100005347	25.0
168.6927090000827	156.000156000156
168.82891200005542	156.000156000156
169.21339300007094	156.000156000156
169.59923900000285	156.000156000156
169.9839380000485	156.000156000156
170.3674330000067	156.000156000156
170.75284900004044	156.000156000156
171.13615799997933	156.000156000156
171.52257100003771	156.000156000156
171.90519499999937	156.000156000156
172.29205499996897	181.0
172.57425800000783	181.0
172.9050930000376	181.0
173.23740500002168	181.0
173.56813899998087	181.0
173.92935600003693	181.0
174.24631199997384	181.0
174.61035099998116	181.0
174.89858899998944	26.000003466667128
176.27008100005332	26.000003466667128
178.5772640000796	142.0000710000355
178.7241170000052	142.0000710000355
179.14628400001675	142.0000710000355
179.5697710000677	142.0000710000355
179.99110300000757	142.0000710000355
180.41426400002092	171.00009405005173
180.72843200003263	171.00009405005173
181.07781200006139	171.00009405005173
181.43046000006143	171.00009405005173
181.78004700003657	171.00009405005173
182.13083500007633	171.00009405005173
182.4814770000521	171.00009405005173
182.83252900000662	171.00009405005173
183.1832080000313	171.00009405005173
183.53516900003888	171.00009405005173
183.88603799999692	171.00009405005173
184.23615800007246	171.00009405005173
184.58669899997767	45.99999386666749
185.51688200002536	45.99999386666749
186.81798900000285	130.00013000013
186.9233190000523	130.00013000013
187.38452299998607	130.00013000013
187.84633400000166	130.00013000013
188.30747100000735	130.00013000013
188.76903099997435	130.00013000013
189.2305720000295	130.00013000013
189.69238000002224	130.00013000013
190.1305590000702	130.00013000013
190.592609000043	196.9996946504733
190.75275500002317	196.9996946504733
191.05722800001968	196.9996946504733
191.36187899997458	196.9996946504733
191.66641399997752	196.9996946504733
191.9709140000632	196.9996946504733
192.27569599996787	196.9996946504733
192.58009399997536	196.9996946504733
192.88482699997257	196.9996946504733
193.18933700001799	196.9996946504733
193.49404600006528	196.9996946504733
193.79864900000393	196.9996946504733
194.10313200007658	196.9996946504733
194.40773600002285	196.9996946504733
194.7121530000586	196.9996946504733
195.0166479999898	196.9996946504733
195.32123700005468	196.9996946504733
195.62612200004514	196.9996946504733
195.93035799998324	196.9996946504733
196.23491300002206	196.9996946504733
196.53967500000726	196.9996946504733
196.84429500007536	196.9996946504733
197.14857499999925	196.9996946504733
197.45338000007905	196.9996946504733
197.7577900000615	196.9996946504733
198.06229600007646	196.9996946504733
198.36690400005318	196.9996946504733
198.67143200000282	196.9996946504733
198.97600700007752	196.9996946504733
199.28074399998877	196.9996946504733
199.5851520000724	196.9996946504733
199.88974700006656	196.9996946504733
200.19449100003112	196.9996946504733
200.49910800007638	196.9996946504733
200.8036570000695	196.9996946504733
201.10824400000274	196.9996946504733
201.41270200000145	196.9996946504733
201.71738000004552	196.9996946504733
202.02182700007688	196.9996946504733
202.32641700003296	196.9996946504733
202.63111900002696	196.9996946504733
202.9356540000299	196.9996946504733
203.24025500006974	196.9996946504733
203.5448290000204	196.9996946504733
203.84931199997663	196.9996946504733
204.15389600000344	196.9996946504733
204.45844900002703	196.9996946504733
204.76305100007448	196.9996946504733
205.0675030000275	196.9996946504733
205.3721539999824	196.9996946504733
205.67659899999853	196.9996946504733
205.9813500000164	196.9996946504733
206.28572500008158	196.9996946504733
206.590354999993	196.9996946504733
206.89555000001565	196.9996946504733
207.1996620000573	196.9996946504733
207.5040690000169	196.9996946504733
207.80881800001953	196.9996946504733
208.11330600001384	196.9996946504733
208.4178490000777	196.9996946504733
208.72225099999923	196.9996946504733
209.02703500003554	196.9996946504733
209.3313789999811	196.9996946504733
209.63601700006984	196.9996946504733
209.9406060000183	196.9996946504733
210.24533299996983	196.9996946504733
210.54999800003134	196.9996946504733
210.85433600004762	196.9996946504733
211.15901699999813	196.9996946504733
211.46353399998043	196.9996946504733
211.76788800000213	196.9996946504733
212.07268800004385	196.9996946504733
212.37736799998675	196.9996946504733
212.68185799999628	196.9996946504733
212.98620100005064	196.9996946504733
213.29085800005123	196.9996946504733
213.59554999996908	196.9996946504733
213.90017699997406	196.9996946504733
214.20464100001846	196.9996946504733
214.5090870000422	196.9996946504733
214.81563700002152	196.9996946504733
215.11818400002085	196.9996946504733
215.4228230000008	196.9996946504733
215.72736899997108	196.9996946504733
216.032361999969	196.9996946504733
216.33666200004518	196.9996946504733
216.64097599999513	196.9996946504733
216.94565100001637	196.9996946504733
217.2502889999887	196.9996946504733
217.55474900000263	196.9996946504733
217.8593450000044	196.9996946504733
218.163973000017	196.9996946504733
218.46887300000526	196.9996946504733
218.49216600006912	196.9996946504733
218.7966299999971	196.9996946504733
219.1015100000659	196.9996946504733
219.40555000002496	196.9996946504733
219.710848000017	196.9996946504733
220.01581500004977	196.9996946504733
220.31954599998426	196.9996946504733
220.62458399997558	196.9996946504733
220.9301330000162	196.9996946504733
221.23464599996805	196.9996946504733
221.5375510000158	196.9996946504733
221.84266199998092	196.9996946504733
222.14677300001495	196.9996946504733
222.45177400007378	196.9996946504733
222.75718000007328	196.9996946504733
223.06041300005745	196.9996946504733
223.36561099998653	196.9996946504733
223.66974400007166	196.9996946504733
223.9749020000454	196.9996946504733
224.28023100004066	196.9996946504733
224.58407400001306	196.9996946504733
224.88799900002778	196.9996946504733
225.19290000002366	196.9996946504733
225.4985030000098	196.9996946504733
225.80199200008065	196.9996946504733
226.10742800007574	196.9996946504733
226.41285099997185	196.9996946504733
226.71554300002754	196.9996946504733
227.01985300006345	196.9996946504733
227.32497100008186	196.9996946504733
227.6290610000724	196.9996946504733
227.93354500003625	196.9996946504733
228.23979899997357	196.9996946504733
228.5430420000339	196.9996946504733
228.8479519999819	196.9996946504733
229.1518990000477	196.9996946504733
229.45740499999374	196.9996946504733
229.76220200001262	196.9996946504733
230.067066000076	196.9996946504733
230.37037100002635	196.9996946504733
230.67512300005183	196.9996946504733
230.97919199999887	196.9996946504733
231.28441800002474	196.9996946504733
231.5893980000401	196.9996946504733
231.89342900004704	196.9996946504733
232.1988480000291	196.9996946504733
232.50201200006995	196.9996946504733
232.80819100001827	196.9996946504733
233.11161600006744	196.9996946504733
233.41655900003389	196.9996946504733
233.72034800006077	196.9996946504733
234.02559700002894	196.9996946504733
234.33008500002325	196.9996946504733
234.63446400000248	196.9996946504733
234.9431770000374	196.9996946504733