0.006428999942727387	120.0
0.5009199999039993	120.0
1.0005169999785721	120.0
1.5031919999746606	120.0
2.002807999961078	120.0
2.501592999906279	120.0
3.0022669999161735	120.0
3.501060999929905	120.0
4.000887000001967	120.0
4.503875999944285	120.0
5.000386999920011	120.0
5.502163999946788	120.0
6.000831999932416	120.0
6.502513999934308	120.0
7.000413999892771	120.0
7.500404999940656	120.0
8.002126000006683	120.0
8.500432999921031	120.0
9.00203699991107	120.0
9.500782999908552	120.0
10.002041999949142	120.0
10.500971999950707	120.0
11.000430999905802	120.0
11.50050199998077	120.0
12.000950999907218	120.0
12.500981999910437	120.0
13.002318999962881	120.0
13.50029299990274	120.0
14.000289999996312	120.0
14.502317999955267	120.0
15.002019999898039	120.0
15.50108099996578	120.0
16.000893999938853	120.0
16.50039099995047	120.0
17.001168999937363	120.0
17.500643999897875	120.0
18.000654999981634	120.0
18.50328099995386	120.0
19.00332499993965	120.0
19.500375999952666	120.0
20.000495999935083	120.0
20.500491999904625	120.0
21.001789000001736	120.0
21.502319999970496	120.0
22.000312999938615	120.0
22.500987999956124	120.0
23.002015999983996	120.0
23.500533999991603	120.0
24.001350999926217	120.0
24.501323999953456	120.0
25.002095000003465	120.0
25.501463999971747	120.0
26.000737999915145	120.0
26.50034099991899	120.0
27.000329999951646	120.0
27.50028099992778	120.0
28.00039099995047	120.0
28.500923999934457	126.000126000126
28.958298999932595	126.000126000126
29.433780999970622	126.000126000126
29.910086999996565	126.000126000126
30.386753999977373	137.00006393336318
30.801254999940284	137.00006393336318
31.24065999989398	137.00006393336318
31.67804599995725	137.00006393336318
32.11511499993503	137.00006393336318
32.553138999966905	137.00006393336318
32.99118599994108	137.00006393336318
33.42889899993315	137.00006393336318
33.86664399993606	137.00006393336318
34.30507499992382	34.99999416666764
34.90464699990116	34.99999416666764
36.62000699993223	195.000195000195
36.858391999965534	195.000195000195
37.16478799993638	195.000195000195
37.4725529999705	195.000195000195
37.78184899990447	195.000195000195
38.08774399990216	195.000195000195
38.3956139999209	195.000195000195
38.70284799998626	195.000195000195
39.01151999994181	195.000195000195
39.31855599989649	195.000195000195
39.62654699990526	195.000195000195
39.93444399989676	195.000195000195
40.24141499993857	195.000195000195
40.54921199998353	48.0
41.47241499996744	48.0
42.72102499997709	219.0
42.78873399994336	219.0
43.06236399989575	219.0
43.33667499991134	219.0
43.61218499997631	219.0
43.88397999992594	219.0
44.15747899992857	219.0
44.43174699996598	219.0
44.70605899998918	219.0
44.97987099993043	219.0
45.25369799998589	219.0
45.52892199996859	219.0
45.8031239999691	219.0
46.07652999996208	219.0
46.35122399998363	142.0000710000355
46.48044699989259	142.0000710000355
46.90306899999268	142.0000710000355
47.326249999925494	142.0000710000355
47.74810699990485	142.0000710000355
48.170568999950774	38.99998830000351
48.3241529999068	38.99998830000351
49.86321499990299	38.99998830000351
51.400722999940626	38.99998830000351
52.94115599989891	91.0
53.12787099997513	91.0
53.7876919999253	91.0
54.446330999955535	28.000001866666793
55.17581699998118	28.000001866666793
57.319813999929465	28.000001866666793
59.46120699995663	202.99965828390856
59.487873999984004	202.99965828390856
59.78448799997568	202.99965828390856
60.079012999893166	202.99965828390856
60.37405599991325	167.00020318358054
60.426686999970116	167.00020318358054
60.785752999945544	167.00020318358054
61.14582299999893	167.00020318358054
61.50446299999021	167.00020318358054
61.86365499999374	167.00020318358054
62.2231459999457	167.00020318358054
62.58212799998	167.00020318358054
62.94148599996697	167.00020318358054
63.30100300000049	167.00020318358054
63.65977899997961	167.00020318358054
64.01925199991092	167.00020318358054
64.38014999998268	69.00001725000432
64.73771399992984	69.00001725000432
65.60803699993994	69.00001725000432
66.47769299999345	218.99968245046045
66.508109999937	218.99968245046045
66.78214399993885	218.99968245046045
67.05548599991016	218.99968245046045
67.32915199990384	218.99968245046045
67.60339699999895	218.99968245046045
67.87719299993478	218.99968245046045
68.15090399992187	218.99968245046045
68.42545099998824	218.99968245046045
68.7010949999094	218.99968245046045
68.97315899992827	218.99968245046045
69.24806099990383	218.99968245046045
69.52288099995349	218.99968245046045
69.79603899992071	218.99968245046045
70.06883899995591	218.99968245046045
70.34306999994442	38.99998830000351
71.3474119999446	38.99998830000351
72.88564399990719	211.0
73.12198799999896	211.0
73.40678099996876	211.0
73.69063399999868	211.0
73.97503599990159	211.0
74.26018699991982	211.0
74.5427170000039	211.0
74.82819499995094	211.0
75.11193099990487	211.0
75.39680799993221	211.0
75.68058299995027	211.0
75.96501299994998	211.0
76.2495339999441	96.99995311668933
76.38805899990257	96.99995311668933
77.00683199998457	96.99995311668933
77.6261780000059	96.99995311668933
78.24480299989227	196.0002874670883
78.49412599997595	196.0002874670883
78.79978599993046	196.0002874670883
79.10571799997706	196.0002874670883
79.41292299993802	196.0002874670883
79.7179879999021	196.0002874670883
80.02373799995985	196.0002874670883
80.3316089999862	196.0002874670883
80.6372149999952	196.0002874670883
80.9423409999581	196.0002874670883
81.2489549999591	196.0002874670883
81.55490099999588	196.0002874670883
81.86137800000142	196.0002874670883
82.16838299995288	70.0
82.23069299990311	70.0
83.08692099992186	70.0
83.94458999997005	70.0
84.80172099999618	200.0
84.97011399990879	200.0
85.26911199989263	200.0
85.56815199996345	200.0
85.8685079999268	200.0
86.17001599993091	200.0
86.46975299995393	200.0
86.768323999946	200.0
87.06894599995576	200.0
87.36834299995098	200.0
87.66971699998248	200.0
87.9701439999044	200.0
88.26937699993141	102.0000510000255
88.3939089999767	102.0000510000255
88.98906900000293	102.0000510000255
89.57068499992602	102.0000510000255
90.15881999989506	103.0000480666891
90.74092599994037	103.0000480666891
91.32377899996936	103.0000480666891
91.90761999995448	103.0000480666891
92.48981299996376	103.0000480666891
93.07119399996009	103.0000480666891
93.65442499995697	103.0000480666891
94.23635399993509	192.99989385005838
94.50469899992459	192.99989385005838
94.81479299999774	192.99989385005838
95.12560399994254	192.99989385005838
95.43800099997316	192.99989385005838
95.74786799994763	192.99989385005838
96.05956199998036	192.99989385005838
96.37146299995948	211.99990106671282
96.63237999996636	211.99990106671282
96.9152419999009	211.99990106671282
97.19848999998067	211.99990106671282
97.48121599992737	211.99990106671282
97.76496599998791	211.99990106671282
98.04731900000479	211.99990106671282
98.33084099995904	211.99990106671282
98.61371899989899	211.99990106671282
98.89626899990253	211.99990106671282
99.17979599989485	211.99990106671282
99.46219699992798	211.99990106671282
99.74628399999347	211.99990106671282
100.02892799989786	211.99990106671282
100.3115809999872	186.9997756002693
100.33395499992184	186.9997756002693
100.65443599992432	186.9997756002693
100.9758299998939	186.9997756002693
101.29729699995369	186.9997756002693
101.61833199998364	186.9997756002693
101.93801099993289	186.9997756002693
102.25844099989627	189.0
102.57575399999041	189.0
102.89242899999954	189.0
103.21050699998159	189.0
103.52718299999833	189.0
103.84490999998525	189.0
104.16195899993181	189.0
104.47985999996308	189.0
104.79748399998061	189.0
105.11524799990002	189.0
105.43213999993168	189.0
105.7501119999215	189.0
106.06710799993016	189.0
106.38474699994549	73.99998273333736
106.64929400000256	73.99998273333736
107.46077099989634	73.99998273333736
108.27131999994162	132.000132000132
108.6737659999635	132.000132000132
109.1294699999271	132.000132000132
109.58285000000615	132.000132000132
110.03847299993504	132.000132000132
110.49251999997068	132.000132000132
110.94688299996778	132.000132000132
111.40137099998537	132.000132000132
111.8560249999864	132.000132000132
112.31070099992212	125.0
112.31893799989484	125.0
112.79963899997529	125.0
113.27890299994033	125.0
113.75918999989517	125.0
114.23924699996132	214.99982083348263
114.48763999994844	214.99982083348263
114.76585399999749	214.99982083348263
115.04506899998523	214.99982083348263
115.32379499997478	214.99982083348263
115.60344299999997	214.99982083348263
115.88184099993668	214.99982083348263
116.16101699997671	214.99982083348263
116.44020299997646	214.99982083348263
116.72038199997041	214.99982083348263
116.9984439999098	214.99982083348263
117.27873599994928	214.99982083348263
117.55649399990216	214.99982083348263
117.83601899992209	214.99982083348263
118.1149429999059	214.99982083348263
118.39336499990895	185.99979540022505
118.42887399997562	185.99979540022505
118.75241499999538	185.99979540022505
119.0741529999068	185.99979540022505
119.39636399992742	185.99979540022505
119.72001199994702	185.99979540022505
120.04263999999966	185.99979540022505
120.36437500000466	213.00010650005325
120.62493599997833	213.00010650005325
120.90639799996279	213.00010650005325
121.18847299995832	213.00010650005325
121.47159400000237	213.00010650005325
121.75179299991578	213.00010650005325
122.03306499996688	213.00010650005325
122.31479299999774	213.00010650005325
122.59767299995292	213.00010650005325
122.87896799994633	213.00010650005325
123.1603349999059	213.00010650005325
123.4418730000034	213.00010650005325
123.7231309999479	213.00010650005325
124.00504499999806	213.00010650005325
124.28734499996062	213.00010650005325
124.56865899998229	94.99999208333399
125.07441399991512	94.99999208333399
125.70652299991343	94.99999208333399
126.3371979999356	172.99990485005233
126.60637799999677	172.99990485005233
126.95270099991467	172.99990485005233
127.30087899998762	172.99990485005233
127.6459779998986	172.99990485005233
127.99243899993598	172.99990485005233
128.33978699997533	172.99990485005233
128.6862179999007	172.99990485005233
129.0330069999909	172.99990485005233
129.37995499989484	172.99990485005233
129.72683800000232	172.99990485005233
130.07375699991826	172.99990485005233
130.4206599999452	177.00002655000398
130.75493299996015	177.00002655000398
131.09324899991043	177.00002655000398
131.43198100000154	177.00002655000398
131.7726149999071	177.00002655000398
132.10957099997904	177.00002655000398
132.4496039999649	198.0
132.72221099992748	198.0
133.02467299997807	198.0
133.32792099996004	198.0
133.63221899990458	198.0
133.9342319999123	198.0
134.23681999999098	198.0
134.54098799999338	198.0
134.84284899989143	198.0
135.14951699995436	198.0
135.44929799996316	198.0
135.75212499999907	198.0
136.05582799995318	198.0
136.3594279999379	182.99991765003705
136.37516699999105	182.99991765003705
136.7014359999448	182.99991765003705
137.0293609999353	182.99991765003705
137.35759999998845	182.99991765003705
137.6860099999467	182.99991765003705
138.01309899997432	182.99991765003705
138.34193199989386	98.99993565004183
138.48302099993452	98.99993565004183
139.08881599991582	98.99993565004183
139.6953499999363	98.99993565004183
140.30087199993432	98.99993565004183
140.90766999998596	98.99993565004183
141.51359599991702	98.99993565004183
142.11937799991574	98.99993565004183
142.72573899989948	130.0
143.05597599991597	130.0
143.51774999999907	130.0
143.97969999990892	130.0
144.44143999996595	115.00002875000719
144.47365800000262	115.00002875000719
144.99528099992312	115.00002875000719
145.51765399996657	115.00002875000719
146.04013899993151	115.00002875000719
146.5622989999829	115.00002875000719
147.08219699992333	115.00002875000719
147.60389499994926	115.00002875000719
148.12579999992158	115.00002875000719
148.6477629999863	21.99999780000022
150.62069899996277	202.99965828390856
150.82005799992476	202.99965828390856
151.11533999990206	202.99965828390856
151.4115279999096	202.99965828390856
151.70706699998118	202.99965828390856
152.00263599993195	202.99965828390856
152.29922599997371	202.99965828390856
152.59327099996153	202.99965828390856
152.88895499997307	202.99965828390856
153.1840539999539	202.99965828390856
153.4797719999915	202.99965828390856
153.77623399998993	202.99965828390856
154.0711499999743	202.99965828390856
154.36804400000256	138.9998957500782
154.45074399991427	138.9998957500782
154.881819000002	138.9998957500782
155.31509599997662	138.9998957500782
155.74597999989055	138.9998957500782
156.1782579999417	138.9998957500782
156.60872599994764	183.99997546666995
156.83184299990535	183.99997546666995
157.15759499999695	183.99997546666995
157.48429699998815	183.99997546666995
157.8107149999123	183.99997546666995
158.13623800000641	183.99997546666995
158.462005999987	183.99997546666995
158.7885149999056	183.99997546666995
159.11472299997695	183.99997546666995
159.43999199999962	183.99997546666995
159.76607999997213	183.99997546666995
160.09244999999646	183.99997546666995
160.41853799996898	182.99991765003705
160.42006499995477	182.99991765003705
160.7475169999525	182.99991765003705
161.07585499994457	182.99991765003705
161.40404399996623	182.99991765003705
161.73139899992384	182.99991765003705
162.05911199992988	182.99991765003705
162.38795499992557	31.0
163.3551059999736	31.0
165.29066800000146	31.0
167.22544099995866	216.99976130026258
167.44357499992475	216.99976130026258
167.72049300000072	216.99976130026258
167.9975979999872	216.99976130026258
168.27331699989736	216.99976130026258
168.5498249999946	69.00001725000432
169.31351299991366	69.00001725000432
170.18245599989314	69.00001725000432
171.05201499990653	69.00001725000432
171.92143499990925	69.00001725000432
172.79114299989305	140.0
172.91949299990665	140.0
173.34768799995072	140.0
173.77700599993113	140.0
174.20601099997293	140.0
174.63324699993245	55.99997760000896
175.26666500000283	55.99997760000896
176.33801099995617	55.99997760000896
177.410431999946	55.99997760000896
178.4816709998995	204.9999487500128
178.56831599993166	204.9999487500128
178.86221299995668	204.9999487500128
179.15402399993036	204.9999487500128
179.44633700000122	204.9999487500128
179.7404379999498	204.9999487500128
180.03151599992998	204.9999487500128
180.3251529999543	25.0
181.19454899989069	25.0
183.59486599999946	25.0
185.99419999995735	178.99974940035085
186.17407499998808	178.99974940035085
186.5096579999663	178.99974940035085
186.84398499992676	61.99999586666694
187.6846609999193	61.99999586666694
188.65248799999245	61.99999586666694
189.62239399994723	61.99999586666694
190.5893099999521	163.00007063336395
190.7195669999346	163.00007063336395
191.0887019999791	163.00007063336395
191.4566309999209	163.00007063336395
191.8245589999715	163.00007063336395
192.19216799992137	163.00007063336395
192.56059199990705	163.00007063336395
192.92829599999823	163.00007063336395
193.29761999996845	163.00007063336395
193.66546699998435	163.00007063336395
194.03297999990173	163.00007063336395
194.403166999924	163.00007063336395
194.76860299997497	163.00007063336395
195.1373569999123	163.00007063336395
195.50603499996942	163.00007063336395
195.87361299991608	163.00007063336395
196.24174699990544	163.00007063336395
196.60951300000306	163.00007063336395
196.97897299996112	163.00007063336395
197.34528899996076	163.00007063336395
197.7145770000061	163.00007063336395
198.08274899993557	163.00007063336395
198.45153500000015	163.00007063336395
198.81888599996455	163.00007063336395
199.1872269999003	163.00007063336395
199.5544130000053	163.00007063336395
199.92251399997622	163.00007063336395
200.29048999992665	163.00007063336395
200.65830699994694	163.00007063336395
201.0266039998969	163.00007063336395
201.39429999992717	163.00007063336395
201.7628679999616	163.00007063336395
202.131122999941	163.00007063336395
202.50005799997598	163.00007063336395
202.86735999991652	163.00007063336395
203.23555899993517	163.00007063336395
203.60306899994612	163.00007063336395
203.97154899989255	163.00007063336395
204.33991300000343	163.00007063336395
204.70788299990818	163.00007063336395
205.07645299995784	163.00007063336395
205.4436599999899	163.00007063336395
205.81332899990957	163.00007063336395
206.1806360000046	163.00007063336395
206.5490920000011	163.00007063336395
206.91573899996	163.00007063336395
207.28486999997403	163.00007063336395
207.65238599991426	163.00007063336395
208.02062500000466	163.00007063336395
208.3899429999292	163.00007063336395
208.75636399991345	163.00007063336395
209.1245039999485	163.00007063336395
209.49264299997594	163.00007063336395
209.86073799990118	163.00007063336395
210.23075399990194	163.00007063336395
210.59781799989287	163.00007063336395
210.96515099995304	163.00007063336395
211.33299099991564	163.00007063336395
211.70173499989323	163.00007063336395
212.0698529999936	163.00007063336395
212.4377219999442	163.00007063336395
212.8056510000024	163.00007063336395
213.17342899995856	163.00007063336395
213.54168099991512	163.00007063336395
213.90970099996775	163.00007063336395
214.27776599989738	163.00007063336395
214.64606399997137	163.00007063336395
215.01481500000227	163.00007063336395
215.38203300000168	163.00007063336395
215.75136999995448	163.00007063336395
216.11864499992225	163.00007063336395
216.48775799991563	163.00007063336395
216.85560399992391	163.00007063336395
217.2232359999325	163.00007063336395
217.59163299994543	163.00007063336395
217.96005299990065	163.00007063336395
218.32746999990195	163.00007063336395
218.69569699990097	163.00007063336395
219.06324499996845	163.00007063336395
219.43148699996527	163.00007063336395
219.80123199999798	163.00007063336395
220.16810799995437	163.00007063336395
220.53592399996705	163.00007063336395
220.90429199999198	163.00007063336395
221.28493500000332	163.00007063336395
221.64147399994545	163.00007063336395
222.00830399990082	163.00007063336395
222.37610100000165	163.00007063336395
222.74418099992909	163.00007063336395
223.11229899991304	163.00007063336395
223.48063399991952	163.00007063336395
223.84855699993204	163.00007063336395
224.21785199991427	163.00007063336395
224.5854189998936	163.00007063336395
224.9531629999401	163.00007063336395
225.32137099991087	163.00007063336395
225.68961899995338	163.00007063336395
226.05716999992728	163.00007063336395
226.42521499993745	163.00007063336395
226.79344699997455	163.00007063336395
227.1615949999541	163.00007063336395
227.529263000004	163.00007063336395
227.89752399991266	163.00007063336395
228.26671399991028	163.00007063336395
228.63360399997327	163.00007063336395
229.00333399989177	163.00007063336395
229.3724129999755	163.00007063336395
229.73964699998032	163.00007063336395
230.10628299997188	163.00007063336395
230.4745829999447	163.00007063336395
230.84253899997566	163.00007063336395
231.21157799998764	163.00007063336395
231.57882399996743	163.00007063336395
231.94702699990012	163.00007063336395
232.31588499993086	163.00007063336395
232.68280499998946	163.00007063336395
233.0522649999475	163.00007063336395
233.42565999994986	163.00007063336395
233.78740799997468	163.00007063336395


2.0584239999298006	120.0
2.5511969999643043	120.0
3.002256999956444	120.0
3.501060999929905	120.0
4.000865999958478	120.0
4.503817999968305	120.0
5.000490999897011	120.0
5.502396999974735	120.0
6.0010769999353215	120.0
6.502781999995932	120.0
7.0010749999200925	120.0
7.500658000004478	120.0
8.002353999996558	120.0
8.50068099994678	120.0
9.002485999953933	120.0
9.50073099997826	120.0
10.002105999970809	120.0
10.500914999982342	120.0
11.000199000001885	120.0
11.500376999960281	120.0
12.00095599994529	120.0
12.500766999903135	120.0
13.002834999933839	120.0
13.500706999911927	120.0
14.001111999968998	120.0
14.511464999988675	120.0
15.001729999901727	120.0
15.500785999931395	120.0
16.000727999955416	120.0
16.500356999924406	120.0
17.001373999984935	120.0
17.500420999946073	120.0
18.000654999981634	120.0
18.502789999940433	120.0
19.002656999975443	120.0
19.500780000002123	120.0
20.000681999954395	120.0
20.50085199996829	120.0
21.00229999993462	120.0
21.502335999975912	120.0
22.000812999904156	120.0
22.501048999954946	120.0
23.001462999964133	120.0
23.50073099997826	120.0
24.00191199989058	120.0
24.501588999992236	120.0
25.001904999953695	120.0
25.50121399993077	120.0
26.00047099997755	120.0
26.500575999962166	120.0
27.000587999937125	120.0
27.500637999968603	120.0
28.000689999898896	120.0
28.500688000000082	126.0
28.958288999972865	126.0
29.433791999937966	126.0
29.910115999984555	126.0
30.387132999952883	137.00006393336318
30.805266999988817	137.00006393336318
31.240879999939352	137.00006393336318
31.678254999918863	137.00006393336318
32.11553399998229	137.00006393336318
32.55291499989107	137.00006393336318
32.99098299990874	137.00006393336318
33.42856099992059	137.00006393336318
33.866649999981746	137.00006393336318
34.30536499992013	34.99999416666764
34.9048349999357	34.99999416666764
36.620345999952406	195.000195000195
36.858589999959804	195.000195000195
37.165240999893285	195.000195000195
37.47262999997474	195.000195000195
37.78180499991868	195.000195000195
38.0874049999984	195.000195000195
38.39538499992341	195.000195000195
38.70286199997645	195.000195000195
39.01132199994754	195.000195000195
39.31846499990206	195.000195000195
39.62667199992575	195.000195000195
39.93447999993805	195.000195000195
40.24131899990607	195.000195000195
40.54896399995778	48.0
41.47267099993769	48.0
42.72102499997709	218.99968245046045
42.78892699989956	218.99968245046045
43.06184099998791	218.99968245046045
43.336611999897286	218.99968245046045
43.6118439999409	218.99968245046045
43.88397999992594	218.99968245046045
44.15753099997528	218.99968245046045
44.43168399995193	218.99968245046045
44.70656799990684	218.99968245046045
44.979891999973916	218.99968245046045
45.253627999918535	218.99968245046045
45.529020999907516	218.99968245046045
45.80302699992899	218.99968245046045
46.07651899999473	218.99968245046045
46.35111299995333	142.0000710000355
46.48105599998962	142.0000710000355
46.90308199997526	142.0000710000355
47.32672399992589	142.0000710000355
47.74793299997691	142.0000710000355
48.17068899993319	39.0
48.323899999959394	39.0
49.86296699999366	39.0
51.400726999971084	39.0
52.941679999930784	90.99995298335763
53.127642999985255	90.99995298335763
53.787367999902926	90.99995298335763
54.44635499990545	28.000001866666793
55.17559799994342	28.000001866666793
57.32006299996283	28.000001866666793
59.46116599999368	203.0
59.48761499999091	203.0
59.786413999972865	203.0
60.07856399996672	203.0
60.37449499999639	167.00020318358054
60.42711299995426	167.00020318358054
60.78599299991038	167.00020318358054
61.14601999998558	167.00020318358054
61.50462999998126	167.00020318358054
61.86389999999665	167.00020318358054
62.223371999920346	167.00020318358054
62.58212799998	167.00020318358054
62.94146899995394	167.00020318358054
63.30052599997725	167.00020318358054
63.66017599997576	167.00020318358054
64.01925199991092	167.00020318358054
64.37998599989805	69.00001725000432
64.73771399992984	69.00001725000432
65.60803699993994	69.00001725000432
66.47795499989297	218.99968245046045
66.50862699991558	218.99968245046045
66.78225599997677	218.99968245046045
67.05508199997712	218.99968245046045
67.32919600000605	218.99968245046045
67.60298799991142	218.99968245046045
67.87749399989843	218.99968245046045
68.15092299995013	218.99968245046045
68.42545099998824	218.99968245046045
68.70135599991772	218.99968245046045
68.9734349999344	218.99968245046045
69.24807099997997	218.99968245046045
69.5235489999177	218.99968245046045
69.7955489999149	218.99968245046045
70.06912499992177	218.99968245046045
70.34277599991765	38.99998830000351
71.34716499992646	38.99998830000351
72.88607699994463	211.00014066676044
73.1215769998962	211.00014066676044
73.40634299989324	211.00014066676044
73.69057799992152	211.00014066676044
73.97524699999485	211.00014066676044
74.25981299998239	211.00014066676044
74.54299200000241	211.00014066676044
74.82864500000142	211.00014066676044
75.11203999991994	211.00014066676044
75.39678299997468	211.00014066676044
75.68083199998364	211.00014066676044
75.96479199989699	211.00014066676044
76.24932899989653	96.99995311668933
76.38835599995218	96.99995311668933
77.00716199993622	96.99995311668933
77.62645799992606	96.99995311668933
78.24471199989785	196.0
78.49412599997595	196.0
78.80013299989514	196.0
79.10563599993475	196.0
79.41310499992687	196.0
79.7181279999204	196.0
80.0237559999805	196.0
80.33157999999821	196.0
80.6368979999097	196.0
80.94256399990991	196.0
81.24866799998563	196.0
81.55440299992915	196.0
81.86163800000213	196.0
82.16813599993475	69.99998833333528
82.23115599993616	69.99998833333528
83.08728799992241	69.99998833333528
83.94508699991275	69.99998833333528
84.80123199999798	200.0
84.97018699999899	200.0
85.26957099989522	200.0
85.56835499999579	200.0
85.8694559999276	200.0
86.17023299995344	200.0
86.46958199993242	200.0
86.76857099996414	200.0
87.06874699995387	200.0
87.3680549999699	200.0
87.66990599990822	200.0
87.97011399990879	200.0
88.26974199991673	102.0
88.39415899990126	102.0
88.98932299995795	102.0
89.57139599998482	102.0
90.15857400000095	103.0000480666891
90.74092599994037	103.0000480666891
91.32364199997392	103.0000480666891
91.90746199991554	103.0000480666891
92.48981299996376	103.0000480666891
93.0709729999071	103.0000480666891
93.65445499995258	103.0000480666891
94.23612799996044	192.99989385005838
94.50433899997734	192.99989385005838
94.81503899989184	192.99989385005838
95.12606199993752	192.99989385005838
95.43802599993069	192.99989385005838
95.74737999995705	192.99989385005838
96.05992899998091	192.99989385005838
96.37141899997368	211.99990106671282
96.63232400000561	211.99990106671282
96.91583499999251	211.99990106671282
97.19848999998067	211.99990106671282
97.48144699994009	211.99990106671282
97.76538100000471	211.99990106671282
98.04728699999396	211.99990106671282
98.33035399997607	211.99990106671282
98.61395399994217	211.99990106671282
98.89669099997263	211.99990106671282
99.17989399994258	211.99990106671282
99.46219699992798	211.99990106671282
99.74631899991073	211.99990106671282
100.02867299993522	211.99990106671282
100.31180699996185	186.9997756002693
100.33415099990088	186.9997756002693
100.65468399995007	186.9997756002693
100.97610999993049	186.9997756002693
101.29705199995078	186.9997756002693
101.61859299999196	186.9997756002693
101.93831299990416	186.9997756002693
102.25868099997751	189.000189000189
102.57606599992141	189.000189000189
102.89270599989686	189.000189000189
103.21034099999815	189.000189000189
103.52736700000241	189.000189000189
103.84517599991523	189.000189000189
104.1622249999782	189.000189000189
104.47960899991449	189.000189000189
104.7977869999595	189.000189000189
105.1149349999614	189.000189000189
105.43235499993898	189.000189000189
105.74974499992095	189.000189000189
106.06733999995049	189.000189000189
106.38441599998623	73.99998273333736
106.64947999990545	73.99998273333736
107.4610709999688	73.99998273333736
108.27110599994194	132.0
108.67408699996304	132.0
109.1292029999895	132.0
109.58286099997349	132.0
110.03821399994195	132.0
110.49235999991652	132.0
110.94723699998576	132.0
111.40115499997046	132.0
111.85572299989872	132.0
112.31106099998578	125.0
112.31922399997711	125.0
112.79973099997733	125.0
113.27940799994394	125.0
113.7596579999663	125.0
114.2390819999855	214.99982083348263
114.4878289999906	214.99982083348263
114.76586799998768	214.99982083348263
115.04463899997063	214.99982083348263
115.32372699992266	214.99982083348263
115.60352799994871	214.99982083348263
115.88184099993668	214.99982083348263
116.1607419999782	214.99982083348263
116.43982099997811	214.99982083348263
116.72016099991743	214.99982083348263
116.9984439999098	214.99982083348263
117.2790859999368	214.99982083348263
117.55684299999848	214.99982083348263
117.83652299991809	214.99982083348263
118.11478299996816	214.99982083348263
118.3938639999833	186.0
118.42862599994987	186.0
118.75300599995535	186.0
119.0745979999192	186.0
119.39640399999917	186.0
119.71974999993108	186.0
120.04265899991151	186.0
120.36423999990802	213.00010650005325
120.62464499997441	213.00010650005325
120.90668999997433	213.00010650005325
121.18818599998485	213.00010650005325
121.47117899998557	213.00010650005325
121.75157699990086	213.00010650005325
122.03304699994624	213.00010650005325
122.31513299990911	213.00010650005325
122.59760199999437	213.00010650005325
122.87895299994852	213.00010650005325
123.16075599996839	213.00010650005325
123.44119099993259	213.00010650005325
123.72282099991571	213.00010650005325
124.00498599989805	213.00010650005325
124.28700699994806	94.99999208333399
124.4425849999534	94.99999208333399
125.07440299994778	94.99999208333399
125.70609199989121	94.99999208333399
126.33721399994101	172.99990485005233
126.60614499996882	172.99990485005233
126.95263399998657	172.99990485005233
127.30120200000238	172.99990485005233
127.64561099989805	172.99990485005233
127.99274199991487	172.99990485005233
128.33970799995586	172.99990485005233
128.68691699998453	172.99990485005233
129.03319799993187	172.99990485005233
129.37991099990904	172.99990485005233
129.72688699990977	172.99990485005233
130.07349099998828	172.99990485005233
130.4206089999061	177.00002655000398
130.75493299996015	177.00002655000398
131.09320699993987	177.00002655000398
131.43172899994534	177.00002655000398
131.772355999914	177.00002655000398
132.1095619999105	177.00002655000398
132.44939199998043	198.000198000198
132.7219889999833	198.000198000198
133.02493600000162	198.000198000198
133.3281179999467	198.000198000198
133.63188999996055	198.000198000198
133.9346989999758	198.000198000198
134.23706199997105	198.000198000198
134.54074999992736	198.000198000198
134.84306299989112	198.000198000198
135.14709899993613	198.000198000198
135.4489749999484	198.000198000198
135.7519349999493	198.000198000198
136.05589099996723	198.000198000198
136.35922499990556	182.99991765003705
136.3739099999657	182.99991765003705
136.70140299992636	182.99991765003705
137.0290799998911	182.99991765003705
137.35722799994983	182.99991765003705
137.68577099998947	182.99991765003705
138.0130019999342	182.99991765003705
138.3412519999547	99.0
138.48278699989896	99.0
139.08912899997085	99.0
139.69516599993221	99.0
140.30302199989092	99.0
140.90742699999828	99.0
141.51307699992321	99.0
142.11962099990342	99.0
142.72558699990623	130.00013000013
143.0561409998918	130.00013000013
143.51753299997654	130.00013000013
143.97992399998475	130.00013000013
144.44144500000402	115.00002875000719
144.4733169999672	115.00002875000719
144.99528099992312	115.00002875000719
145.51734999998007	115.00002875000719
146.03997899999376	115.00002875000719
146.56209499994293	115.00002875000719
147.08219699992333	115.00002875000719
147.60364099999424	115.00002875000719
148.12555199989583	115.00002875000719
148.6472969999304	22.0
150.6210939999437	202.99965828390856
150.81973499991	202.99965828390856
151.11508699995466	202.99965828390856
151.41156299994327	202.99965828390856
151.70724199991673	202.99965828390856
152.00321599992458	202.99965828390856
152.29941399989184	202.99965828390856
152.59379799989983	202.99965828390856
152.88873399992008	202.99965828390856
153.18460599996615	202.99965828390856
153.47956399992108	202.99965828390856
153.77600899990648	202.99965828390856
154.0706689999206	202.99965828390856
154.36702899995726	138.9998957500782
154.45050399994943	138.9998957500782
154.881819000002	138.9998957500782
155.31526800000574	138.9998957500782
155.7456049999455	138.9998957500782
156.17897099989932	138.9998957500782
156.60845299996436	183.99997546666995
156.83154799998738	183.99997546666995
157.1573919999646	183.99997546666995
157.48388799990062	183.99997546666995
157.81011599989142	183.99997546666995
158.1360149999382	183.99997546666995
158.46161799994297	183.99997546666995
158.78876099991612	183.99997546666995
159.11501700000372	183.99997546666995
159.44046999991406	183.99997546666995
159.76603699999396	183.99997546666995
160.0928089999361	183.99997546666995
160.41827099991497	182.99991765003705
160.419591999962	182.99991765003705
160.7476719999686	182.99991765003705
161.0760359999258	182.99991765003705
161.40399899997283	182.99991765003705
161.73130899993703	182.99991765003705
162.05937599996105	182.99991765003705
162.38835999998264	30.99999793333347
163.3544980000006	30.99999793333347
165.29115899989847	30.99999793333347
167.2257329999702	216.99976130026258
167.44324699998833	216.99976130026258
167.7199149999069	216.99976130026258
167.9979689999018	216.99976130026258
168.27311799989548	69.0
168.4432079999242	69.0
169.31347399996594	69.0
170.18270299991127	69.0
171.05220699997153	69.0
171.92144399997778	69.0
172.7911089999834	140.00014000014
172.91972099989653	140.00014000014
173.34784499998204	140.00014000014
173.77656699996442	140.00014000014
174.2056829999201	140.00014000014
174.6329459999688	55.99997760000896
175.26688199990895	55.99997760000896
176.3382579999743	55.99997760000896
177.4097049999982	55.99997760000896
178.48120099992957	205.0
178.56870699999854	205.0
178.86221299995668	205.0
179.1542480000062	205.0
179.44624899991322	205.0
179.74041799991392	205.0
180.03151599992998	205.0
180.3251529999543	25.0
181.19451800000388	25.0
183.5948999999091	25.0
185.99442000000272	178.99974940035085
186.17428199993446	178.99974940035085
186.51013899990357	61.99999586666694
186.7176749999635	61.99999586666694
187.68410099996254	61.99999586666694
188.65212399989832	61.99999586666694
189.62182699993718	61.99999586666694
190.5887329999823	163.00007063336395
190.71954599989112	163.00007063336395
191.08886899997015	163.00007063336395
191.45697099994868	163.00007063336395
191.82472699997015	163.00007063336395
192.19240800000262	163.00007063336395
192.56013100000564	163.00007063336395
192.92838599998504	163.00007063336395
193.2975929999957	163.00007063336395
193.66518599994015	163.00007063336395
194.03274999989662	163.00007063336395
194.40339399990626	163.00007063336395
194.76878599997144	163.00007063336395
195.1374529999448	163.00007063336395
195.5057749999687	163.00007063336395
195.8733849999262	163.00007063336395
196.24198599997908	163.00007063336395
196.60916599992197	163.00007063336395
196.9787629999919	163.00007063336395
197.34547999990173	163.00007063336395
197.71399799990468	163.00007063336395
198.0830999999307	163.00007063336395
198.45126899995375	163.00007063336395
198.81914099992719	163.00007063336395
199.1869819998974	163.00007063336395
199.55400499992538	163.00007063336395
199.92238199990243	163.00007063336395
200.290338999941	163.00007063336395
200.65808299998753	163.00007063336395
201.0268329998944	163.00007063336395
201.3945029999595	163.00007063336395
201.76339599990752	163.00007063336395
202.13160999992397	163.00007063336395
202.50039199995808	163.00007063336395
202.86737599992193	163.00007063336395
203.2357919999631	163.00007063336395
203.6035709999269	163.00007063336395
203.97205300000496	163.00007063336395
204.33945499989204	163.00007063336395
204.70790199993644	163.00007063336395
205.07642199995462	163.00007063336395
205.4437129999278	163.00007063336395
205.8128639999777	163.00007063336395
206.1805849999655	163.00007063336395
206.54886499990243	163.00007063336395
206.9159899998922	163.00007063336395
207.28466199990362	163.00007063336395
207.6525959999999	163.00007063336395
208.02043099992443	163.00007063336395
208.39038299990352	163.00007063336395
208.75671299989335	163.00007063336395
209.12473499996122	163.00007063336395
209.49239299993496	163.00007063336395
209.8605239999015	163.00007063336395
210.23045099992305	163.00007063336395
210.59816999989562	163.00007063336395
210.96494499989785	163.00007063336395
211.3335499999812	163.00007063336395
211.7015159999719	163.00007063336395
212.07010199991055	163.00007063336395
212.4375529999379	163.00007063336395
212.80539699993096	163.00007063336395
213.17415399989113	163.00007063336395
213.54207899991889	163.00007063336395
213.90989499993157	163.00007063336395
214.2777289999649	163.00007063336395
214.64583299995866	163.00007063336395
215.01575699995738	163.00007063336395
215.38204399996903	163.00007063336395
215.75144999998156	163.00007063336395
216.11823499994352	163.00007063336395
216.48756599996705	163.00007063336395
216.8553199999733	163.00007063336395
217.22324500000104	163.00007063336395
217.59163299994543	163.00007063336395
217.96059199993033	163.00007063336395
218.32767099991906	163.00007063336395
218.69612699991558	163.00007063336395
219.06342199991923	163.00007063336395
219.4311999999918	163.00007063336395
219.8009809999494	163.00007063336395
220.16784699994605	163.00007063336395
220.5363349999534	163.00007063336395
220.90363199997228	163.00007063336395
221.2724069999531	163.00007063336395
221.64097599999513	163.00007063336395
222.00854399998207	163.00007063336395
222.37653999996837	163.00007063336395
222.7443369999528	163.00007063336395
223.11210599995684	163.00007063336395
223.48019099992234	163.00007063336395
223.84833299997263	163.00007063336395
224.2181719999062	163.00007063336395
224.5852339999983	163.00007063336395
224.9526509999996	163.00007063336395
225.3216479999246	163.00007063336395
225.68942299997434	163.00007063336395
226.05694699997548	163.00007063336395
226.42537799989805	163.00007063336395
226.79323099995963	163.00007063336395
227.161364999949	163.00007063336395
227.52968999999575	163.00007063336395
227.89736199995968	163.00007063336395
228.2657079999335	163.00007063336395
228.6341099999845	163.00007063336395
229.00295699993148	163.00007063336395
229.37218700000085	163.00007063336395
229.73988699994516	163.00007063336395
230.10602299997117	163.00007063336395
230.47434399998747	163.00007063336395
230.8422459999565	163.00007063336395
231.21134799998254	163.00007063336395
231.5783919999376	163.00007063336395
231.94666699995287	163.00007063336395
232.31545499991626	163.00007063336395
232.68258499994408	163.00007063336395
233.05199899990112	163.00007063336395
233.42419299995527	163.00007063336395
233.7871869999217	163.00007063336395


4.051592999952845	120.0
4.549282999942079	120.0
5.000313999946229	120.0
5.502163999946788	120.0
6.000912999967113	120.0
6.502480999915861	120.0
7.000413999892771	120.0
7.500358999939635	120.0
8.002363999956287	120.0
8.500421999953687	120.0
9.00203699991107	120.0
9.5004079999635	120.0
10.001811999944039	120.0
10.500710999942385	120.0
11.00057899998501	120.0
11.500713999965228	120.0
12.00074799999129	120.0
12.500892999931239	120.0
13.002318999962881	120.0
13.500176999950781	120.0
14.000333999982104	120.0
14.50049299991224	120.0
15.002254999941215	120.0
15.500875999918208	120.0
16.00066199991852	120.0
16.50060599995777	120.0
17.001623999909498	120.0
17.500802999944426	120.0
18.000429999898188	120.0
18.502775999950245	120.0
19.002677999902517	120.0
19.500566999893636	120.0
20.00083999999333	120.0
20.500723999924958	120.0
21.002027999958955	120.0
21.50279199995566	120.0
22.00037699996028	120.0
22.50115799997002	120.0
23.001462999964133	120.0
23.500562999979593	120.0
24.001796999946237	120.0
24.501606000005268	120.0
25.002095000003465	120.0
25.501547999912873	120.0
26.00065199995879	120.0
26.500763999996707	120.0
27.00034099991899	120.0
27.500293999910355	120.0
28.0004079999635	120.0
28.501101999892853	126.000126000126
28.958833999931812	126.000126000126
29.434227999998257	126.000126000126
29.910371999954805	126.000126000126
30.386974999913946	137.0
30.801017999998294	137.0
31.240899999975227	137.0
31.678232999984175	137.0
32.11528599995654	137.0
32.55297099996824	137.0
32.990648999926634	137.0
33.42862299992703	137.0
33.86639099998865	137.0
34.305374999996275	34.99999416666764
34.90484899992589	34.99999416666764
36.619778999942355	195.000195000195
36.85811599995941	195.000195000195
37.1651379999239	195.000195000195
37.47232899989467	195.000195000195
37.78232499992009	195.000195000195
38.0880279999692	195.000195000195
38.39578499994241	195.000195000195
38.70319399994332	195.000195000195
39.01101099990774	195.000195000195
39.3181409999961	195.000195000195
39.626354999956675	195.000195000195
39.93423399992753	195.000195000195
40.24116299999878	195.000195000195
40.549156999913976	48.0
41.47291899996344	48.0
42.721354999928735	218.99968245046045
42.78844799997751	218.99968245046045
43.06217699998524	218.99968245046045
43.336376999970526	218.99968245046045
43.61232899990864	218.99968245046045
43.884315999923274	218.99968245046045
44.157993999891914	218.99968245046045
44.431496999925	218.99968245046045
44.706288999994285	218.99968245046045
44.980108999996446	218.99968245046045
45.253817999968305	218.99968245046045
45.52915600000415	218.99968245046045
45.80324399995152	218.99968245046045
46.07697299995925	218.99968245046045
46.35095699992962	142.0000710000355
46.48068299994338	142.0000710000355
46.902753999922425	142.0000710000355
47.326474999892525	142.0000710000355
47.7482739998959	142.0000710000355
48.17030699993484	38.99998830000351
48.323899999959394	38.99998830000351
49.86288799997419	38.99998830000351
51.40104299993254	38.99998830000351
52.94148499995936	90.99995298335763
53.127900999970734	90.99995298335763
53.78751900000498	90.99995298335763
54.44605299993418	28.000001866666793
55.175656999927014	28.000001866666793
57.31979599990882	28.000001866666793
59.461384999915026	202.99965828390856
59.48806599993259	202.99965828390856
59.786186999990605	202.99965828390856
60.07836499996483	202.99965828390856
60.37431799992919	167.0
60.42693600000348	167.0
60.785752999945544	167.0
61.14580399997067	167.0
61.50446299999021	167.0
61.86340199992992	167.0
62.22353600000497	167.0
62.5818829999771	167.0
62.94125899998471	167.0
63.30052599997725	167.0
63.660009999992326	167.0
64.01905799994711	167.0
64.38073899992742	69.00001725000432
64.73815999994986	69.00001725000432
65.60840299993288	69.00001725000432
66.47766400000546	218.99968245046045
66.50833399989642	218.99968245046045
66.78251900000032	218.99968245046045
67.05540199996904	218.99968245046045
67.33002199989278	218.99968245046045
67.6032309998991	218.99968245046045
67.87767899991013	218.99968245046045
68.15109399997164	218.99968245046045
68.42568899993785	218.99968245046045
68.70143999997526	218.99968245046045
68.97344599990174	218.99968245046045
69.24783899995964	218.99968245046045
69.52320299996063	218.99968245046045
69.79586399998516	218.99968245046045
70.06938399991486	218.99968245046045
70.3432539999485	39.0
71.34766299999319	39.0
72.8859039999079	211.00014066676044
73.12182299990673	211.00014066676044
73.4066729999613	211.00014066676044
73.69034899992403	211.00014066676044
73.9747769999085	211.00014066676044
74.25980499992147	211.00014066676044
74.54281099990476	211.00014066676044
74.82819499995094	211.00014066676044
75.11186799989082	211.00014066676044
75.3970079999417	211.00014066676044
75.68059599993285	211.00014066676044
75.9644739999203	211.00014066676044
76.24898199993186	96.99995311668933
76.38853100000415	96.99995311668933
77.00728399993386	96.99995311668933
77.6264609999489	96.99995311668933
78.24463799991645	196.0002874670883
78.49442399991676	196.0002874670883
78.79957999999169	196.0002874670883
79.10582599998452	196.0002874670883
79.41334599989932	196.0002874670883
79.71766799991019	196.0002874670883
80.02420200000051	196.0002874670883
80.33206899999641	196.0002874670883
80.63724999991246	196.0002874670883
80.94233099999838	196.0002874670883
81.24929899990093	196.0002874670883
81.55466399993747	196.0002874670883
81.86213499994483	196.0002874670883
82.16840099997353	69.99998833333528
82.23163799999747	69.99998833333528
83.08713299990632	69.99998833333528
83.94484299991746	69.99998833333528
84.80173599999398	200.0
84.97000199998729	200.0
85.26932199997827	200.0
85.56791199999861	200.0
85.86916399991605	200.0
86.17000499996357	200.0
86.46930399991106	200.0
86.7687389999628	200.0
87.06854299991392	200.0
87.36835499992594	200.0
87.66944699990563	200.0
87.96987899998203	200.0
88.26937699993141	102.0000510000255
88.39391399989836	102.0000510000255
88.98253899998963	102.0000510000255
89.57068499992602	102.0000510000255
90.15919699997175	103.0
90.7413279999746	103.0
91.3234709999524	103.0
91.90719699999318	103.0
92.49008899996988	103.0
93.07130799989682	103.0
93.65420699992683	103.0
94.2365620000055	192.99989385005838
94.50476099993102	192.99989385005838
94.81479299999774	192.99989385005838
95.12560399994254	192.99989385005838
95.438315999927	192.99989385005838
95.7473689999897	192.99989385005838
96.06019799993373	192.99989385005838
96.37104799994268	211.99990106671282
96.63220499991439	211.99990106671282
96.91554799990263	211.99990106671282
97.19830799999181	211.99990106671282
97.48151099996176	211.99990106671282
97.76519999990705	211.99990106671282
98.0475129999686	211.99990106671282
98.33083299989812	211.99990106671282
98.61349499993958	211.99990106671282
98.8964969998924	211.99990106671282
99.18046999990474	211.99990106671282
99.46265499992296	211.99990106671282
99.74654899991583	211.99990106671282
100.02915199997369	211.99990106671282
100.31136399996467	187.0
100.33381899993401	187.0
100.65439999999944	187.0
100.97588899999391	187.0
101.29729699995369	187.0
101.61832099989988	187.0
101.93801099993289	187.0
102.25878599996213	189.000189000189
102.57576599996537	189.000189000189
102.89236499997787	189.000189000189
103.21059099992272	189.000189000189
103.52755999995861	189.000189000189
103.84535499999765	189.000189000189
104.1619279999286	189.000189000189
104.48000699991826	189.000189000189
104.79751499998383	189.000189000189
105.1154019999085	189.000189000189
105.43214699998498	189.000189000189
105.75033999991138	189.000189000189
106.06747699994594	189.000189000189
106.38461799989454	73.99998273333736
106.64950099994894	73.99998273333736
107.46093499998096	73.99998273333736
108.27162599994335	132.000132000132
108.67443099990487	132.000132000132
109.12861399992835	132.000132000132
109.58315999992192	132.000132000132
110.03793899994344	132.000132000132
110.49219099991024	132.000132000132
110.9475289999973	132.000132000132
111.40092399995774	132.000132000132
111.85598299989942	132.000132000132
112.31070099992212	125.0
112.31892599991988	125.0
112.80011499999091	125.0
113.27914299990516	125.0
113.75911699992139	125.0
114.23913199990056	214.99982083348263
114.487577999942	214.99982083348263
114.76552599994466	214.99982083348263
115.04491699999198	214.99982083348263
115.32397399994079	214.99982083348263
115.60318499989808	214.99982083348263
115.88202899997123	214.99982083348263
116.16101699997671	214.99982083348263
116.44006699998863	214.99982083348263
116.71990899997763	214.99982083348263
116.99805699998979	214.99982083348263
117.27874699991662	214.99982083348263
117.55647700000554	214.99982083348263
117.83627599989995	214.99982083348263
118.11450999998488	214.99982083348263
118.39376299991272	185.99979540022505
118.42884399998002	185.99979540022505
118.7524609999964	185.99979540022505
119.07464099989738	185.99979540022505
119.39613799995277	185.99979540022505
119.72023899992928	185.99979540022505
120.04286299995147	185.99979540022505
120.36395699996501	213.0
120.62440699990839	213.0
120.90610499994364	213.0
121.18816599994898	213.0
121.47113499999978	213.0
121.7520089999307	213.0
122.03326799999923	213.0
122.31491299998015	213.0
122.59781700000167	213.0
122.87873299990315	213.0
123.16072499996517	213.0
123.44116499996744	213.0
123.72320599993691	213.0
124.00453599996399	213.0
124.28759999992326	94.99999208333399
124.44310799997766	94.99999208333399
125.0746569999028	94.99999208333399
125.70636199996807	94.99999208333399
126.3373909998918	172.99990485005233
126.60637799999677	172.99990485005233
126.95283899991773	172.99990485005233
127.3009149999125	172.99990485005233
127.64587499992922	172.99990485005233
127.99257899995428	172.99990485005233
128.3399249999784	172.99990485005233
128.68683099991176	172.99990485005233
129.03319799993187	172.99990485005233
129.38045199995395	172.99990485005233
129.72663499996997	172.99990485005233
130.07369499991182	172.99990485005233
130.42043199995533	177.0
130.75618799997028	177.0
131.0933949999744	177.0
131.4322669999674	177.0
131.77199399995152	177.0
132.10993499995675	177.0
132.44983599998523	198.000198000198
132.72242399991956	198.000198000198
133.0251339999959	198.000198000198
133.32792099996004	198.000198000198
133.63231999997515	198.000198000198
133.93450099998154	198.000198000198
134.23704199993517	198.000198000198
134.541138999979	198.000198000198
134.84308899997268	198.000198000198
135.148022999987	198.000198000198
135.4489749999484	198.000198000198
135.75225599994883	198.000198000198
136.0556959999958	198.000198000198
136.3594719999237	182.99991765003705
136.3741639999207	182.99991765003705
136.70123999996576	182.99991765003705
137.02967799990438	182.99991765003705
137.35766599990893	182.99991765003705
137.68597299989779	182.99991765003705
138.01282199996058	182.99991765003705
138.3417489998974	98.99993565004183
138.48320899996907	98.99993565004183
139.0891479999991	98.99993565004183
139.69516599993221	98.99993565004183
140.30087199993432	98.99993565004183
140.90767999994569	98.99993565004183
141.51307699992321	98.99993565004183
142.11934699991252	98.99993565004183
142.72522399993613	130.00013000013
143.05619799997658	130.00013000013
143.5175229999004	130.00013000013
143.97945899993647	130.00013000013
144.44120899995323	115.00002875000719
144.47383399994578	115.00002875000719
144.99511699995492	115.00002875000719
145.51765399996657	115.00002875000719
146.04016599990427	115.00002875000719
146.56182399997488	115.00002875000719
147.0824019999709	115.00002875000719
147.60388700000476	115.00002875000719
148.12587299989536	115.00002875000719
148.64751599996816	21.99999780000022
150.62091299996246	203.0
150.81982199999038	203.0
151.11512499989476	203.0
151.41114699991886	203.0
151.70710799994413	203.0
152.00285199994687	203.0
152.29913399997167	203.0
152.59353799989913	203.0
152.88882100000046	203.0
153.18446299992502	203.0
153.47956399992108	203.0
153.77593899995554	203.0
154.07088899996597	203.0
154.3669949999312	138.9998957500782
154.4507619999349	138.9998957500782
154.8821159999352	138.9998957500782
155.31501099991146	138.9998957500782
155.74529299989808	138.9998957500782
156.179080999922	138.9998957500782
156.60895799996797	183.99997546666995
156.83180299995	183.99997546666995
157.15786399994977	183.99997546666995
157.48415499995463	183.99997546666995
157.8104919999605	183.99997546666995
158.13641999999527	183.99997546666995
158.46185199997853	183.99997546666995
158.7889509999659	183.99997546666995
159.11446499999147	183.99997546666995
159.44018099992536	183.99997546666995
159.76627599995118	183.99997546666995
160.09262899996247	183.99997546666995
160.4187689999817	183.0
160.42032799997833	183.0
160.74786199990194	183.0
161.0755689999787	183.0
161.40361399995163	183.0
161.73163499997463	183.0
162.0588169998955	183.0
162.3881659999024	30.99999793333347
163.35495599999558	30.99999793333347
165.29095599998254	30.99999793333347
167.22571199992672	216.99976130026258
167.44367199996486	216.99976130026258
167.72044299996924	216.99976130026258
167.9976059999317	216.99976130026258
168.27310999995098	216.99976130026258
168.5500629999442	69.00001725000432
169.31330599996727	69.00001725000432
170.18276899994817	69.00001725000432
171.05220699997153	69.00001725000432
171.92167799989693	69.00001725000432
172.79147399996873	140.00014000014
172.91894299990963	140.00014000014
173.34775600000285	140.00014000014
173.77656699996442	140.00014000014
174.20464099990204	140.00014000014
174.633302000002	55.99997760000896
175.2664339999901	55.99997760000896
176.33778099995106	55.99997760000896
177.40999600000214	55.99997760000896
178.48124999995343	204.9999487500128
178.56827799999155	204.9999487500128
178.86244199995417	204.9999487500128
179.15402399993036	204.9999487500128
179.44649399991613	204.9999487500128
179.7406619999092	204.9999487500128
180.03193899989128	204.9999487500128
180.32538499997463	25.0
181.19474799989257	25.0
183.5955299999332	25.0
185.99456499994267	178.99974940035085
186.17441399989184	178.99974940035085
186.51001699990593	61.99999586666694
186.71765000000596	61.99999586666694
187.68444399989676	61.99999586666694
188.65177199989557	61.99999586666694
189.62206099997275	61.99999586666694
190.58875699993223	163.0
190.71976499992888	163.0
191.08905599999707	163.0
191.45661499991547	163.0
191.8245389999356	163.0
192.19256599992514	163.0
192.56043399998453	163.0
192.9284639999969	163.0
193.2981509999372	163.0
193.66563899989706	163.0
194.0331629998982	163.0
194.403166999924	163.0
194.76859399990644	163.0
195.13759800000116	163.0
195.5055299999658	163.0
195.87379300000612	163.0
196.24145999993198	163.0
196.60934799991082	163.0
196.9791419999674	163.0
197.34564600000158	163.0
197.71477399999276	163.0
198.08295499999076	163.0
198.45145199995022	163.0
198.81905799999367	163.0
199.1873599999817	163.0
199.55401199997868	163.0
199.92233899992425	163.0
200.2900279999012	163.0
200.65807199990377	163.0
201.02621399995405	163.0
201.39459399995394	163.0
201.76316099998076	163.0
202.1314339999808	163.0
202.500340999919	163.0
202.86777899996378	163.0
203.23534999997355	163.0
203.6035629999824	163.0
203.97212499997113	163.0
204.33967599994503	163.0
204.70844399998896	163.0
205.07688199996483	163.0
205.44382799998857	163.0
205.81290599994827	163.0
206.1811029999517	163.0
206.54889599990565	163.0
206.91601099993568	163.0
207.2846969999373	163.0
207.65239699999802	163.0
208.02067499991972	163.0
208.39019899989944	163.0
208.7566859999206	163.0
209.12470899999607	163.0
209.49302999989595	163.0
209.860915999976	163.0
210.2307209999999	163.0
210.59851199993864	163.0
210.9653399999952	163.0
211.33331999997608	163.0
211.7012809999287	163.0
212.06948700000066	163.0
212.43786999990698	163.0
212.8058229999151	163.0
213.17380599991884	163.0
213.54202900000382	163.0
213.90991399995983	163.0
214.27796199999284	163.0
214.64583299995866	163.0
215.0158119999105	163.0
215.38229799992405	163.0
215.75090099999215	163.0
216.11848799989093	163.0
216.48776599997655	163.0
216.85504799999762	163.0
217.22346499993	163.0
217.59181999997236	163.0
217.9600419999333	163.0
218.32732599996962	163.0
218.6959799999604	163.0
219.06301399995573	163.0
219.43161799991503	163.0
219.8012499999022	163.0
220.16790099989157	163.0
220.5359129999997	163.0
220.90400699991733	163.0
221.27754899999127	163.0
221.640907999943	163.0
222.00836300000083	163.0
222.37633100000676	163.0
222.74419499991927	163.0
223.1121179999318	163.0
223.4804549999535	163.0
223.84855699993204	163.0
224.21814399992581	163.0
224.58548799995333	163.0
224.9526509999996	163.0
225.32117699994706	163.0
225.68963699997403	163.0
226.05736899992917	163.0
226.42498499993235	163.0
226.79357899993192	163.0
227.16181899991352	163.0
227.5294789999025	163.0
227.89771599997766	163.0
228.26617799990345	163.0
228.6338659999892	163.0
229.0035069999285	163.0
229.37240799993742	163.0
229.74011699995026	163.0
230.1064629999455	163.0
230.47472999989986	163.0
230.8427649999503	163.0
231.21161699993536	163.0
231.57840299990494	163.0
231.94693199999165	163.0
232.31571499991696	163.0
232.68282799993176	163.0
233.0519820000045	163.0
233.42421500000637	163.0
233.7871869999217	163.0


6.065785999991931	120.0
6.557447999948636	120.0
7.000884999986738	120.0
7.500584999914281	120.0
8.002157999901101	120.0
8.500649999943562	120.0
9.002250999910757	120.0
9.501041999901645	120.0
10.002202999894507	120.0
10.501111999968998	120.0
11.00038899993524	120.0
11.500572999939322	120.0
12.00074799999129	120.0
12.500537999905646	120.0
13.00258499989286	120.0
13.500474999891594	120.0
14.000469999969937	120.0
14.502042999956757	120.0
15.002297999919392	120.0
15.500469999969937	120.0
16.000416999915615	120.0
16.500668999971822	120.0
17.001149999909103	120.0
17.5007190000033	120.0
18.000429999898188	120.0
18.503021999960765	120.0
19.00292499992065	120.0
19.50069999997504	120.0
20.000724999932572	120.0
20.50064699992072	120.0
21.002061999985017	120.0
21.502587999915704	120.0
22.00100199994631	120.0
22.500819999957457	120.0
23.001837999909185	120.0
23.50034799997229	120.0
24.00124999997206	120.0
24.50178299995605	120.0
25.001879999996163	120.0
25.501383999944665	120.0
26.000827999901958	120.0
26.500575999962166	120.0
27.000587999937125	120.0
27.500460999901406	120.0
28.000884999986738	120.0
28.500949999899603	126.000126000126
28.958498999942094	126.000126000126
29.434122000006028	126.000126000126
29.910337999928743	126.000126000126
30.386753999977373	137.00006393336318
30.806067999918014	137.00006393336318
31.24065999989398	137.00006393336318
31.67804599995725	137.00006393336318
32.11569399992004	137.00006393336318
32.55268399999477	137.00006393336318
32.99088999989908	137.00006393336318
33.42897299991455	137.00006393336318
33.867103999946266	137.00006393336318
34.30558199994266	34.99999416666764
34.904997000005096	34.99999416666764
36.62006799993105	195.0
36.8583599999547	195.0
37.164767999900505	195.0
37.472729999921285	195.0
37.78210399998352	195.0
38.0874049999984	195.0
38.39539699989837	195.0
38.703143999911845	195.0
39.01097699999809	195.0
39.31816899997648	195.0
39.62634099996649	195.0
39.934608999988995	195.0
40.24117099994328	195.0
40.548948999959975	48.0
41.47265899996273	48.0
42.72154800000135	218.99968245046045
42.78848499991	218.99968245046045
43.0620929999277	218.99968245046045
43.3363970000064	218.99968245046045
43.61186999990605	218.99968245046045
43.88417799992021	218.99968245046045
44.157756999949925	218.99968245046045
44.43184899992775	218.99968245046045
44.70605899998918	218.99968245046045
44.980108999996446	218.99968245046045
45.25341199990362	218.99968245046045
45.52867899998091	218.99968245046045
45.802777999895625	218.99968245046045
46.07680999999866	218.99968245046045
46.350923999911174	142.0
46.48042599996552	142.0
46.902722999919206	142.0
47.326249999925494	142.0
47.747678999905474	142.0
48.17032399994787	142.0
48.59333599999081	38.99998830000351
49.86331499996595	38.99998830000351
51.40088299999479	38.99998830000351
52.94118699990213	90.99995298335763
53.127642999985255	90.99995298335763
53.787367999902926	90.99995298335763
54.44653799990192	28.000001866666793
55.175379999913275	28.000001866666793
57.31957499997225	28.000001866666793
59.46096399996895	202.99965828390856
59.487873999984004	202.99965828390856
59.78499799990095	202.99965828390856
60.078179999953136	202.99965828390856
60.374108999967575	167.00020318358054
60.426686999970116	167.00020318358054
60.78550999995787	167.00020318358054
61.14552099991124	167.00020318358054
61.50424799998291	167.00020318358054
61.86366099992301	167.00020318358054
62.22311499994248	167.00020318358054
62.5818829999771	167.00020318358054
62.941240999964066	167.00020318358054
63.30077099998016	167.00020318358054
63.660038999980316	167.00020318358054
64.0190129999537	167.00020318358054
64.37971099989954	69.00001725000432
64.73834599996917	69.00001725000432
65.6082559999777	69.00001725000432
66.477363999933	219.0
66.50834699999541	219.0
66.78254299995024	219.0
67.05509699997492	219.0
67.32965400000103	219.0
67.60298799991142	219.0
67.87744799989741	219.0
68.15126499999315	219.0
68.42586999991909	219.0
68.70159499999136	219.0
68.9731389998924	219.0
69.24785199994221	219.0
69.52321499993559	219.0
69.79586399998516	219.0
70.06912499992177	219.0
70.3427939999383	38.99998830000351
71.347173999995	38.99998830000351
72.88563399994746	211.00014066676044
73.12153299991041	211.00014066676044
73.40633099991828	211.00014066676044
73.69038499996532	211.00014066676044
73.9747769999085	211.00014066676044
74.26001999992877	211.00014066676044
74.54324199992698	211.00014066676044
74.8284589999821	211.00014066676044
75.11168499989435	211.00014066676044
75.396539999987	211.00014066676044
75.68082399992272	211.00014066676044
75.96441199991386	211.00014066676044
76.24939699994866	97.0
76.3888099999167	97.0
77.00683199998457	97.0
77.6261780000059	97.0
78.24442899995483	196.0002874670883
78.49385499989148	196.0002874670883
78.79943599994294	196.0002874670883
79.10547099995892	196.0002874670883
79.413172999979	196.0002874670883
79.71772699989378	196.0002874670883
80.02395499998238	196.0002874670883
80.33191399998032	196.0002874670883
80.6368679999141	196.0002874670883
80.94262099999469	196.0002874670883
81.24866799998563	196.0002874670883
81.55442599998787	196.0002874670883
81.86107799992897	196.0002874670883
82.16817499999888	69.99998833333528
82.23099899990484	69.99998833333528
83.08695499994792	69.99998833333528
83.94436099997256	69.99998833333528
84.8014639999019	200.0
84.96982499992009	200.0
85.26913799997419	200.0
85.56815199996345	200.0
85.86849099991377	200.0
86.16973699990194	200.0
86.46952199994121	200.0
86.76857099996414	200.0
87.06885899999179	200.0
87.36807199998293	200.0
87.66966299992055	200.0
87.97056199994404	200.0
88.26991199993063	102.0000510000255
88.39431599993259	102.0000510000255
88.98881099990103	102.0000510000255
89.57101999991573	102.0000510000255
90.15884999989066	103.0000480666891
90.74179599992931	103.0000480666891
91.32344399997965	103.0000480666891
91.90719699999318	103.0000480666891
92.49003399990033	103.0000480666891
93.07141400000546	103.0000480666891
93.6545819999883	103.0000480666891
94.23696499993093	192.99989385005838
94.50495599990245	192.99989385005838
94.81503899989184	192.99989385005838
95.12586199992802	192.99989385005838
95.4377459998941	192.99989385005838
95.74767799989786	192.99989385005838
96.0598839999875	192.99989385005838
96.37128299998585	212.0
96.63258400000632	212.0
96.9152419999009	212.0
97.19865299994126	212.0
97.48118299990892	212.0
97.76519999990705	212.0
98.04755299992394	212.0
98.3306529999245	212.0
98.61348099994939	212.0
98.89651599992067	212.0
99.1801329998998	212.0
99.46248099999502	212.0
99.74586699996144	212.0
100.02867299993522	212.0
100.31136399996467	186.9997756002693
100.3337589999428	186.9997756002693
100.65481599990744	186.9997756002693
100.97619099996518	186.9997756002693
101.29703999997582	186.9997756002693
101.61911999993026	186.9997756002693
101.93830399995204	186.9997756002693
102.25861999997869	186.9997756002693
102.57934499997646	189.000189000189
102.89257099991664	189.000189000189
103.21043999993708	189.000189000189
103.52719900000375	189.000189000189
103.84490999998525	189.000189000189
104.16212599992286	189.000189000189
104.4798019999871	189.000189000189
104.79774700000416	189.000189000189
105.11512699990999	189.000189000189
105.43236999993678	189.000189000189
105.7504529999569	189.000189000189
106.06727099989075	189.000189000189
106.38433399994392	74.0
106.64929400000256	74.0
107.46073399996385	74.0
108.27142099989578	132.000132000132
108.67415399989113	132.000132000132
109.12904999998864	132.000132000132
109.58329399989452	132.000132000132
110.03784899995662	132.000132000132
110.49245399993379	132.000132000132
110.94722999993246	132.000132000132
111.40092399995774	132.000132000132
111.85620899999049	132.000132000132
112.31123799993657	125.0
112.31947200000286	125.0
112.79899999999907	125.0
113.27887999999803	125.0
113.75942599994596	125.0
114.23892099992372	214.99982083348263
114.48733099992387	214.99982083348263
114.76617600000463	214.99982083348263
115.04467899992596	214.99982083348263
115.32407699991018	214.99982083348263
115.60317699995358	214.99982083348263
115.8820049999049	214.99982083348263
116.16126199997962	214.99982083348263
116.43986599997152	214.99982083348263
116.71993199991994	214.99982083348263
116.99866699997801	214.99982083348263
117.27920899994206	214.99982083348263
117.55723499995656	214.99982083348263
117.83573299995624	214.99982083348263
118.11451599991415	214.99982083348263
118.39361499994993	185.99979540022505
118.42837699991651	185.99979540022505
118.75275299989153	185.99979540022505
119.07514699990861	185.99979540022505
119.39661599998362	185.99979540022505
119.71970999997575	185.99979540022505
120.04311699990649	185.99979540022505
120.36418899998534	213.00010650005325
120.62465599994175	213.00010650005325
120.90668999997433	213.00010650005325
121.18789499998093	213.00010650005325
121.47135699994396	213.00010650005325
121.75158699997701	213.00010650005325
122.03281799994875	213.00010650005325
122.31456999992952	213.00010650005325
122.59742099989671	213.00010650005325
122.87873299990315	213.00010650005325
123.1605719999643	213.00010650005325
123.44166399992537	213.00010650005325
123.72282099991571	213.00010650005325
124.00521599990316	213.00010650005325
124.28734499996062	94.99999208333399
124.44285499991383	94.99999208333399
125.07489799999166	94.99999208333399
125.70660399994813	94.99999208333399
126.33754199999385	173.0
126.60662899992894	173.0
126.95229399995878	173.0
127.30112099996768	173.0
127.64562999992631	173.0
127.99241599999368	173.0
128.33946899999864	173.0
128.68647199997213	173.0
129.03299799992237	173.0
129.38020099990536	173.0
129.72702799993567	173.0
130.07350299996324	173.0
130.42043199995533	177.00002655000398
130.75562399998307	177.00002655000398
131.09294799994677	177.00002655000398
131.43172100000083	177.00002655000398
131.77230700000655	177.00002655000398
132.10975800000597	177.00002655000398
132.44932499993593	198.000198000198
132.72196999995504	198.000198000198
133.0248309999006	198.000198000198
133.32774300000165	198.000198000198
133.63188999996055	198.000198000198
133.9349139999831	198.000198000198
134.23683199996594	198.000198000198
134.54074999992736	198.000198000198
134.84329499991145	198.000198000198
135.14750199997798	198.000198000198
135.44917699997313	198.000198000198
135.75208199990448	198.000198000198
136.05546899989713	198.000198000198
136.3596569999354	183.0
136.37449199997354	183.0
136.7015619999729	183.0
137.02931399992667	183.0
137.35744399996474	183.0
137.68614999996498	183.0
138.01318299991544	183.0
138.34156099997927	98.99993565004183
138.48300299991388	98.99993565004183
139.08936300000641	98.99993565004183
139.69552499998827	98.99993565004183
140.3014719999628	98.99993565004183
140.90709999995306	98.99993565004183
141.5133719999576	98.99993565004183
142.11983699991833	98.99993565004183
142.72525299992412	130.00013000013
143.05595399998128	130.00013000013
143.51774999999907	130.00013000013
143.97930799995083	130.00013000013
144.44113499997184	115.00002875000719
144.47355599992443	115.00002875000719
144.9954649999272	115.00002875000719
145.51786899997387	115.00002875000719
146.04037199995946	115.00002875000719
146.56186499993782	115.00002875000719
147.08256199990865	115.00002875000719
147.6036169999279	115.00002875000719
148.12598499993328	115.00002875000719
148.64725599996746	21.99999780000022
150.6207099999301	202.99965828390856
150.81943699996918	202.99965828390856
151.11556299997028	202.99965828390856
151.4112019999884	202.99965828390856
151.70687100000214	202.99965828390856
152.00295999995433	202.99965828390856
152.29890399996657	202.99965828390856
152.59355999995023	202.99965828390856
152.88847899995744	202.99965828390856
153.18434099992737	202.99965828390856
153.47993899998255	202.99965828390856
153.77564899995923	202.99965828390856
154.07094000000507	202.99965828390856
154.3667359999381	138.9998957500782
154.45017799991183	138.9998957500782
154.8823249998968	138.9998957500782
155.31526800000574	138.9998957500782
155.7453070000047	138.9998957500782
156.1782579999417	138.9998957500782
156.60872599994764	184.0
156.83163999998942	184.0
157.1573629999766	184.0
157.48409699997865	184.0
157.8104919999605	184.0
158.13626899989322	184.0
158.4616419998929	184.0
158.78876099991612	184.0
159.11472299997695	184.0
159.44016599992756	184.0
159.76641699997708	184.0
160.0926839999156	184.0
160.41853799996898	182.99991765003705
160.41957999998704	182.99991765003705
160.74856799992267	182.99991765003705
161.07550399994943	182.99991765003705
161.40419299993664	182.99991765003705
161.7317589999875	182.99991765003705
162.0588019998977	182.99991765003705
162.38794499996584	30.99999793333347
163.35414899990428	30.99999793333347
165.29066800000146	30.99999793333347
167.22591199993622	217.0
167.4432589999633	217.0
167.7196259999182	217.0
167.99778099998366	217.0
168.27290099998936	217.0
168.5498249999946	69.00001725000432
169.31329599989112	69.00001725000432
170.1824749999214	69.00001725000432
171.05243199993856	69.00001725000432
171.92189199989662	69.00001725000432
172.79139499994926	140.00014000014
172.91932899993844	140.00014000014
173.3474339999957	140.00014000014
173.77682999998797	140.00014000014
174.206460999907	140.00014000014
174.63342999992892	55.99997760000896
175.2670339999022	55.99997760000896
176.33779599994887	55.99997760000896
177.41002799989656	55.99997760000896
178.4814319999423	204.9999487500128
178.56861799990293	204.9999487500128
178.86241999990307	204.9999487500128
179.15444299997762	204.9999487500128
179.44665899989195	204.9999487500128
179.7407200000016	204.9999487500128
180.03175799991004	204.9999487500128
180.32538499997463	25.0
181.19428099994548	25.0
183.5952399999369	25.0
185.99439299991354	178.99974940035085
186.17450399999507	178.99974940035085
186.5095839999849	62.0
186.71793199994136	62.0
187.68408499995712	62.0
188.6520770000061	62.0
189.62181599996984	62.0
190.58943399996497	163.00007063336395
190.71980099997018	163.00007063336395
191.08868899999652	163.00007063336395
191.4568019999424	163.00007063336395
191.82427300000563	163.00007063336395
192.19216799992137	163.00007063336395
192.56038599996828	163.00007063336395
192.92817400000058	163.00007063336395
193.29781999997795	163.00007063336395
193.6654129999224	163.00007063336395
194.03295199992135	163.00007063336395
194.4029289999744	163.00007063336395
194.76900099997874	163.00007063336395
195.1372459999984	163.00007063336395
195.50514599995222	163.00007063336395
195.87366199993994	163.00007063336395
196.24180099996738	163.00007063336395
196.60915199993178	163.00007063336395
196.978742999956	163.00007063336395
197.34547999990173	163.00007063336395
197.71451399999205	163.00007063336395
198.08318600000348	163.00007063336395
198.4516569999978	163.00007063336395
198.81881799991243	163.00007063336395
199.1874489999609	163.00007063336395
199.55418599990662	163.00007063336395
199.92202800000086	163.00007063336395
200.2900279999012	163.00007063336395
200.65831699990667	163.00007063336395
201.02626299997792	163.00007063336395
201.3946799999103	163.00007063336395
201.7628679999616	163.00007063336395
202.13114199996926	163.00007063336395
202.5005050000036	163.00007063336395
202.86799399997108	163.00007063336395
203.23534999997355	163.00007063336395
203.60320599994157	163.00007063336395
203.97128999989945	163.00007063336395
204.33945499989204	163.00007063336395
204.70816299994476	163.00007063336395
205.0766799999401	163.00007063336395
205.44343299989123	163.00007063336395
205.81312099995557	163.00007063336395
206.1808650000021	163.00007063336395
206.54860599990934	163.00007063336395
206.91574899991974	163.00007063336395
207.28424799989443	163.00007063336395
207.652158999932	163.00007063336395
208.02046199992765	163.00007063336395
208.3899429999292	163.00007063336395
208.75636399991345	163.00007063336395
209.12492999993265	163.00007063336395
209.49245199991856	163.00007063336395
209.86054399993736	163.00007063336395
210.23041399999056	163.00007063336395
210.59783099999186	163.00007063336395
210.9649559999816	163.00007063336395
211.33302199991886	163.00007063336395
211.7015619999729	163.00007063336395
212.06990399991628	163.00007063336395
212.4377219999442	163.00007063336395
212.80562599992845	163.00007063336395
213.17384399997536	163.00007063336395
213.54190700000618	163.00007063336395
213.90967999992426	163.00007063336395
214.27814299997408	163.00007063336395
214.64627699996345	163.00007063336395
215.01539799990132	163.00007063336395
215.38256499997806	163.00007063336395
215.75116299989168	163.00007063336395
216.11823499994352	163.00007063336395
216.48756099992897	163.00007063336395
216.8547949999338	163.00007063336395
217.223643999896	163.00007063336395
217.59142099996097	163.00007063336395
217.95975699997507	163.00007063336395
218.32725999993272	163.00007063336395
218.695934999967	163.00007063336395
219.06301399995573	163.00007063336395
219.43175999994855	163.00007063336395
219.80142499995418	163.00007063336395
220.1675839999225	163.00007063336395
220.536143999896	163.00007063336395
220.90400699991733	163.00007063336395
221.27780099993106	163.00007063336395
221.64128399989568	163.00007063336395
222.00791199994273	163.00007063336395
222.37633100000676	163.00007063336395
222.74393299990334	163.00007063336395
223.11250599997584	163.00007063336395
223.48035699990578	163.00007063336395
223.8487909999676	163.00007063336395
224.21834599995054	163.00007063336395
224.5852419999428	163.00007063336395
224.9529699999839	163.00007063336395
225.32150799990632	163.00007063336395
225.68983099993784	163.00007063336395
226.05730099999346	163.00007063336395
226.42528299998958	163.00007063336395
226.79323099995963	163.00007063336395
227.16143599990755	163.00007063336395
227.52944799989928	163.00007063336395
227.89736199995968	163.00007063336395
228.26627599995118	163.00007063336395
228.63361599994823	163.00007063336395
229.00323599996045	163.00007063336395
229.3721679999726	163.00007063336395
229.73963599989656	163.00007063336395
230.10604099999182	163.00007063336395
230.4745750000002	163.00007063336395
230.8425279998919	163.00007063336395
231.21179999993183	163.00007063336395
231.57862699998077	163.00007063336395
231.94686499994714	163.00007063336395
232.3156650000019	163.00007063336395
232.68299899995327	163.00007063336395
233.05243999999948	163.00007063336395
233.42542200000025	163.00007063336395
233.78692299989052	163.00007063336395


8.149930999963544	120.0
8.645534999901429	120.0
9.002246999996714	120.0
9.500487999990582	120.0
10.001779999933206	120.0
10.500710999942385	120.0
11.000260999891907	120.0
11.50030199997127	120.0
12.001116999890655	120.0
12.500558999949135	120.0
13.00263499992434	120.0
13.500631999922916	120.0
14.00062499998603	120.0
14.50028499995824	120.0
15.002019999898039	120.0
15.500469999969937	120.0
16.0004229999613	120.0
16.5008079999825	120.0
17.001538999960758	120.0
17.50040999997873	120.0
18.000893999938853	120.0
18.503021999960765	120.0
19.00292499992065	120.0
19.500335999997333	120.0
20.000495999935083	120.0
20.500520999892615	120.0
21.001789000001736	120.0
21.502575999940746	120.0
22.00058100000024	120.0
22.500828999909572	120.0
23.00175599998329	120.0
23.50030999991577	120.0
24.00235999992583	120.0
24.501263999962248	120.0
25.002296999911778	120.0
25.501204999978654	120.0
26.00044499989599	120.0
26.50034099991899	120.0
27.000768999918364	120.0
27.50047599989921	120.0
28.000689999898896	120.0
28.500696999952197	126.000126000126
28.95855399989523	126.000126000126
29.434020999935456	126.000126000126
29.910513999988325	126.000126000126
30.38695099996403	137.00006393336318
30.806243999977596	137.00006393336318
31.241136999917217	137.00006393336318
31.67839399992954	137.00006393336318
32.11484799999744	137.00006393336318
32.552702999906614	137.00006393336318
32.990744999959134	137.00006393336318
33.42877699993551	137.00006393336318
33.866403999971226	137.00006393336318
34.30507499992382	35.0
34.90466199989896	35.0
36.619778999942355	195.000195000195
36.85813499998767	195.000195000195
37.16502099996433	195.000195000195
37.47232899989467	195.000195000195
37.782214000006206	195.000195000195
38.087650000001304	195.000195000195
38.39561899995897	195.000195000195
38.70332099997904	195.000195000195
39.01127199991606	195.000195000195
39.31837499991525	195.000195000195
39.62680399999954	195.000195000195
39.93423399992753	195.000195000195
40.24150499992538	195.000195000195
40.5493209999986	48.0
41.47241499996744	48.0
42.72128299996257	218.99968245046045
42.78877299989108	218.99968245046045
43.061852999962866	218.99968245046045
43.336796999908984	218.99968245046045
43.612097000004724	218.99968245046045
43.88415099994745	218.99968245046045
44.157802999950945	218.99968245046045
44.431461999891326	218.99968245046045
44.706288999994285	218.99968245046045
44.980395999969915	218.99968245046045
45.25347999995574	218.99968245046045
45.5286859999178	218.99968245046045
45.8027169998968	218.99968245046045
46.07675299991388	218.99968245046045
46.3513109999476	142.0000710000355
46.48075299989432	142.0000710000355
46.90344899997581	142.0000710000355
47.326531999977306	142.0000710000355
47.748191999970004	142.0000710000355
48.170512999990024	142.0000710000355
48.59356599999592	38.99998830000351
49.86347399989609	38.99998830000351
51.40089199994691	38.99998830000351
52.94143000000622	90.99995298335763
53.12808799999766	90.99995298335763
53.78752699994948	90.99995298335763
54.446072999970056	28.0
55.175379999913275	28.0
57.31956299999729	28.0
59.46098499989603	202.99965828390856
59.487644999986514	202.99965828390856
59.78473899990786	202.99965828390856
60.07881099998485	202.99965828390856
60.374299999908544	167.00020318358054
60.42693600000348	167.00020318358054
60.78550999995787	167.00020318358054
61.145504999905825	167.00020318358054
61.50424799998291	167.00020318358054
61.86340199992992	167.00020318358054
62.223371999920346	167.00020318358054
62.5823059999384	167.00020318358054
62.941657999996096	167.00020318358054
63.30078399996273	167.00020318358054
63.65977899997961	167.00020318358054
64.01947299996391	167.00020318358054
64.37963999994099	69.0
64.73798299999908	69.0
65.6082259999821	69.0
66.47738999989815	218.99968245046045
66.50809999997728	218.99968245046045
66.78273799992166	218.99968245046045
67.05566299997736	218.99968245046045
67.32936799991876	218.99968245046045
67.60331399994902	218.99968245046045
67.87720799993258	218.99968245046045
68.15111899992917	218.99968245046045
68.42567399994005	218.99968245046045
68.70110799989197	218.99968245046045
68.97374799998943	218.99968245046045
69.2482589998981	218.99968245046045
69.52288099995349	218.99968245046045
69.79557600000408	218.99968245046045
70.06880999996793	218.99968245046045
70.34303799993359	38.99998830000351
71.34746099996846	38.99998830000351
72.88587699993514	211.00014066676044
73.12175499997102	211.00014066676044
73.40657399990596	211.00014066676044
73.69076099991798	211.00014066676044
73.97504799999297	211.00014066676044
74.26001999992877	211.00014066676044
74.54400199989323	211.00014066676044
74.82854199991561	211.00014066676044
75.11168499989435	211.00014066676044
75.396539999987	211.00014066676044
75.68102599994745	211.00014066676044
75.96470999997109	211.00014066676044
76.24893799994607	96.99995311668933
76.39282199996524	96.99995311668933
77.00706299999729	96.99995311668933
77.62668099999428	96.99995311668933
78.24447199993301	196.0002874670883
78.49386899999809	196.0002874670883
78.79929599992465	196.0002874670883
79.10545899998397	196.0002874670883
79.41287899995223	196.0002874670883
79.71790299995337	196.0002874670883
80.02399899996817	196.0002874670883
80.3318469999358	196.0002874670883
80.6374300000025	196.0002874670883
80.94280299998354	196.0002874670883
81.24914299999364	196.0002874670883
81.55464499990921	196.0002874670883
81.86100299993996	196.0002874670883
82.16858800000045	69.99998833333528
82.23088699998334	69.99998833333528
83.0872279999312	69.99998833333528
83.94434699998237	69.99998833333528
84.80129799991846	200.0
84.96985799993854	200.0
85.26937699993141	200.0
85.56791199999861	200.0
85.86910499993246	200.0
86.16974899999332	200.0
86.46929799998179	200.0
86.76831799990032	200.0
87.06848799996078	200.0
87.36852399993222	200.0
87.66942799999379	200.0
87.9698919999646	200.0
88.26963899994735	102.0000510000255
88.39415899990126	102.0000510000255
88.98253899998963	102.0000510000255
89.57099199993536	102.0000510000255
90.15859099989757	103.0000480666891
90.74133399990387	103.0000480666891
91.32361999992281	103.0000480666891
91.90789299993776	103.0000480666891
92.49025199993048	103.0000480666891
93.07095999992453	103.0000480666891
93.65418799989857	103.0000480666891
94.23612799996044	193.0
94.50446899991948	193.0
94.81526399997529	193.0
95.12589299993124	193.0
95.4378189999843	193.0
95.74766899994574	193.0
96.05954899999779	193.0
96.37107999995351	211.99990106671282
96.63209099997766	211.99990106671282
96.91551199997775	211.99990106671282
97.1982999999309	211.99990106671282
97.48160999990068	211.99990106671282
97.76493399997707	211.99990106671282
98.04768999991938	211.99990106671282
98.33062899997458	211.99990106671282
98.61378399992827	211.99990106671282
98.8962509999983	211.99990106671282
99.18023299996275	211.99990106671282
99.46606599993538	211.99990106671282
99.74591399997007	211.99990106671282
100.02890299994033	211.99990106671282
100.3115809999872	186.9997756002693
100.33401099999901	186.9997756002693
100.65462099993601	186.9997756002693
100.97646499995608	186.9997756002693
101.29750999994576	186.9997756002693
101.6189149999991	186.9997756002693
101.93853399995714	186.9997756002693
102.25843299995176	186.9997756002693
102.5795339999022	189.000189000189
102.8927749999566	189.000189000189
103.21026899991557	189.000189000189
103.5274399999762	189.000189000189
103.84516499994788	189.000189000189
104.16233699989971	189.000189000189
104.47955199994612	189.000189000189
104.79796399991028	189.000189000189
105.11489099997561	189.000189000189
105.43258999998216	189.000189000189
105.7501269999193	189.000189000189
106.06710099999327	189.000189000189
106.38486499991268	73.99998273333736
106.64970199996606	73.99998273333736
107.46114399994258	73.99998273333736
108.27110599994194	132.000132000132
108.6738329998916	132.000132000132
109.12841599993408	132.000132000132
109.58312999992631	132.000132000132
110.03823700000066	132.000132000132
110.49219799996354	132.000132000132
110.94688299996778	132.000132000132
111.4011809999356	132.000132000132
111.85574799997266	132.000132000132
112.31100799993146	125.0
112.31922399997711	125.0
112.79903599992394	125.0
113.27914299990516	125.0
113.75943599990569	125.0
114.23890199989546	215.0
114.48734999995213	215.0
114.7655139999697	215.0
115.04489399993327	215.0
115.3241960000014	215.0
115.60337099991739	215.0
115.88216599996667	215.0
116.160756999976	215.0
116.44004199991468	215.0
116.72065399994608	215.0
116.99805699998979	215.0
117.27897200000007	215.0
117.55688299995381	215.0
117.83574799995404	215.0
118.11479199992027	215.0
118.39340999990236	185.99979540022505
118.42863199999556	185.99979540022505
118.75218299997505	185.99979540022505
119.0741529999068	185.99979540022505
119.39613799995277	185.99979540022505
119.72008699993603	185.99979540022505
120.04293799994048	185.99979540022505
120.3639789998997	213.00010650005325
120.62440699990839	213.00010650005325
120.90610499994364	213.00010650005325
121.18789499998093	213.00010650005325
121.47146499995142	213.00010650005325
121.75179799995385	213.00010650005325
122.03282899991609	213.00010650005325
122.31459999992512	213.00010650005325
122.59737400000449	213.00010650005325
122.87918499996886	213.00010650005325
123.16032799996901	213.00010650005325
123.44145599997137	213.00010650005325
123.72338199999649	213.00010650005325
124.00469299999531	213.00010650005325
124.28699299995787	95.0
124.4426079998957	95.0
125.07463899999857	95.0
125.70623099990189	95.0
126.33743600000162	172.99990485005233
126.60614499996882	172.99990485005233
126.9524439999368	172.99990485005233
127.30103899992537	172.99990485005233
127.64581499993801	172.99990485005233
127.99267099995632	172.99990485005233
128.33946899999864	172.99990485005233
128.68661599990446	172.99990485005233
129.03335799998604	172.99990485005233
129.38025199994445	172.99990485005233
129.72663499996997	172.99990485005233
130.0738789999159	172.99990485005233
130.4207779999124	177.00002655000398
130.75582799990661	177.00002655000398
131.09296899999026	177.00002655000398
131.43198100000154	177.00002655000398
131.77273599989712	177.00002655000398
132.10974299989175	177.00002655000398
132.44973399990704	198.000198000198
132.72219899995252	198.000198000198
133.02467299997807	198.000198000198
133.32774300000165	198.000198000198
133.63215899991337	198.000198000198
133.93421399989165	198.000198000198
134.23724899999797	198.000198000198
134.5413749999134	198.000198000198
134.84284099994693	198.000198000198
135.14724799990654	198.000198000198
135.44939299998805	198.000198000198
135.7524839999387	198.000198000198
136.05550599994604	198.000198000198
136.35919499990996	182.99991765003705
136.37472399999388	182.99991765003705
136.70127399999183	182.99991765003705
137.02909500000533	182.99991765003705
137.35715299996082	182.99991765003705
137.68578999990132	182.99991765003705
138.01282199996058	182.99991765003705
138.34122099995147	98.99993565004183
138.48277000000235	98.99993565004183
139.08881599991582	98.99993565004183
139.6953709999798	98.99993565004183
140.30114899994805	98.99993565004183
140.90727500000503	98.99993565004183
141.51340399996843	98.99993565004183
142.11965299991425	98.99993565004183
142.72551199991722	130.00013000013
143.05640599993058	130.00013000013
143.51793199998792	130.00013000013
143.9791709999554	130.00013000013
144.44098899990786	115.0
144.4733099999139	115.0
144.99506699992344	115.0
145.51738699991256	115.0
146.03996099997312	115.0
146.5620779999299	115.0
147.08237399999052	115.0
147.6041569999652	115.0
148.12557499995455	115.0
148.64755399990827	21.99999780000022
150.62093199999072	202.99965828390856
150.81961299991235	202.99965828390856
151.1154089999618	202.99965828390856
151.41136699996423	202.99965828390856
151.70691499998793	202.99965828390856
152.00262599997222	202.99965828390856
152.29887999990024	202.99965828390856
152.59325099992566	202.99965828390856
152.8884909999324	202.99965828390856
153.18406699993648	202.99965828390856
153.47981199994683	202.99965828390856
153.77564899995923	202.99965828390856
154.07063400000334	202.99965828390856
154.36715399997775	139.0
154.4501979999477	139.0
154.8821159999352	139.0
155.31482599989977	139.0
155.7457979999017	139.0
156.17862899997272	139.0
156.60846199991647	183.99997546666995
156.83144199999515	183.99997546666995
157.15759499999695	183.99997546666995
157.48388799990062	183.99997546666995
157.81011599989142	183.99997546666995
158.13602799992077	183.99997546666995
158.46184399991762	183.99997546666995
158.7885149999056	183.99997546666995
159.1144539999077	183.99997546666995
159.43997700000182	183.99997546666995
159.76623599999584	183.99997546666995
160.09246399998665	183.99997546666995
160.41825899994	182.99991765003705
160.42008799989708	182.99991765003705
160.74784199998248	182.99991765003705
161.07578399998602	182.99991765003705
161.40363600000273	182.99991765003705
161.7315359999193	182.99991765003705
162.05909699993208	182.99991765003705
162.3881659999024	30.99999793333347
163.35466499999166	30.99999793333347
165.2909169999184	30.99999793333347
167.22546200000215	216.99976130026258
167.44347199995536	216.99976130026258
167.7196179999737	216.99976130026258
167.99782399996184	216.99976130026258
168.27289199992083	69.00001725000432
168.4432299999753	69.00001725000432
169.3136789998971	69.00001725000432
170.18291699991096	69.00001725000432
171.05199099995662	69.00001725000432
171.92171399993822	69.00001725000432
172.79129599989392	140.00014000014
172.91954999999143	140.00014000014
173.34744699997827	140.00014000014
173.7768039999064	140.00014000014
174.20510199991986	140.00014000014
174.63304899993818	56.0
175.2666779999854	56.0
176.33804499998223	56.0
177.4097049999982	56.0
178.4814319999423	204.9999487500128
178.56849400000647	204.9999487500128
178.8626579999691	204.9999487500128
179.15420899994206	204.9999487500128
179.44669599994086	204.9999487500128
179.7408619999187	204.9999487500128
180.03173499996774	204.9999487500128
180.32558499998413	25.0
181.19429899996612	25.0
183.59522799996193	25.0
185.99425299989525	179.0
186.17404199996963	179.0
186.50989399990067	61.99999586666694
186.7178899999708	61.99999586666694
187.6844539999729	61.99999586666694
188.65183099999558	61.99999586666694
189.62211399991065	61.99999586666694
190.5889909999678	163.00007063336395
190.71994199999608	163.00007063336395
191.08893099997658	163.00007063336395
191.4568019999424	163.00007063336395
191.82427300000563	163.00007063336395
192.19239499990363	163.00007063336395
192.56013100000564	163.00007063336395
192.92809800000396	163.00007063336395
193.29787199990824	163.00007063336395
193.6651979999151	163.00007063336395
194.03274999989662	163.00007063336395
194.4029289999744	163.00007063336395
194.76881799998228	163.00007063336395
195.13756099995226	163.00007063336395
195.50493799999822	163.00007063336395
195.87336899992079	163.00007063336395
196.24148500000592	163.00007063336395
196.60940199997276	163.00007063336395
196.97899099998176	163.00007063336395
197.34528899996076	163.00007063336395
197.71421099989675	163.00007063336395
198.08270299993455	163.00007063336395
198.45126899995375	163.00007063336395
198.81926299992483	163.00007063336395
199.18703799997456	163.00007063336395
199.55418599990662	163.00007063336395
199.92202800000086	163.00007063336395
200.2903159999987	163.00007063336395
200.6585249999771	163.00007063336395
201.02657099999487	163.00007063336395
201.39429199998267	163.00007063336395
201.76316099998076	163.00007063336395
202.13137199997436	163.00007063336395
202.5001259999117	163.00007063336395
202.86777099990286	163.00007063336395
203.23568299994804	163.00007063336395
203.60300699993968	163.00007063336395
203.97253599995747	163.00007063336395
204.33971699990798	163.00007063336395
204.70813199994154	163.00007063336395
205.07662499998696	163.00007063336395
205.44346300000325	163.00007063336395
205.81315399997402	163.00007063336395
206.18084799998906	163.00007063336395
206.5485869999975	163.00007063336395
206.9162049998995	163.00007063336395
207.28428799996618	163.00007063336395
207.652158999932	163.00007063336395
208.02081199991517	163.00007063336395
208.3901349999942	163.00007063336395
208.75697899993975	163.00007063336395
209.1244679999072	163.00007063336395
209.4926989999367	163.00007063336395
209.8607459999621	163.00007063336395
210.23102299997117	163.00007063336395
210.5980949999066	163.00007063336395
210.9651709999889	163.00007063336395
211.33341299998574	163.00007063336395
211.7013609999558	163.00007063336395
212.06951699999627	163.00007063336395
212.43753999995533	163.00007063336395
212.80539699993096	163.00007063336395
213.17349299998023	163.00007063336395
213.54166200000327	163.00007063336395
213.91006399993785	163.00007063336395
214.27794999990147	163.00007063336395
214.64607499993872	163.00007063336395
215.01501899992581	163.00007063336395
215.3823089998914	163.00007063336395
215.75115399993956	163.00007063336395
216.11847200000193	163.00007063336395
216.48793499998283	163.00007063336395
216.85557599994354	163.00007063336395
217.22346499993	163.00007063336395
217.59135099989362	163.00007063336395
217.9597459998913	163.00007063336395
218.32755199994426	163.00007063336395
218.695638999925	163.00007063336395
219.0633299999172	163.00007063336395
219.43129499990027	163.00007063336395
219.8009809999494	163.00007063336395
220.16768299997784	163.00007063336395
220.53616099990904	163.00007063336395
220.90363199997228	163.00007063336395
221.2720069999341	163.00007063336395
221.6412559999153	163.00007063336395
222.00802599999588	163.00007063336395
222.3760819999734	163.00007063336395
222.74395599996205	163.00007063336395
223.11230799998157	163.00007063336395
223.48021299997345	163.00007063336395
223.84833299997263	163.00007063336395
224.21785199991427	163.00007063336395
224.58559999999125	163.00007063336395
224.95295199996326	163.00007063336395
225.32175499992445	163.00007063336395
225.68937399995048	163.00007063336395
226.05698100000154	163.00007063336395
226.42501999996603	163.00007063336395
226.79340899991803	163.00007063336395
227.16170999989845	163.00007063336395
227.52919399994425	163.00007063336395
227.89752399991266	163.00007063336395
228.26579099998344	163.00007063336395
228.6339479999151	163.00007063336395
229.00295699993148	163.00007063336395
229.37268899998162	163.00007063336395
229.73988699994516	163.00007063336395
230.1062539999839	163.00007063336395
230.47434399998747	163.00007063336395
230.84224099991843	163.00007063336395
231.21134299994446	163.00007063336395
231.57877199992072	163.00007063336395
231.946692999918	163.00007063336395
232.31546799989883	163.00007063336395
232.68259799992666	163.00007063336395
233.0522579998942	163.00007063336395
233.4239589999197	163.00007063336395
233.78695699991658	163.00007063336395