0.009053000016137958	120.0
0.5004549999721348	120.0
1.0038070000009611	120.0
1.5026360000483692	120.0
2.000319999991916	120.0
2.5003649999853224	120.0
3.0053700000280514	120.0
3.5022459999891	120.0
4.000709000043571	120.0
4.501418999978341	120.0
5.0005150000797585	120.0
5.501768000074662	120.0
6.001361000002362	120.0
6.502624000073411	120.0
7.000319999991916	120.0
7.500431000022218	120.0
8.000239000073634	120.0
8.500338000012562	120.0
9.002524000010453	120.0
9.502364000072703	120.0
10.002716000075452	120.0
10.500298000057228	120.0
11.002499000052921	120.0
11.501371000078507	120.0
12.002939000027254	120.0
12.501775000011548	120.0
13.00402600003872	120.0
13.500539000029676	120.0
14.001078000059351	120.0
14.500392999965698	120.0
15.002046999987215	120.0
15.501907999976538	120.0
16.000283000059426	120.0
16.50043899996672	120.0
17.001677999971434	120.0
17.500860000029206	120.0
18.001351000042632	120.0
18.500756000052206	120.0
19.002582999994047	120.0
19.500574000063352	120.0
20.001542999991216	120.0
20.501641000038944	120.0
21.002277999999933	120.0
21.50082700001076	120.0
22.00032500002999	120.0
22.500224000075832	120.0
23.000487999990582	120.0
23.501919000060298	120.0
24.00040500005707	120.0
24.501208000001498	120.0
25.000958000076935	120.0
25.50047700002324	120.0
26.000346999964677	120.0
26.50033299997449	120.0
27.001120000029914	120.0
27.500298000057228	120.0
28.000381999998353	142.0000710000355
28.387789000058547	142.0000710000355
28.810013000038452	142.0000710000355
29.231551000033505	142.0000710000355
29.65444000007119	142.0000710000355
30.077824000036344	94.0
30.262747999979183	94.0
30.901465000002645	94.0
31.53878399997484	94.0
32.17837900004815	94.0
32.815779000055045	94.0
33.45454200007953	94.0
34.092101000016555	175.00007291669704
34.283560000010766	175.00007291669704
34.62687999999616	175.00007291669704
34.97024300007615	175.00007291669704
35.31234200007748	175.00007291669704
35.654907000018284	175.00007291669704
35.99810800002888	67.00002903334591
36.32680300006177	67.00002903334591
37.22140500007663	67.00002903334591
38.11761099996511	67.00002903334591
39.012772000045516	67.00002903334591
39.90793099999428	74.0
40.70083800004795	74.0
41.51159100001678	74.0
42.32264300005045	42.00001260000378
42.72712100006174	42.00001260000378
44.15495400002692	42.00001260000378
45.58382300008088	42.00001260000378
47.01198700000532	30.99999793333347
47.443319000070915	30.99999793333347
49.379850000026636	213.99987160007703
49.42865899996832	213.99987160007703
49.71074800007045	213.99987160007703
49.98935699998401	213.99987160007703
50.27418399997987	213.99987160007703
50.5521009999793	213.99987160007703
50.830939000006765	213.99987160007703
51.113296000054106	213.99987160007703
51.39263800007757	213.99987160007703
51.6715480000712	213.99987160007703
51.9521909999894	218.99968245046045
52.22274900006596	218.99968245046045
52.497178000048734	218.99968245046045
52.77239300007932	218.99968245046045
53.045051000081	218.99968245046045
53.31976800004486	218.99968245046045
53.593360000057146	218.99968245046045
53.867209000047296	91.99998773333498
53.955847000004724	91.99998773333498
54.60893800004851	91.99998773333498
55.261124000069685	91.99998773333498
55.91308900003787	91.99998773333498
56.564635000075214	91.99998773333498
57.21692500007339	91.99998773333498
57.86930600006599	91.99998773333498
58.520458000013605	94.99999208333399
59.129506999976	94.99999208333399
59.76125400001183	120.0
60.2562339999713	120.0
60.75556600000709	120.0
61.25649100006558	120.0
61.75648400001228	120.0
62.25595300004352	120.0
62.75581400003284	120.0
63.256340000079945	120.0
63.756394000025466	120.0
64.25645200000145	106.99993580003851
64.31600700004492	106.99993580003851
64.87669399997685	106.99993580003851
65.43752500007395	106.99993580003851
65.99810700002126	167.00020318358054
66.26356600003783	167.00020318358054
66.62276200007182	167.00020318358054
66.98210999998264	167.00020318358054
67.34183200006373	167.00020318358054
67.69984000001568	167.00020318358054
68.05950199998915	167.00020318358054
68.41749600006733	167.00020318358054
68.77799800003413	167.00020318358054
69.1363920000149	167.00020318358054
69.49570600001607	167.00020318358054
69.85536100005265	203.0
70.13108099997044	203.0
70.424869999988	203.0
70.7223079999676	203.0
71.01645400002599	203.0
71.31108700006735	203.0
71.6080480000237	203.0
71.90275500004645	112.00005973336519
72.03528399998322	112.00005973336519
72.57143100001849	112.00005973336519
73.10515499999747	112.00005973336519
73.64178299997002	112.00005973336519
74.17804899998009	112.00005973336519
74.71273200004362	112.00005973336519
75.24993599997833	112.00005973336519
75.78468599996995	211.00014066676044
76.04866600001696	211.00014066676044
76.33279300003778	211.00014066676044
76.61791999998968	211.00014066676044
76.9023430000525	211.00014066676044
77.18688900000416	211.00014066676044
77.47045200003777	211.00014066676044
77.75490499997977	211.00014066676044
78.03865100000985	102.0000510000255
78.3535860000411	102.0000510000255
78.94218899996486	102.0000510000255
79.53252300003078	102.0000510000255
80.11924200004432	102.0000510000255
80.7069940000074	102.0000510000255
81.29460799996741	102.0000510000255
81.88372100004926	128.0
82.32470200001262	128.0
82.7939170000609	128.0
83.26215399999637	128.0
83.7320550000295	128.0
84.19989599997643	211.99990106671282
84.30248900002334	211.99990106671282
84.58576799998991	211.99990106671282
84.86864600004628	211.99990106671282
85.15144100005273	211.99990106671282
85.4350910000503	211.99990106671282
85.71788600005675	211.99990106671282
86.00031500007026	211.99990106671282
86.28332499996759	211.99990106671282
86.56782400002703	211.99990106671282
86.85179300000891	211.99990106671282
87.13291599997319	211.99990106671282
87.41585700004362	211.99990106671282
87.69969599996693	211.99990106671282
87.98273300006986	89.9999550000225
88.29509200004395	89.9999550000225
88.96384099998977	89.9999550000225
89.63064200000372	89.9999550000225
90.29561600007582	138.0
90.54334400000516	138.0
90.97751200001221	138.0
91.41122999996878	138.0
91.84721200005151	138.0
92.28101500007324	138.0
92.71624400001019	138.0
93.15041800006293	138.0
93.58500299998559	138.0
94.02037000004202	30.99999793333347
94.93197400006466	30.99999793333347
96.86436500004493	178.99974940035085
96.95456900005229	178.99974940035085
97.28949700004887	178.99974940035085
97.62471400003415	178.99974940035085
97.96195700007956	178.99974940035085
98.29487600002903	178.99974940035085
98.6299659999786	178.99974940035085
98.96528200001922	178.99974940035085
99.30259300000034	178.99974940035085
99.63605600001756	178.99974940035085
99.97326500003692	212.0
100.22210899996571	212.0
100.50402700004634	212.0
100.78709600004368	212.0
101.07202700001653	212.0
101.35370400000829	212.0
101.63630500005092	212.0
101.92130899999756	50.99998215000625
102.25529300002381	50.99998215000625
103.4337490000762	50.99998215000625
104.60917199996766	50.99998215000625
105.78483300004154	50.99998215000625
106.96084700000938	196.0002874670883
107.03105400002096	196.0002874670883
107.33781300007831	196.0002874670883
107.64378699997906	196.0002874670883
107.95088500005659	156.000156000156
107.98436800006311	156.000156000156
108.36950400006026	156.000156000156
108.75378600007389	156.000156000156
109.13968400005251	156.000156000156
109.52295000001322	156.000156000156
109.90917500003707	156.000156000156
110.29227600002196	156.000156000156
110.67828200000804	156.000156000156
111.06322200002614	156.000156000156
111.44736200000625	156.000156000156
111.83186699997168	156.000156000156
112.21633900003508	151.99993920002433
112.22595600003842	151.99993920002433
112.6225910000503	151.99993920002433
113.0156910000369	151.99993920002433
113.40992700005881	151.99993920002433
113.8046580000082	151.99993920002433
114.20078900002409	117.99990166674861
114.30859400006011	117.99990166674861
114.81784300005529	117.99990166674861
115.32621400000062	117.99990166674861
115.83510100003332	117.99990166674861
116.3427490000613	117.99990166674861
116.85181999998167	117.99990166674861
117.36109500005841	117.99990166674861
117.86801900004502	117.99990166674861
118.3774530000519	113.99995440001824
118.39623100007884	113.99995440001824
118.92343299998902	113.99995440001824
119.44876900000963	113.99995440001824
119.97515100007877	47.0
120.26656000001822	47.0
121.54350300005171	47.0
122.8207940000575	47.0
124.09650800004601	89.9999550000225
124.63234600005671	89.9999550000225
125.29997699998785	89.9999550000225
125.96565000002738	190.0002850004275
126.22143999999389	190.0002850004275
126.53655099996831	190.0002850004275
126.85169999999925	190.0002850004275
127.16853799996898	190.0002850004275
127.48397299996577	190.0002850004275
127.79925100004766	190.0002850004275
128.1150149999885	190.0002850004275
128.4320220000809	190.0002850004275
128.7473239999963	190.0002850004275
129.06300299998838	190.0002850004275
129.37966700003017	190.0002850004275
129.693993999972	190.0002850004275
130.01037500007078	60.0
130.5071089999983	60.0
131.50736100005452	60.0
132.52382000000216	28.999993233334912
133.20302999997512	28.999993233334912
135.27204299997538	28.999993233334912
137.34077400004026	145.00003625000906
137.39707000006456	145.00003625000906
137.81121900002472	150.0
138.21035000006668	150.0
138.61270800000057	150.0
139.01137500000186	150.0
139.41103499999736	150.0
139.81034800002817	150.0
140.2121449999977	150.0
140.61266600003	150.0
141.0126820000587	150.0
141.41043899999931	150.0
141.81031900004018	150.0
142.21271900006104	75.99996960001216
142.5971670000581	75.99996960001216
143.38537400006317	75.99996960001216
144.1754470000742	55.99997760000896
144.30267700005788	55.99997760000896
145.37475399998948	55.99997760000896
146.4464830000652	55.99997760000896
147.5169529999839	55.99997760000896
148.59028900007252	40.0
148.89720400003716	40.0
150.39625200000592	165.0
150.66979600000195	165.0
151.03396799997427	165.0
151.397132000071	165.0
151.7614370000083	165.0
152.124628999969	165.0
152.48980400001165	165.0
152.8516509999754	165.0
153.21629800007213	165.0
153.5791779999854	165.0
153.9427249999717	142.0000710000355
153.96212500007823	142.0000710000355
154.38433000002988	142.0000710000355
154.80731399997603	142.0000710000355
155.22958200005814	142.0000710000355
155.6534039999824	142.0000710000355
156.07456199999433	64.99999458333379
156.39736800000537	64.99999458333379
157.32271199999377	64.99999458333379
158.24340899998788	64.99999458333379
159.16696699999738	64.99999458333379
160.09128799999598	76.0
160.8383170000743	76.0
161.6285860000644	76.0
162.41779400000814	211.00014066676044
162.59596299997065	211.00014066676044
162.881447999971	211.00014066676044
163.16473900002893	211.00014066676044
163.44811600004323	211.00014066676044
163.7324690000387	211.00014066676044
164.01841000001878	211.00014066676044
164.30187399999704	211.00014066676044
164.5858330000192	211.00014066676044
164.87037700007204	211.00014066676044
165.15568299998995	211.00014066676044
165.43911100004334	211.00014066676044
165.7236120000016	211.00014066676044
166.0082500000717	198.000198000198
166.02040300006047	198.000198000198
166.32390299998224	198.000198000198
166.626229000045	198.000198000198
166.92968299996573	198.000198000198
167.23256799997762	198.000198000198
167.5360169999767	198.000198000198
167.8396219999995	156.9998377668343
167.8453800000716	156.9998377668343
168.228252000059	156.9998377668343
168.6107530000154	156.9998377668343
168.99195599998347	156.9998377668343
169.37448400002904	156.9998377668343
169.75575700006448	156.9998377668343
170.13773199997377	156.9998377668343
170.52186800003983	156.9998377668343
170.90263400005642	156.9998377668343
171.2844289999921	156.9998377668343
171.6664190000156	156.9998377668343
172.05063800001517	56.99997720000912
172.46293899999	56.99997720000912
173.51565299998038	56.99997720000912
174.56871000002138	82.99995020002989
175.05437100003473	82.99995020002989
175.77817100007087	82.99995020002989
176.5018159999745	82.99995020002989
177.22388000006322	82.99995020002989
177.94604100007564	154.000154000154
178.29813999996986	154.000154000154
178.68755600007717	154.000154000154
179.07808300002944	154.000154000154
179.46776100003626	154.000154000154
179.85666400007904	109.0
179.8726439999882	109.0
180.42389299999923	109.0
180.9740720000118	109.0
181.5242820000276	109.0
182.07544699998107	109.0
182.62510699999984	109.0
183.1761369999731	109.0
183.7261919999728	109.0
184.2775520000141	198.000198000198
184.39724199997727	198.000198000198
184.70047599996906	198.000198000198
185.00199500005692	198.000198000198
185.30502500000875	198.000198000198
185.60797500004992	198.000198000198
185.91219800000545	198.000198000198
186.21395000000484	173.99979120025057
186.2587080000667	173.99979120025057
186.6026899999706	173.99979120025057
186.94785900006536	173.99979120025057
187.29220999998506	173.99979120025057
187.6373489999678	173.99979120025057
187.9820770000806	173.99979120025057
188.32811600004788	173.99979120025057
188.67144399997778	173.99979120025057
189.01628199999686	173.99979120025057
189.36252800002694	173.99979120025057
189.7061349999858	173.99979120025057
190.0509379999712	188.0
190.3532370000612	188.0
190.67309200007003	188.0
190.99294000002556	188.0
191.3121520000277	188.0
191.62978600000497	188.0
191.95075700001325	188.0
192.26836500002537	188.0
192.58852700004354	188.0
192.90788100007921	188.0
193.22565599996597	188.0
193.5447039999999	188.0
193.86376700003166	188.0
194.18307100003585	188.0
194.502104000072	188.0
194.8212680000579	188.0
195.14243900007568	188.0
195.4597510000458	188.0
195.78053800005	188.0
196.09895999997389	188.0
196.41695199999958	188.0
196.73611100006383	188.0
197.05540399998426	188.0
197.37446800002363	188.0
197.69354999996722	188.0
198.01274799997918	188.0
198.3319570000749	188.0
198.65297699999064	188.0
198.9712549999822	188.0
199.28932700003497	188.0
199.60996500006877	188.0
199.9275009999983	188.0
200.24805399996694	188.0
200.56712600006722	188.0
200.88549999997485	188.0
201.20423500007018	188.0
201.5235630000243	188.0
201.8429040000774	188.0
202.1616459999932	188.0
202.48084099998232	188.0
202.80165200005285	188.0
203.1211980000371	188.0
203.43978000001516	188.0
203.75746500003152	188.0
204.07775699999183	188.0
204.39630799996667	188.0
204.71534400002565	188.0
205.0346750000026	188.0
205.35342900000978	188.0
205.67258999997284	188.0
205.9915800000308	188.0
206.3125510000391	188.0
206.63142800005153	188.0
206.94938300002832	188.0
207.268115999992	188.0
207.5878710000543	188.0
207.9063399999868	188.0
208.2254139999859	188.0
208.54557600000408	188.0
208.86379500001203	188.0
209.1831190000521	188.0
209.5028099999763	188.0
209.8211940000765	188.0
210.14263999997638	188.0
210.46173900004942	188.0
210.77873500005808	188.0
211.09869800007436	188.0
211.41697300004307	188.0
211.73693700006697	188.0
212.05604799999855	188.0
212.37497900007293	188.0
212.69362000003457	188.0
213.0127420000499	188.0
213.33189300005324	188.0
213.65128800005186	188.0
213.9705659999745	188.0
214.29151400004048	188.0
214.60884300002363	188.0
214.92935900005978	188.0
215.24799200007692	188.0
215.56752699997742	188.0
215.88554200006183	188.0
216.2046440000413	188.0
216.5234450000571	188.0
216.84288000001106	188.0
217.16194000001997	188.0
217.48226000007708	188.0
217.8020930000348	188.0
218.12118100002408	188.0
218.4401010000147	188.0
218.75791799998842	188.0
219.07652100000996	188.0
219.39648200001102	188.0
219.71511300001293	188.0
220.04128900007345	188.0
220.35329400002956	188.0
220.67259800003376	188.0
220.99272600002587	188.0
221.31300600001123	188.0
221.63164500007406	188.0
221.9504570000572	188.0
222.26817799999844	188.0
222.58724300004542	188.0
222.90687499998603	188.0
223.22609900007956	188.0
223.54460100003053	188.0
223.8638880000217	188.0
224.18358299997635	188.0
224.50314599997364	188.0
224.8229800000554	188.0
225.14188200002536	188.0
225.46122000005562	188.0
225.7786779999733	188.0
226.09994200000074	188.0
226.4176280000247	188.0
226.7368270000443	188.0
227.0565179999685	188.0
227.3750210000435	188.0
227.69368000002578	188.0
228.01312800007872	188.0
228.33304399996996	188.0
228.651371999993	188.0
228.971137000015	188.0
229.2914710000623	188.0
229.60975499998312	188.0
229.92811800003983	188.0
230.2476729999762	188.0
230.5666050000582	188.0
230.8856669999659	188.0
231.20444700005464	188.0
231.52364300005138	188.0
231.8429860000033	188.0
232.16340499999933	188.0
232.48157699999865	188.0
232.80051900004037	188.0
233.1199669999769	188.0
233.44014099997003	188.0
233.75898200005759	188.0
234.07699400000274	188.0
234.39681800000835	188.0


1.9142520000459626	120.0
2.4085820000618696	120.0
2.5007190000033006	120.0
3.005704000010155	120.0
3.5025610000593588	120.0
4.000962999998592	120.0
4.501709999982268	120.0
5.000460000010207	120.0
5.501779000042006	120.0
6.0014110000338405	120.0
6.5023150000488386	120.0
7.000838999985717	120.0
7.50074799999129	120.0
8.00044600002002	120.0
8.500573000055738	120.0
9.002264000009745	120.0
9.502680000034161	120.0
10.00246500002686	120.0
10.501245000050403	120.0
11.003015000023879	120.0
11.501150000025518	120.0
12.002564999973401	120.0
12.50205700006336	120.0
13.003600000054576	120.0
13.500331999966875	120.0
14.000399000011384	120.0
14.500182999996468	120.0
15.001731000025757	120.0
15.502251000027172	120.0
16.00046300003305	120.0
16.500966000021435	120.0
17.00198800000362	120.0
17.500372000038624	120.0
18.00158200005535	120.0
18.50104400003329	120.0
19.002860000007786	120.0
19.500335999997333	120.0
20.001882000011392	120.0
20.50199200003408	120.0
21.00260700006038	120.0
21.50041700003203	120.0
22.00085599999875	120.0
22.500423000077717	120.0
23.000799000030383	120.0
23.50214400002733	120.0
24.00069000001531	120.0
24.501443000044674	120.0
25.00127300003078	120.0
25.502252000034787	120.0
26.000346999964677	120.0
26.50034200004302	120.0
27.001304000033997	120.0
27.500837999978103	120.0
28.000594999990426	142.0000710000355
28.388208999997005	142.0000710000355
28.809736000024714	142.0000710000355
29.23154299997259	142.0000710000355
29.65447499998845	142.0000710000355
30.077600999968126	93.99998120000376
30.262970000039786	93.99998120000376
30.901465000002645	93.99998120000376
31.5387950000586	93.99998120000376
32.17881499999203	93.99998120000376
32.81625699996948	93.99998120000376
33.45431399997324	93.99998120000376
34.068250000011176	175.00007291669704
34.259105000062846	175.00007291669704
34.60146600008011	175.00007291669704
34.944969000061974	175.00007291669704
35.28703400003724	175.00007291669704
35.630248000030406	175.00007291669704
35.973192000063136	67.0
36.30171400005929	67.0
37.19696299999487	67.0
38.091951000038534	67.0
38.98763099999633	67.0
39.88280400005169	73.99998273333736
40.67685400007758	73.99998273333736
41.48656700004358	73.99998273333736
42.29742700001225	42.00001260000378
42.70316799997818	42.00001260000378
44.12957200000528	42.00001260000378
45.55859600007534	42.00001260000378
46.98759500007145	31.0
47.4199250000529	31.0
49.3534450000152	213.99987160007703
49.40454600006342	213.99987160007703
49.68402599997353	213.99987160007703
49.96600400004536	213.99987160007703
50.244732000050135	213.99987160007703
50.52530800004024	213.99987160007703
50.80662000004668	213.99987160007703
51.087023000000045	213.99987160007703
51.3671200000681	213.99987160007703
51.64794699999038	213.99987160007703
51.92725499998778	218.99968245046045
52.19937100005336	218.99968245046045
52.471904000034556	218.99968245046045
52.74605000007432	218.99968245046045
53.019404000020586	218.99968245046045
53.29329699999653	218.99968245046045
53.56725199997891	218.99968245046045
53.84117500006687	91.99998773333498
53.930295999976806	91.99998773333498
54.582533000037074	91.99998773333498
55.23465500003658	91.99998773333498
55.88702100003138	91.99998773333498
56.53983200003859	91.99998773333498
57.19107499998063	91.99998773333498
57.84309300000314	94.99999208333399
58.47331400006078	94.99999208333399
59.1048609999707	94.99999208333399
59.73634599999059	94.99999208333399
60.36934700002894	120.0
60.73033300007228	120.0
61.2313060000306	120.0
61.73023800004739	120.0
62.23142700002063	120.0
62.2557299999753	120.0
62.756034999969415	120.0
63.257798000006005	120.0
63.75615100003779	120.0
64.25675100006629	106.99993580003851
64.31579100003	106.99993580003851
64.87653200002387	106.99993580003851
65.43730200000573	106.99993580003851
65.99796399998013	167.0
66.2632979999762	167.0
66.62277300003916	167.0
66.9818620000733	167.0
67.34202600002754	167.0
67.7000710000284	167.0
68.05982099997345	167.0
68.4177240000572	167.0
68.7779889999656	167.0
69.13663800002541	167.0
69.4960190000711	167.0
69.85584099998232	202.99965828390856
70.13086000003386	202.99965828390856
70.42470900004264	202.99965828390856
70.72190800006501	202.99965828390856
71.01660099998116	202.99965828390856
71.31251299998257	202.99965828390856
71.6083009999711	202.99965828390856
71.90280899999198	112.00005973336519
72.03471000003628	112.00005973336519
72.57149600004777	112.00005973336519
73.10516699997243	112.00005973336519
73.64165800006595	112.00005973336519
74.17778100003488	112.00005973336519
74.71266900002956	112.00005973336519
75.24996799998917	112.00005973336519
75.78465599997435	211.0
76.04849199997261	211.0
76.33279300003778	211.0
76.61809500004165	211.0
76.90206100000069	211.0
77.18715600005817	211.0
77.47021699999459	211.0
77.75449299998581	211.0
78.03867000003811	102.0000510000255
78.3538150000386	102.0000510000255
78.94189800007734	102.0000510000255
79.53254899999592	102.0000510000255
80.11883000005037	102.0000510000255
80.70678700006101	102.0000510000255
81.29460799996741	102.0000510000255
81.88390800007619	128.0
82.32451200007927	128.0
82.79368300002534	128.0
83.26193999999668	128.0
83.73243600002024	128.0
84.20008800004143	211.99990106671282
84.3029600000009	211.99990106671282
84.58617100003175	211.99990106671282
84.86890100000892	211.99990106671282
85.15174900006969	211.99990106671282
85.4352840000065	211.99990106671282
85.71810900000855	211.99990106671282
86.00077200005762	211.99990106671282
86.2836290000705	211.99990106671282
86.5676220000023	211.99990106671282
86.85175799997523	211.99990106671282
87.13245100004133	211.99990106671282
87.41564600006677	211.99990106671282
87.69928000005893	211.99990106671282
87.98311600007582	89.9999550000225
88.295466999989	89.9999550000225
88.96271100000013	89.9999550000225
89.63030800002161	89.9999550000225
90.29540100006852	137.99987580011177
90.5431020000251	137.99987580011177
90.97776200005319	137.99987580011177
91.41098499996588	137.99987580011177
91.8468480000738	137.99987580011177
92.28082800004631	137.99987580011177
92.71630600001663	137.99987580011177
93.15017799998168	137.99987580011177
93.58537900005467	137.99987580011177
94.02015100000426	30.99999793333347
94.93017100007273	30.99999793333347
96.86436500004493	179.0
96.95508600003086	179.0
97.28971000004094	179.0
97.6247030000668	179.0
97.96177200006787	179.0
98.29487600002903	179.0
98.6299580000341	179.0
98.9652430000715	179.0
99.30226100003347	179.0
99.63605600001756	179.0
99.97302100004163	211.99990106671282
100.22168800001964	211.99990106671282
100.50437199999578	211.99990106671282
100.78708000003826	211.99990106671282
101.07181300001685	211.99990106671282
101.35369300004095	211.99990106671282
101.63638200005516	211.99990106671282
101.92129099997692	50.99998215000625
102.2554849999724	50.99998215000625
103.43330000003334	50.99998215000625
104.60871800000314	50.99998215000625
105.78508599998895	50.99998215000625
106.96101600001566	196.0
107.03115799999796	196.0
107.33780300000217	196.0
107.64375699998345	196.0
107.95103200001176	156.000156000156
107.98493200005032	156.000156000156
108.36947899998631	156.000156000156
108.75427300005686	156.000156000156
109.13967499998398	156.000156000156
109.52300699998159	156.000156000156
109.90882600005716	156.000156000156
110.29224300000351	156.000156000156
110.67882699996699	156.000156000156
111.06363600003533	156.000156000156
111.44712300004903	156.000156000156
111.83166999998502	156.000156000156
112.21632900007535	151.99993920002433
112.22636099997908	151.99993920002433
112.62279799999669	151.99993920002433
113.01604500005487	151.99993920002433
113.41024400002789	151.99993920002433
113.80459900002461	151.99993920002433
114.20117899996694	117.99990166674861
114.30859400006011	117.99990166674861
114.81807500007562	117.99990166674861
115.32648300006986	117.99990166674861
115.8351890000049	117.99990166674861
116.34327499999199	117.99990166674861
116.8520220000064	117.99990166674861
117.36125299998093	117.99990166674861
117.86804900004063	117.99990166674861
118.37719500006642	113.99995440001824
118.39646399999037	113.99995440001824
118.92361900000833	113.99995440001824
119.44852099998388	113.99995440001824
119.97488900006283	46.99999060000188
120.26633800007403	46.99999060000188
121.54296600003727	46.99999060000188
122.82098600000609	46.99999060000188
124.09617200004868	89.9999550000225
124.63255600002594	89.9999550000225
125.27422500005923	89.9999550000225
125.94110100006219	190.0
126.19694799999706	190.0
126.51301700004842	190.0
126.82743800000753	190.0
127.14309200004209	190.0
127.45902700000443	190.0
127.77575699996669	190.0
128.09149899997283	190.0
128.40651100000832	190.0
128.72199400002137	190.0
129.0382160000736	190.0
129.35404000000563	190.0
129.67171300004702	190.0
129.9857610000763	60.0
130.4832109999843	60.0
131.4835230000317	60.0
132.51113700005226	28.999993233334912
133.1786710000597	28.999993233334912
135.24808300007135	28.999993233334912
137.31813600007445	145.0
137.37274100002833	145.0
137.78595499997027	145.0
138.19977599999402	150.0
138.58619200007524	150.0
138.9870130000636	150.0
139.38626000005752	150.0
139.78640300000552	150.0
140.18671000003815	150.0
140.58740900002886	150.0
140.98683100007474	150.0
141.38622500002384	150.0
141.7859930000268	150.0
142.18624100007582	75.99996960001216
142.57227300002705	75.99996960001216
143.3635030000005	75.99996960001216
144.15295400004834	55.99997760000896
144.2788029999938	55.99997760000896
145.35015199996997	55.99997760000896
146.4212660000194	55.99997760000896
147.49269400001504	55.99997760000896
148.56411200005095	40.0
148.87343899998814	40.0
150.37208400003146	165.000165000165
150.6455240000505	165.000165000165
151.0109630000079	165.000165000165
151.37355000001844	165.000165000165
151.73731900006533	165.000165000165
152.10009600000922	165.000165000165
152.46455100004096	165.000165000165
152.48976500006393	165.000165000165
152.8516069999896	165.000165000165
153.21628599998076	165.000165000165
153.5791779999854	165.000165000165
153.94273500004783	142.0000710000355
153.96193400002085	142.0000710000355
154.38430799997877	142.0000710000355
154.80704800004605	142.0000710000355
155.2293490000302	142.0000710000355
155.6531299999915	142.0000710000355
156.07486499997322	65.0
156.39801600005012	65.0
157.32220000005327	65.0
158.24344500002917	65.0
159.16686900006607	65.0
160.09120500006247	75.99996960001216
160.83888100006152	75.99996960001216
161.62834799999837	75.99996960001216
162.41751900000963	211.00014066676044
162.5956250000745	211.00014066676044
162.88172499998473	211.00014066676044
163.16500999999698	211.00014066676044
163.44811600004323	211.00014066676044
163.73244900000282	211.00014066676044
164.01891800004523	211.00014066676044
164.30214699998032	211.00014066676044
164.5858840000583	211.00014066676044
164.86988800007384	211.00014066676044
165.1550940000452	211.00014066676044
165.43870699999388	211.00014066676044
165.7232940000249	211.00014066676044
166.00878000003286	198.0
166.0207459999947	198.0
166.32368200004566	198.0
166.62665600003675	198.0
166.92924800002947	198.0
167.2322400000412	198.0
167.53565800003707	198.0
167.83909899997525	156.9998377668343
167.84499600005802	156.9998377668343
168.22801399999298	156.9998377668343
168.61015800002497	156.9998377668343
168.99139600002673	156.9998377668343
169.37395200005267	156.9998377668343
169.75620200007688	156.9998377668343
170.13830800005235	156.9998377668343
170.52227700001094	156.9998377668343
170.9029139999766	156.9998377668343
171.2849040000001	156.9998377668343
171.66683700005524	156.9998377668343
172.05014499998651	56.99997720000912
172.46272499999031	56.99997720000912
173.5153360000113	56.99997720000912
174.56871000002138	82.99995020002989
175.05437100003473	82.99995020002989
175.77796099998523	82.99995020002989
176.5020740000764	82.99995020002989
177.22383600007743	82.99995020002989
177.94568000000436	154.000154000154
178.29787800007034	154.000154000154
178.68784699996468	154.000154000154
179.07782200002111	154.000154000154
179.46821199997794	154.000154000154
179.85723399999551	108.99994368336243
179.87287700001616	108.99994368336243
180.42332299996633	108.99994368336243
180.9745820000535	108.99994368336243
181.52397600002587	108.99994368336243
182.0752570000477	108.99994368336243
182.6248660000274	108.99994368336243
183.1758100000443	108.99994368336243
183.7257990000071	108.99994368336243
184.2511940000113	198.000198000198
184.37083999998868	198.000198000198
184.6742240000749	198.000198000198
184.9780080000637	198.000198000198
185.28103199996985	198.000198000198
185.58304000005592	198.000198000198
185.8865549999755	174.0
185.88794499996584	174.0
186.23296000005212	174.0
186.57773300004192	174.0
186.92236299999058	174.0
187.26846699998714	174.0
187.61217199999373	174.0
187.95674799999688	174.0
188.30163600004744	174.0
188.64637800003402	174.0
188.99128000007477	174.0
189.337152000051	174.0
189.68109299999196	174.0
190.0256839999929	187.99996240000752
190.32804000005126	187.99996240000752
190.6485119999852	187.99996240000752
190.9663860000437	187.99996240000752
191.2866759999888	187.99996240000752
191.60504200006835	187.99996240000752
191.92373000003863	187.99996240000752
192.24315500003286	187.99996240000752
192.5633510000771	187.99996240000752
192.8812339999713	187.99996240000752
193.20278599997982	187.99996240000752
193.52150899998378	187.99996240000752
193.8402139999671	187.99996240000752
194.15909299999475	187.99996240000752
194.47735299996566	187.99996240000752
194.796903999988	187.99996240000752
195.11527700000443	187.99996240000752
195.43456299998797	187.99996240000752
195.75425700005144	187.99996240000752
196.0736409999663	187.99996240000752
196.39209500001743	187.99996240000752
196.71274700004142	187.99996240000752
197.03028299997095	187.99996240000752
197.35099399997853	187.99996240000752
197.6706380000105	187.99996240000752
197.98769400001038	187.99996240000752
198.3078750000568	187.99996240000752
198.62727399996947	187.99996240000752
198.94603300001472	187.99996240000752
199.26463400002103	187.99996240000752
199.58380500006024	187.99996240000752
199.9026849999791	187.99996240000752
200.22180100006517	187.99996240000752
200.54085400002077	187.99996240000752
200.86037900007796	187.99996240000752
201.18154500005767	187.99996240000752
201.4984519999707	187.99996240000752
201.81819000001997	187.99996240000752
202.13771500007715	187.99996240000752
202.4559630000731	187.99996240000752
202.77524099999573	187.99996240000752
203.09464899997693	187.99996240000752
203.41315699997358	187.99996240000752
203.73269500001334	187.99996240000752
204.05275000003166	187.99996240000752
204.3721820000792	187.99996240000752
204.69166900007986	187.99996240000752
205.00926700001583	187.99996240000752
205.32892100000754	187.99996240000752
205.64879700005986	187.99996240000752
205.9675259999931	187.99996240000752
206.28614400001243	187.99996240000752
206.60470700007863	187.99996240000752
206.92396100005135	187.99996240000752
207.24335900007281	187.99996240000752
207.56213500001468	187.99996240000752
207.8817389999749	187.99996240000752
208.20037299999967	187.99996240000752
208.51950699998997	187.99996240000752
208.84049199998844	187.99996240000752
209.15804700006265	187.99996240000752
209.47862800001167	187.99996240000752
209.79769999999553	187.99996240000752
210.11587700003292	187.99996240000752
210.43486200005282	187.99996240000752
210.75410000002012	187.99996240000752
211.07326600002125	187.99996240000752
211.3921140000457	187.99996240000752
211.71291100000963	187.99996240000752
212.03137099999003	187.99996240000752
212.34939900005702	187.99996240000752
212.6709109999938	187.99996240000752
212.98803100001533	187.99996240000752
213.01294499996584	187.99996240000752
213.3321879999712	187.99996240000752
213.65098999999464	187.99996240000752
213.9709140000632	187.99996240000752
214.29184000007808	187.99996240000752
214.60864400002174	187.99996240000752
214.92913499998394	187.99996240000752
215.24822299997322	187.99996240000752
215.5671690000454	187.99996240000752
215.88534999999683	187.99996240000752
216.20443200005684	187.99996240000752
216.5237269999925	187.99996240000752
216.8431499999715	187.99996240000752
217.1617710000137	187.99996240000752
217.48193800006993	187.99996240000752
217.80231200007256	187.99996240000752
218.12144500005525	187.99996240000752
218.44036900007632	187.99996240000752
218.75818600005005	187.99996240000752
219.07678500004113	187.99996240000752
219.39618500007782	187.99996240000752
219.7152870000573	187.99996240000752
220.03933300008066	187.99996240000752
220.35309800005052	187.99996240000752
220.67284200002905	187.99996240000752
220.99263100000098	187.99996240000752
221.31300600001123	187.99996240000752
221.63165400002617	187.99996240000752
221.9504570000572	187.99996240000752
222.268441000022	187.99996240000752
222.58782300003804	187.99996240000752
222.90656600007787	187.99996240000752
223.22609900007956	187.99996240000752
223.5445910000708	187.99996240000752
223.86407200002577	187.99996240000752
224.18343299999833	187.99996240000752
224.5036750000436	187.99996240000752
224.82334900007118	187.99996240000752
225.14130999997724	187.99996240000752
225.46143899997696	187.99996240000752
225.77891700004693	187.99996240000752
226.09962900006212	187.99996240000752
226.41739199997392	187.99996240000752
226.73735199996736	187.99996240000752
227.0561989999842	187.99996240000752
227.37484800000675	187.99996240000752
227.69416700000875	187.99996240000752
228.01304300001357	187.99996240000752
228.33327299996745	187.99996240000752
228.65113999997266	187.99996240000752
228.97071200003847	187.99996240000752
229.29095699999016	187.99996240000752
229.60975499998312	187.99996240000752
229.92794199998025	187.99996240000752
230.24759599997196	187.99996240000752
230.5663160000695	187.99996240000752
230.88592100003734	187.99996240000752
231.2050070000114	187.99996240000752
231.52372100006323	187.99996240000752
231.8427630000515	187.99996240000752
232.16339800006244	187.99996240000752
232.48179300001357	187.99996240000752
232.80081400007475	187.99996240000752
233.11954200000037	187.99996240000752
233.4399020000128	187.99996240000752
233.75944900000468	187.99996240000752
234.07702500000596	187.99996240000752
234.3968580000801	187.99996240000752


3.9104430000297725	120.0
4.405311000067741	120.0
4.501408000010997	120.0
5.000831000041217	120.0
5.502040000050329	120.0
6.001660000067204	120.0
6.5025799999712035	120.0
7.000571000040509	120.0
7.50080500007607	120.0
8.000311000039801	120.0
8.500296000041999	120.0
9.002276999992318	120.0
9.502364000072703	120.0
10.002477000001818	120.0
10.501320000039414	120.0
11.002467000042088	120.0
11.501383000053465	120.0
12.002574000041932	120.0
12.501746000023559	120.0
13.00187699997332	120.0
13.500901999999769	120.0
14.00126100005582	120.0
14.500327000045218	120.0
15.001698000007309	120.0
15.501921000075527	120.0
16.000304999994114	120.0
16.50081700005103	120.0
17.002277999999933	120.0
17.50072800007183	120.0
18.001670000026934	120.0
18.500726000056602	120.0
19.003206999972463	120.0
19.500866999966092	120.0
20.001964000053704	120.0
20.501679999986663	120.0
21.002326000016183	120.0
21.500702999997884	120.0
22.000454999972135	120.0
22.50032300001476	120.0
23.00051500007976	120.0
23.50193000002764	120.0
24.000674000009894	120.0
24.5012379999971	120.0
25.000989000080153	120.0
25.50154399999883	120.0
26.000608999980614	120.0
26.50053000007756	120.0
27.000849000061862	120.0
27.50052800006233	120.0
28.000878000049852	142.0000710000355
28.38809400005266	142.0000710000355
28.809736000024714	142.0000710000355
29.231727999984287	142.0000710000355
29.654678000020795	142.0000710000355
30.077390999998897	93.99998120000376
30.262474999995902	93.99998120000376
30.90175600000657	93.99998120000376
31.53926800005138	93.99998120000376
32.17839300003834	93.99998120000376
32.81579200003762	93.99998120000376
33.45452899998054	93.99998120000376
34.092101000016555	175.0
34.28380400000606	175.0
34.62716899998486	175.0
34.970191000029445	175.0
35.31235300004482	175.0
35.65489999996498	175.0
35.97342399996705	67.00002903334591
36.301821000059135	67.00002903334591
37.19695200002752	67.00002903334591
38.092506999964826	67.00002903334591
38.98801900004037	67.00002903334591
39.883661000058055	73.99998273333736
40.67686500004493	73.99998273333736
41.487329000025056	73.99998273333736
42.29804799996782	42.00001260000378
42.70346900005825	42.00001260000378
44.13027600001078	42.00001260000378
45.5590230000671	42.00001260000378
46.987948999973014	30.99999793333347
47.41957899997942	30.99999793333347
49.35419500002172	213.99987160007703
49.40426199999638	213.99987160007703
49.684743000078015	213.99987160007703
49.966333999997005	213.99987160007703
50.24551999999676	213.99987160007703
50.52581799996551	213.99987160007703
50.80700999998953	213.99987160007703
51.087023000000045	213.99987160007703
51.368820999981835	213.99987160007703
51.64745400007814	213.99987160007703
51.92753600003198	218.99968245046045
52.19927300000563	218.99968245046045
52.47204200003762	218.99968245046045
52.746020999969915	218.99968245046045
53.020419000065885	218.99968245046045
53.294041000073776	218.99968245046045
53.56829399999697	218.99968245046045
53.84193700004835	92.0
53.931853000074625	92.0
54.582996000070125	92.0
55.2351829999825	92.0
55.88733699999284	92.0
56.53962100006174	92.0
57.191773000056855	92.0
57.84376700001303	94.99999208333399
58.47345100005623	94.99999208333399
59.105113000026904	94.99999208333399
59.73748000001069	94.99999208333399
60.36929699999746	120.0
60.73099599999841	120.0
61.23134499997832	120.0
61.73092700005509	120.0
62.231804999988526	120.0
62.73181500006467	120.0
63.23230500007048	120.0
63.730876000015996	120.0
64.23278000007849	107.0
64.31579100003	107.0
64.87704499997199	107.0
65.43730200000573	107.0
65.9979469999671	167.00020318358054
66.2633279999718	167.00020318358054
66.62301500001922	167.00020318358054
66.9818620000733	167.00020318358054
67.34212899999693	167.00020318358054
67.7000710000284	167.00020318358054
68.05981500004418	167.00020318358054
68.4177240000572	167.00020318358054
68.77767800004221	167.00020318358054
69.1366740000667	167.00020318358054
69.49591800000053	167.00020318358054
69.85560300003272	202.99965828390856
70.13057899998967	202.99965828390856
70.42447600001469	202.99965828390856
70.72222900006454	202.99965828390856
71.01639900007285	202.99965828390856
71.31189600005746	202.99965828390856
71.60850400000345	202.99965828390856
71.90255500003695	112.00005973336519
72.03423300001305	112.00005973336519
72.5712380000623	112.00005973336519
73.10538399999496	112.00005973336519
73.64123599999584	112.00005973336519
74.17810999997891	112.00005973336519
74.71232100005727	112.00005973336519
75.24965900008101	112.00005973336519
75.78542600001674	211.00014066676044
76.04829900001641	211.00014066676044
76.33311500004493	211.00014066676044
76.61791200004518	211.00014066676044
76.9023430000525	211.00014066676044
77.18670000007842	211.00014066676044
77.46993999998085	211.00014066676044
77.75426499999594	211.00014066676044
78.03889099997468	102.0000510000255
78.3535860000411	102.0000510000255
78.94169100001454	102.0000510000255
79.5322500000475	102.0000510000255
80.1190700000152	102.0000510000255
80.70656000007875	102.0000510000255
81.29481500003021	102.0000510000255
81.88360399997327	128.0
82.32472000003327	128.0
82.79336900007911	128.0
83.26176000002306	128.0
83.73232499998994	128.0
84.19963200006168	212.0
84.30276400002185	212.0
84.58606700005475	212.0
84.86835400003474	212.0
85.15192900004331	212.0
85.43527400004677	212.0
85.7181199999759	212.0
86.00092999998014	212.0
86.28332499996759	212.0
86.56784500007052	212.0
86.85137899999972	212.0
87.13273599999957	212.0
87.41563299996778	212.0
87.69948700000532	212.0
87.98319599998649	89.9999550000225
88.29537200008053	89.9999550000225
88.96292700001504	89.9999550000225
89.63084700005129	89.9999550000225
90.2954219999956	137.99987580011177
90.54293900006451	137.99987580011177
90.97775099996943	137.99987580011177
91.41099700005725	137.99987580011177
91.84703599999193	137.99987580011177
92.28124100004788	137.99987580011177
92.71652899996843	137.99987580011177
93.15082700003404	137.99987580011177
93.5852190000005	137.99987580011177
94.02032000001054	31.0
94.93113599997014	31.0
96.86490200005937	178.99974940035085
96.9548440000508	178.99974940035085
97.29079200001433	178.99974940035085
97.6243999999715	178.99974940035085
97.96209100005217	178.99974940035085
98.29510099999607	178.99974940035085
98.63039800000843	178.99974940035085
98.96575700002722	178.99974940035085
99.30269500007853	178.99974940035085
99.63627500005532	178.99974940035085
99.97358400002122	211.99990106671282
100.2216560000088	211.99990106671282
100.50424799998291	211.99990106671282
100.78732800006401	211.99990106671282
101.07179399998859	211.99990106671282
101.35393700003624	211.99990106671282
101.63608900003601	211.99990106671282
101.92110100004356	50.99998215000625
102.25537500006612	50.99998215000625
103.43353599996772	50.99998215000625
104.60908700001892	50.99998215000625
105.78484700003173	50.99998215000625
106.96089800004847	196.0002874670883
107.03075200004969	196.0002874670883
107.33804100006819	196.0002874670883
107.64356300001964	196.0002874670883
107.95121800003108	156.000156000156
107.98468800005503	156.000156000156
108.36969099997077	156.000156000156
108.7543140000198	156.000156000156
109.1399359999923	156.000156000156
109.52339700004086	156.000156000156
109.9088520000223	156.000156000156
110.29260400007479	156.000156000156
110.67853500007186	156.000156000156
111.06351000000723	156.000156000156
111.44758699997328	156.000156000156
111.83209699997678	156.000156000156
112.2166079999879	151.99993920002433
112.22616299998481	151.99993920002433
112.62234900007024	151.99993920002433
113.01589799998328	151.99993920002433
113.41027900006156	151.99993920002433
113.80486799997743	151.99993920002433
114.20112900005188	118.0
114.30888700007927	118.0
114.81809399998747	118.0
115.32650600001216	118.0
115.83489499997813	118.0
116.34300600003917	118.0
116.85218599997461	118.0
117.36080600006972	118.0
117.86820700007956	118.0
118.37753900000826	113.99995440001824
118.39605500001926	113.99995440001824
118.923579000053	113.99995440001824
119.44867299997713	113.99995440001824
119.97513999999501	46.99999060000188
120.26633800007403	46.99999060000188
121.54296600003727	46.99999060000188
122.82072399999015	46.99999060000188
124.09612300002482	90.0
124.63258400000632	90.0
125.29967099998612	90.0
125.9411170000676	190.0002850004275
126.1969360000221	190.0002850004275
126.5129489999963	190.0002850004275
126.8276949999854	190.0002850004275
127.14334199996665	190.0002850004275
127.45915600005537	190.0002850004275
127.77525599999353	190.0002850004275
128.09125000005588	190.0002850004275
128.4064870000584	190.0002850004275
128.7224550000392	190.0002850004275
129.03827200003434	190.0002850004275
129.3538750000298	190.0002850004275
129.6714530000463	190.0002850004275
129.9855240000179	60.0
130.48289099999238	60.0
131.48322799999733	60.0
132.49535700003617	28.999993233334912
133.1788950000191	28.999993233334912
135.2479830000084	28.999993233334912
137.3180890000658	145.00003625000906
137.37265500007197	145.00003625000906
137.78610700007994	145.00003625000906
138.2001150000142	150.0
138.5862780000316	150.0
138.98737200000323	150.0
139.38670899998397	150.0
139.78652900003362	150.0
140.18668100005016	150.0
140.58740000007674	150.0
140.9871180000482	150.0
141.38622500002384	150.0
141.78614500002004	150.0
142.18627000006381	75.99996960001216
142.57285300001968	75.99996960001216
143.36331499996595	75.99996960001216
144.15303400007542	56.0
144.2788029999938	56.0
145.35010799998417	56.0
146.42151700006798	56.0
147.49296200007666	56.0
148.56436199997552	40.0
148.87322299997322	40.0
150.37209099996835	165.000165000165
150.64570600003935	165.000165000165
151.01098100002855	165.000165000165
151.37349000002723	165.000165000165
151.73749900003895	165.000165000165
152.10031300003175	165.000165000165
152.464272000012	165.000165000165
152.82759400003124	165.000165000165
153.1929780000355	165.000165000165
153.55543100007344	165.000165000165
153.91904700000305	142.0
153.93798499996774	142.0
154.36076599999797	142.0
154.38455700001214	142.0
154.80704800004605	142.0
155.2293490000302	142.0
155.65314299997408	142.0
156.07456199999433	64.99999458333379
156.39840900001582	64.99999458333379
157.32220000005327	64.99999458333379
158.24367400002666	64.99999458333379
159.16655700001866	64.99999458333379
160.09150600002613	75.99996960001216
160.8387090000324	75.99996960001216
161.62837000004947	75.99996960001216
162.4172040000558	211.00014066676044
162.59615600004327	211.00014066676044
162.88146800000686	211.00014066676044
163.16448999999557	211.00014066676044
163.44835299998522	211.00014066676044
163.73270499997307	211.00014066676044
164.0187460000161	211.00014066676044
164.30238500004634	211.00014066676044
164.58556300005876	211.00014066676044
164.870210000081	211.00014066676044
165.15516299998853	211.00014066676044
165.43920899997465	211.00014066676044
165.7237459999742	211.00014066676044
166.00864500005264	198.000198000198
166.0207380000502	198.000198000198
166.3241430000635	198.000198000198
166.62647899996955	198.000198000198
166.9294729999965	198.000198000198
167.23241699999198	198.000198000198
167.53581999999005	198.000198000198
167.83936500002164	156.9998377668343
167.84522000001743	156.9998377668343
168.22849300003145	156.9998377668343
168.61049600003753	156.9998377668343
168.99165800004266	156.9998377668343
169.37424600007944	156.9998377668343
169.75603599997703	156.9998377668343
170.1381200000178	156.9998377668343
170.52207800000906	156.9998377668343
170.9023370000068	156.9998377668343
171.2846960000461	156.9998377668343
171.66661499999464	156.9998377668343
172.0506100000348	56.99997720000912
172.46308400004636	56.99997720000912
173.51553400000557	56.99997720000912
174.56901199999265	83.0
175.054701999994	83.0
175.77762900001835	83.0
176.50184899999294	83.0
177.2233819999965	83.0
177.94586600002367	154.000154000154
178.2983800000511	154.000154000154
178.68755600007717	154.000154000154
179.0780510000186	154.000154000154
179.46777700004168	154.000154000154
179.8576030000113	108.99994368336243
179.87309100001585	108.99994368336243
180.4235869999975	108.99994368336243
180.97431499999948	108.99994368336243
181.52456200006418	108.99994368336243
182.07513300003484	108.99994368336243
182.62510699999984	108.99994368336243
183.17638399999123	108.99994368336243
183.72631100006402	108.99994368336243
184.27780400007032	198.0
184.39700200001244	198.0
184.70025500003248	198.0
185.00172599998768	198.0
185.30478100001346	198.0
185.58351700007915	198.0
185.88657500001136	198.0
186.18962199997623	173.99979120025057
186.233545999974	173.99979120025057
186.5783400000073	173.99979120025057
186.92308700003196	173.99979120025057
187.26821400003973	173.99979120025057
187.61279400007334	173.99979120025057
187.95758599997498	173.99979120025057
188.3024930000538	173.99979120025057
188.64724199997727	173.99979120025057
188.99212599999737	173.99979120025057
189.33677900000475	173.99979120025057
189.6820750000188	173.99979120025057
190.02653400006238	187.99996240000752
190.32887199998368	187.99996240000752
190.6485119999852	187.99996240000752
190.96708500001114	187.99996240000752
191.28697400004603	187.99996240000752
191.60553800000343	187.99996240000752
191.9245799999917	187.99996240000752
192.24414800002705	187.99996240000752
192.5633510000771	187.99996240000752
192.8823160000611	187.99996240000752
193.20241899997927	187.99996240000752
193.52155599999242	187.99996240000752
193.84051600005478	187.99996240000752
194.15930900000967	187.99996240000752
194.47823999996763	187.99996240000752
194.79698900005314	187.99996240000752
195.11622500000522	187.99996240000752
195.4353279999923	187.99996240000752
195.7548020000104	187.99996240000752
196.07365200005006	187.99996240000752
196.39273500000127	187.99996240000752
196.71271200000774	187.99996240000752
197.0309020000277	187.99996240000752
197.3510060000699	187.99996240000752
197.67036800005008	187.99996240000752
197.98877100006212	187.99996240000752
198.30812299996614	187.99996240000752
198.62754100002348	187.99996240000752
198.94638400000986	187.99996240000752
199.26515500003006	187.99996240000752
199.58427099999972	187.99996240000752
199.90339700004552	187.99996240000752
200.22268800006714	187.99996240000752
200.54194100003224	187.99996240000752
200.86089700006414	187.99996240000752
201.18130000005476	187.99996240000752
201.49922400002833	187.99996240000752
201.81856699998025	187.99996240000752
202.13789899996482	187.99996240000752
202.45680599997286	187.99996240000752
202.77575400006026	187.99996240000752
203.0951130000176	187.99996240000752
203.41553600004409	187.99996240000752
203.7332269999897	187.99996240000752
204.0530120000476	187.99996240000752
204.37288200005423	187.99996240000752
204.69198700005654	187.99996240000752
205.0097610000521	187.99996240000752
205.32916600001045	187.99996240000752
205.64854500000365	187.99996240000752
205.9670829999959	187.99996240000752
206.28648400004022	187.99996240000752
206.605447000009	187.99996240000752
206.92475600005127	187.99996240000752
207.24421400006395	187.99996240000752
207.56313200003933	187.99996240000752
207.8820129999658	187.99996240000752
208.2011890000431	187.99996240000752
208.52068299998064	187.99996240000752
208.84053899999708	187.99996240000752
209.15867100004107	187.99996240000752
209.4784010000294	187.99996240000752
209.79777399997693	187.99996240000752
210.1161340000108	187.99996240000752
210.43530300003476	187.99996240000752
210.7543800000567	187.99996240000752
211.07362899999134	187.99996240000752
211.39302199997474	187.99996240000752
211.71311999997124	187.99996240000752
212.03170499997213	187.99996240000752
212.35039300005883	187.99996240000752
212.67049400007818	187.99996240000752
212.9889550000662	187.99996240000752
213.30768700002227	187.99996240000752
213.62681300006807	187.99996240000752
213.945919000078	187.99996240000752
214.2653500000015	187.99996240000752
214.29205599997658	187.99996240000752
214.60901300003752	187.99996240000752
214.92888999998104	187.99996240000752
215.24843000003602	187.99996240000752
215.5677540000761	187.99996240000752
215.88508500007447	187.99996240000752
216.20443200005684	187.99996240000752
216.52345600002445	187.99996240000752
216.84286900004372	187.99996240000752
217.1621949999826	187.99996240000752
217.48219000000972	187.99996240000752
217.80241300002672	187.99996240000752
218.12156300002243	187.99996240000752
218.44031500001438	187.99996240000752
218.75846300006378	187.99996240000752
219.07653600000776	187.99996240000752
219.39653500006534	187.99996240000752
219.71535700000823	187.99996240000752
220.0390700000571	187.99996240000752
220.35349800006952	187.99996240000752
220.67304700007662	187.99996240000752
220.99322100006975	187.99996240000752
221.313433000003	187.99996240000752
221.63114900002256	187.99996240000752
221.95111700007692	187.99996240000752
222.26801600004546	187.99996240000752
222.5876420000568	187.99996240000752
222.90718700003345	187.99996240000752
223.22639600001276	187.99996240000752
223.54486799996812	187.99996240000752
223.86385700001847	187.99996240000752
224.1831640000455	187.99996240000752
224.50319199997466	187.99996240000752
224.82277099997737	187.99996240000752
225.1413429999957	187.99996240000752
225.4614940000465	187.99996240000752
225.77869700000156	187.99996240000752
226.0996130000567	187.99996240000752
226.41737899999134	187.99996240000752
226.73681600007694	187.99996240000752
227.05621100007556	187.99996240000752
227.37462700007018	187.99996240000752
227.693947999971	187.99996240000752
228.01322199997958	187.99996240000752
228.33409600006416	187.99996240000752
228.65093900007196	187.99996240000752
228.97071200003847	187.99996240000752
229.29122899996582	187.99996240000752
229.61021399998572	187.99996240000752
229.92769799998496	187.99996240000752
230.24708400003146	187.99996240000752
230.5661320000654	187.99996240000752
230.88539599999785	187.99996240000752
231.2047550000716	187.99996240000752
231.52340200007893	187.99996240000752
231.84319200005848	187.99996240000752
232.1630700000096	187.99996240000752
232.48129799996968	187.99996240000752
232.80104499997105	187.99996240000752
233.11983800004236	187.99996240000752
233.439679000061	187.99996240000752
233.75922400003765	187.99996240000752
234.07676399999764	187.99996240000752
234.40127400006168	187.99996240000752


5.898736000061035	120.0
6.393580000032671	120.0
6.5023150000488386	120.0
7.000319999991916	120.0
7.500447000027634	120.0
8.001617999980226	120.0
8.500850000069477	120.0
9.002772000036202	120.0
9.50287099997513	120.0
10.002716000075452	120.0
10.501981000066735	120.0
11.002733999979682	120.0
11.50158200005535	120.0
12.002762000076473	120.0
12.502194000058807	120.0
13.002083000028506	120.0
13.50055900006555	120.0
14.00036100007128	120.0
14.500790000078268	120.0
15.002193000051193	120.0
15.502525000018068	120.0
16.000616000033915	120.0
16.5011260000756	120.0
17.00198800000362	120.0
17.500384000013582	120.0
18.001774000003934	120.0
18.50110700004734	120.0
19.00290700001642	120.0
19.500545000075363	120.0
20.001533000031486	120.0
20.502157000009902	120.0
21.002589000039734	120.0
21.500922000035644	120.0
22.00115799997002	120.0
22.500592999975197	120.0
23.001047000056133	120.0
23.502175000030547	120.0
24.00040500005707	120.0
24.501454000012018	120.0
25.001450999989174	120.0
25.50067300000228	120.0
26.000715999980457	120.0
26.500505000003614	120.0
27.00107300002128	120.0
27.500379999983124	120.0
28.00037300004624	142.0000710000355
28.388003000058234	142.0000710000355
28.809978000004776	142.0000710000355
29.23174299998209	142.0000710000355
29.654827999998815	142.0000710000355
30.077390999998897	93.99998120000376
30.262497000047006	93.99998120000376
30.90175600000657	93.99998120000376
31.53909700002987	93.99998120000376
32.17858599999454	93.99998120000376
32.815998999984004	93.99998120000376
33.453866000054404	93.99998120000376
34.09233800007496	175.00007291669704
34.28374600003008	175.00007291669704
34.627239000052214	175.00007291669704
34.97046700003557	175.00007291669704
35.31204800005071	175.00007291669704
35.655093000037596	175.00007291669704
35.997907000011764	67.00002903334591
36.32722199999262	67.00002903334591
37.22123000002466	67.00002903334591
38.09267699997872	67.00002903334591
38.98823200003244	67.00002903334591
39.883669000002556	73.99998273333736
40.67709000001196	73.99998273333736
41.487656000070274	73.99998273333736
42.29851900006179	42.0
42.70316799997818	42.0
44.13047800003551	42.0
45.55923600005917	42.0
46.98787599999923	30.99999793333347
47.41986899997573	30.99999793333347
49.35419500002172	213.99987160007703
49.40455600002315	213.99987160007703
49.684980000020005	213.99987160007703
49.96585200005211	213.99987160007703
50.245530000072904	213.99987160007703
50.52594800002407	213.99987160007703
50.8066739999922	213.99987160007703
51.08736200002022	213.99987160007703
51.36763100000098	213.99987160007703
51.64794699999038	213.99987160007703
51.92776300001424	219.0
52.19904300000053	219.0
52.47235599998385	219.0
52.74629899999127	219.0
53.02019900002051	219.0
53.294195999973454	219.0
53.568102000048384	219.0
53.84217700001318	91.99998773333498
53.931549999979325	91.99998773333498
54.58327499998268	91.99998773333498
55.2353979999898	91.99998773333498
55.8876520000631	91.99998773333498
56.539841999998316	91.99998773333498
57.19192999997176	91.99998773333498
57.84402800002135	91.99998773333498
58.49623100005556	94.99999208333399
59.10540800006129	94.99999208333399
59.73730599996634	94.99999208333399
60.36910800007172	120.0
60.731239999993704	120.0
61.23164899996482	120.0
61.73105299996678	120.0
62.23147500003688	120.0
62.73206700000446	120.0
63.23259899998084	120.0
63.731170000042766	120.0
64.23301600001287	106.99993580003851
64.29289599996991	106.99993580003851
64.85239600006025	106.99993580003851
65.41349299997091	106.99993580003851
65.97388100007083	167.00020318358054
66.23768600006588	167.00020318358054
66.26365700003225	167.00020318358054
66.62308400007896	167.00020318358054
66.98210999998264	167.00020318358054
67.34181800007354	167.00020318358054
67.69984000001568	167.00020318358054
68.05951499997173	167.00020318358054
68.4179320000112	167.00020318358054
68.77767800004221	167.00020318358054
69.13636400003452	167.00020318358054
69.4958490000572	167.00020318358054
69.85558800003491	202.99965828390856
70.13121300004423	202.99965828390856
70.42470099998172	202.99965828390856
70.72189699998125	202.99965828390856
71.01667699997779	202.99965828390856
71.31138700002339	202.99965828390856
71.60832300002221	202.99965828390856
71.90255500003695	112.0
72.03367500007153	112.0
72.57162800000515	112.0
73.1054240000667	112.0
73.6415740000084	112.0
74.17824899998959	112.0
74.71253700007219	112.0
75.24967000004835	112.0
75.7851640000008	211.00014066676044
76.0482750000665	211.00014066676044
76.33345699997153	211.00014066676044
76.61827199999243	211.00014066676044
76.90255200001411	211.00014066676044
77.1871660000179	211.00014066676044
77.47019700007513	211.00014066676044
77.75462200003676	211.00014066676044
78.03883099998347	102.0000510000255
78.3538150000386	102.0000510000255
78.94167800003197	102.0000510000255
79.5322500000475	102.0000510000255
80.11902600002941	102.0000510000255
80.70678700006101	102.0000510000255
81.29486500006169	102.0000510000255
81.88335999997798	128.0
82.32449600007385	128.0
82.79334400000516	128.0
83.26201399997808	128.0
83.73221899999771	128.0
84.19989599997643	211.99990106671282
84.3024040000746	211.99990106671282
84.5859819999896	211.99990106671282
84.86864600004628	211.99990106671282
85.1515280000167	211.99990106671282
85.43507100001443	211.99990106671282
85.71788600005675	211.99990106671282
86.0003629999701	211.99990106671282
86.28363499999978	211.99990106671282
86.56760299997404	211.99990106671282
86.85161999997217	211.99990106671282
87.13245100004133	211.99990106671282
87.41537900001276	211.99990106671282
87.69926100003067	211.99990106671282
87.98299200006295	89.9999550000225
88.29569100006483	89.9999550000225
88.96271100000013	89.9999550000225
89.63026800006628	89.9999550000225
90.29511499998625	137.99987580011177
90.5431020000251	137.99987580011177
90.97807100007776	137.99987580011177
91.41124400007538	137.99987580011177
91.8468480000738	137.99987580011177
92.28079500002787	137.99987580011177
92.71681899996474	137.99987580011177
93.15016000007745	137.99987580011177
93.58520299999509	137.99987580011177
94.02052700007334	30.99999793333347
94.93134900007863	30.99999793333347
96.86466199997813	178.99974940035085
96.95456900005229	178.99974940035085
97.28914200002328	178.99974940035085
97.62496000004467	178.99974940035085
97.96219600003678	178.99974940035085
98.29532200004905	178.99974940035085
98.63019799999893	178.99974940035085
98.96554900007322	178.99974940035085
99.30248299997766	178.99974940035085
99.6364290000638	178.99974940035085
99.97334300004877	211.99990106671282
100.22201500006486	211.99990106671282
100.50402700004634	211.99990106671282
100.78725799999665	211.99990106671282
101.07150700001512	211.99990106671282
101.3534670000663	211.99990106671282
101.63648600003216	211.99990106671282
101.92111600004137	51.0
102.25507000007201	51.0
103.43353599996772	51.0
104.60899199999403	51.0
105.78457300004084	51.0
106.9604779999936	196.0002874670883
107.03085300000384	196.0002874670883
107.33799400005955	196.0002874670883
107.64356300001964	196.0002874670883
107.95111300004646	156.000156000156
107.98489800002426	156.000156000156
108.3692189999856	156.000156000156
108.75407899997663	156.000156000156
109.14011000003666	156.000156000156
109.52317699999548	156.000156000156
109.90926700003911	156.000156000156
110.29251300008036	156.000156000156
110.67852299998049	156.000156000156
111.06332700001076	156.000156000156
111.44736200000625	156.000156000156
111.83203200006392	152.0
112.22619499999564	152.0
112.62234900007024	152.0
113.01567900006194	152.0
113.41050700005144	152.0
113.80500900000334	152.0
114.20071500004269	117.99990166674861
114.30875500000548	117.99990166674861
114.81829800002743	117.99990166674861
115.3261829999974	117.99990166674861
115.83483700000215	117.99990166674861
116.3427490000613	117.99990166674861
116.85206200007815	117.99990166674861
117.36105399997905	117.99990166674861
117.8684249999933	117.99990166674861
118.37722600006964	113.99995440001824
118.39600900001824	113.99995440001824
118.92378599999938	113.99995440001824
119.4488920000149	113.99995440001824
119.97490799997468	46.99999060000188
120.26657199999318	46.99999060000188
121.54325099999551	46.99999060000188
122.82039500004612	46.99999060000188
124.09640999999829	89.9999550000225
124.63282800000161	89.9999550000225
125.29967099998612	89.9999550000225
125.96593100007158	190.0002850004275
126.2216920000501	190.0002850004275
126.53673399996478	190.0002850004275
126.85162500001024	190.0002850004275
127.16853799996898	190.0002850004275
127.45925600000191	190.0002850004275
127.77501500002109	190.0002850004275
128.09125000005588	190.0002850004275
128.40672600001562	190.0002850004275
128.72223600000143	190.0002850004275
129.03843800001778	190.0002850004275
129.35383999999613	190.0002850004275
129.67147200007457	190.0002850004275
129.9855240000179	60.0
130.48295700002927	60.0
131.48323999997228	60.0
132.5201769999694	29.0
133.17916399997193	29.0
135.24837300006766	29.0
137.31786800001282	145.00003625000906
137.37238900002558	145.00003625000906
137.78610700007994	145.00003625000906
138.19996100000571	150.0
138.58642499998678	150.0
138.9872880000621	150.0
139.386651000008	150.0
139.78628700005356	150.0
140.18701500003226	150.0
140.58717000007164	150.0
140.98707400006242	150.0
141.38663600001018	150.0
141.78622900007758	150.0
142.18640100001357	76.0
142.57272699999157	76.0
143.3632660000585	76.0
144.15268900000956	55.99997760000896
144.27904699998908	55.99997760000896
145.34999999997672	55.99997760000896
146.42138299997896	55.99997760000896
147.49306300003082	55.99997760000896
148.5644190000603	40.0
148.87315100000706	40.0
150.37236699997447	165.000165000165
150.64569799997844	165.000165000165
151.01127000001725	165.000165000165
151.37325299996883	165.000165000165
151.7375400000019	165.000165000165
152.10052199999336	165.000165000165
152.46431199996732	165.000165000165
152.82756000000518	165.000165000165
153.19299700006377	165.000165000165
153.55514499999117	165.000165000165
153.91885200003162	142.0000710000355
153.93781400006264	142.0000710000355
154.3614280000329	142.0000710000355
154.7832809999818	142.0000710000355
155.20553899998777	142.0000710000355
155.62785799999256	142.0000710000355
156.050402999972	64.99999458333379
156.37332000001334	64.99999458333379
156.3975760000758	64.99999458333379
157.3224840000039	64.99999458333379
158.2438989999937	64.99999458333379
159.16678099997807	64.99999458333379
160.09100200003013	75.99996960001216
160.838560000062	75.99996960001216
161.62878999998793	75.99996960001216
162.41723100002855	211.0
162.59589400002733	211.0
162.8821000000462	211.0
163.16473900002893	211.0
163.44856400007848	211.0
163.73289099999238	211.0
164.0185000000056	211.0
164.301885999972	211.0
164.5855740000261	211.0
164.87013599998318	211.0
165.15540000004694	211.0
165.43896499997936	211.0
165.72354400006589	211.0
166.00834000005852	198.000198000198
166.02040300006047	198.000198000198
166.32373100006953	198.000198000198
166.62647899996955	198.000198000198
166.92934799997602	198.000198000198
167.232255000039	198.000198000198
167.53568500000983	198.000198000198
167.83932600007392	156.9998377668343
167.84521100006532	156.9998377668343
168.22800200001802	156.9998377668343
168.61048300005496	156.9998377668343
168.99139600002673	156.9998377668343
169.37421500007622	156.9998377668343
169.75606899999548	156.9998377668343
170.13783200003672	156.9998377668343
170.52192299999297	156.9998377668343
170.90267800004221	156.9998377668343
171.28449200000614	156.9998377668343
171.6665819999762	156.9998377668343
172.0503879999742	57.0
172.46317000000272	57.0
173.51538300001994	57.0
174.5692010000348	82.99995020002989
175.05460100003984	82.99995020002989
175.777929999982	82.99995020002989
176.50206199998502	82.99995020002989
177.22363600006793	82.99995020002989
177.94566500000656	154.000154000154
178.29787800007034	154.000154000154
178.68787200003862	154.000154000154
179.07827000005636	154.000154000154
179.46806400001515	154.000154000154
179.8565729999682	108.99994368336243
179.87292200000957	108.99994368336243
180.42355299997143	108.99994368336243
180.97433300002012	108.99994368336243
181.52393100003246	108.99994368336243
182.07536300003994	108.99994368336243
182.6253339999821	108.99994368336243
183.1758100000443	108.99994368336243
183.72609000001103	108.99994368336243
184.277854999993	198.000198000198
184.39696000004187	198.000198000198
184.70024300005753	198.000198000198
185.00173700007144	198.000198000198
185.30472600006033	198.000198000198
185.60783700004686	198.000198000198
185.91213299997617	198.000198000198
186.2139540000353	173.99979120025057
186.25870300002862	173.99979120025057
186.6027260000119	173.99979120025057
186.94785900006536	173.99979120025057
187.29222100006882	173.99979120025057
187.61280500004068	173.99979120025057
187.9576309999684	173.99979120025057
188.30250400002114	173.99979120025057
188.64722500008065	173.99979120025057
188.9921490000561	173.99979120025057
189.33701700007077	173.99979120025057
189.681852000067	173.99979120025057
190.0265440000221	187.99996240000752
190.32912900007796	187.99996240000752
190.6482969999779	187.99996240000752
190.96725800004788	187.99996240000752
191.28691799996886	187.99996240000752
191.60559200006537	187.99996240000752
191.92516800004523	187.99996240000752
192.24393100000452	187.99996240000752
192.5635890000267	187.99996240000752
192.88206800003536	187.99996240000752
193.20267799997237	187.99996240000752
193.52130400005262	187.99996240000752
193.84022500005085	187.99996240000752
194.15909299999475	187.99996240000752
194.478460000013	187.99996240000752
194.79744800005574	187.99996240000752
195.1164760000538	187.99996240000752
195.43562800006475	187.99996240000752
195.75441300007515	187.99996240000752
196.07388200005516	187.99996240000752
196.39300100004766	187.99996240000752
196.71296699997038	187.99996240000752
197.03109000006225	187.99996240000752
197.3513629999943	187.99996240000752
197.67078100005165	187.99996240000752
197.98849800007883	187.99996240000752
198.3078750000568	187.99996240000752
198.6272680000402	187.99996240000752
198.9460459999973	187.99996240000752
199.2653949999949	187.99996240000752
199.5844989999896	187.99996240000752
199.90371700003743	187.99996240000752
200.22286800004076	187.99996240000752
200.54178600001615	187.99996240000752
200.86088499997277	187.99996240000752
201.18137400003616	187.99996240000752
201.49939400004223	187.99996240000752
201.81882699998096	187.99996240000752
202.13742400007322	187.99996240000752
202.45663999998942	187.99996240000752
202.77608099998906	187.99996240000752
203.0952980000293	187.99996240000752
203.4144920000108	187.99996240000752
203.73349000001326	187.99996240000752
204.05275000003166	187.99996240000752
204.3721820000792	187.99996240000752
204.69198700005654	187.99996240000752
205.00995099998545	187.99996240000752
205.32929300004616	187.99996240000752
205.64853200002108	187.99996240000752
205.96776200004388	187.99996240000752
206.28648400004022	187.99996240000752
206.60554899997078	187.99996240000752
206.92475600005127	187.99996240000752
207.2439139999915	187.99996240000752
207.5631440000143	187.99996240000752
207.88214400003199	187.99996240000752
208.20129800005816	187.99996240000752
208.52041600004304	187.99996240000752
208.84084900002927	187.99996240000752
209.15893699997105	187.99996240000752
209.47869500005618	187.99996240000752
209.7974460000405	187.99996240000752
210.11626599996816	187.99996240000752
210.43530300003476	187.99996240000752
210.75449700001627	187.99996240000752
211.0736620000098	187.99996240000752
211.39286000002176	187.99996240000752
211.71326099999715	187.99996240000752
212.03161000006367	187.99996240000752
212.35039300005883	187.99996240000752
212.6703780000098	187.99996240000752
212.98939400003292	187.99996240000752
213.30768700002227	187.99996240000752
213.6268820000114	187.99996240000752
213.94610399997327	187.99996240000752
214.2651070000138	187.99996240000752
214.58498499996495	187.99996240000752
214.9035520000616	187.99996240000752
215.2226479999954	187.99996240000752
215.54182400007267	187.99996240000752
215.86189699999522	187.99996240000752
216.18003799999133	187.99996240000752
216.50096500001382	187.99996240000752
216.52369200007524	187.99996240000752
216.84316000004765	187.99996240000752
217.16191000002436	187.99996240000752
217.48195599997416	187.99996240000752
217.80207500001416	187.99996240000752
218.1212270000251	187.99996240000752
218.44009100005496	187.99996240000752
218.75824700004887	187.99996240000752
219.0770190000767	187.99996240000752
219.39640099997632	187.99996240000752
219.71512199996505	187.99996240000752
220.0399599999655	187.99996240000752
220.3533110000426	187.99996240000752
220.67261700006202	187.99996240000752
220.99296800000593	187.99996240000752
221.31325100001413	187.99996240000752
221.63139400002547	187.99996240000752
221.95084000006318	187.99996240000752
222.26820400008	187.99996240000752
222.58738799998537	187.99996240000752
222.90743300004397	187.99996240000752
223.22632000001613	187.99996240000752
223.54485299997032	187.99996240000752
223.86428500001784	187.99996240000752
224.1836599999806	187.99996240000752
224.50341900007334	187.99996240000752
224.8230700000422	187.99996240000752
225.14170300005935	187.99996240000752
225.46125100005884	187.99996240000752
225.77915000007488	187.99996240000752
226.09990799997468	187.99996240000752
226.4178730000276	187.99996240000752
226.73705900006462	187.99996240000752
227.05595000006724	187.99996240000752
227.3746360000223	187.99996240000752
227.693947999971	187.99996240000752
228.0128079999704	187.99996240000752
228.3333720000228	187.99996240000752
228.65113999997266	187.99996240000752
228.97092300001532	187.99996240000752
229.29094400000758	187.99996240000752
229.6099970000796	187.99996240000752
229.9282110000495	187.99996240000752
230.24776499997824	187.99996240000752
230.56593500007875	187.99996240000752
230.88564600003883	187.99996240000752
231.20446799998172	187.99996240000752
231.52385500003584	187.99996240000752
231.84275100007653	187.99996240000752
232.1636390000349	187.99996240000752
232.4815439999802	187.99996240000752
232.80086499999743	187.99996240000752
233.11954200000037	187.99996240000752
233.44000000006054	187.99996240000752
233.75896300002933	187.99996240000752
234.07676399999764	187.99996240000752
234.40099100000225	187.99996240000752


7.989216000074521	120.0
8.48323899996467	120.0
8.500625999993645	120.0
9.002536999993026	120.0
9.502704999991693	120.0
10.00298600003589	120.0
10.500576000078581	120.0
11.002785000018775	120.0
11.501150000025518	120.0
12.002771000028588	120.0
12.501958000008017	120.0
13.00320300005842	120.0
13.50031300005503	120.0
14.001064000069164	120.0
14.500510000041686	120.0
15.001919000060298	120.0
15.502233000006527	120.0
16.00046300003305	120.0
16.500411999993958	120.0
17.00169399997685	120.0
17.50095000001602	120.0
18.001425000024028	120.0
18.500915999989957	120.0
19.002652000053786	120.0
19.500324000022374	120.0
20.001762000028975	120.0
20.50192299997434	120.0
21.002816000021994	120.0
21.50037899997551	120.0
22.000937000033446	120.0
22.50089799996931	120.0
23.00086100003682	120.0
23.502413999987766	120.0
24.000858000013977	120.0
24.50166900001932	120.0
25.001248000073247	120.0
25.50083400006406	120.0
26.000809999997728	120.0
26.50071699998807	120.0
27.000729000079446	120.0
27.500629000016488	120.0
28.00072100001853	142.0
28.387770000030287	142.0
28.81016200000886	142.0
29.231893999967724	142.0
29.654909000033513	142.0
30.077612000051886	93.99998120000376
30.262747999979183	93.99998120000376
30.90204099996481	93.99998120000376
31.53903900005389	93.99998120000376
32.1787010000553	93.99998120000376
32.81604900001548	93.99998120000376
33.45393399999011	93.99998120000376
34.09233800007496	175.00007291669704
34.283552000066265	175.00007291669704
34.62687999999616	175.00007291669704
34.97040500002913	175.00007291669704
35.31206700007897	175.00007291669704
35.655093000037596	175.00007291669704
35.997970000025816	67.00002903334591
36.32680300006177	67.00002903334591
37.2213960000081	67.00002903334591
38.11760600004345	67.00002903334591
39.01275200000964	67.00002903334591
39.90802700002678	73.99998273333736
40.700870000058785	73.99998273333736
41.48748999997042	73.99998273333736
42.29830899997614	42.00001260000378
42.703429999994114	42.00001260000378
44.13031100004446	42.00001260000378
45.55886700004339	42.00001260000378
46.98761100007687	30.99999793333347
47.41957899997942	30.99999793333347
49.354351000045426	214.0
49.40426199999638	214.0
49.68477900000289	214.0
49.966179999988526	214.0
50.245709000038914	214.0
50.52605099999346	214.0
50.806940000038594	214.0
51.0875010000309	214.0
51.36824300000444	214.0
51.6477700000396	214.0
51.92759500001557	218.99968245046045
52.19904300000053	218.99968245046045
52.47212699998636	218.99968245046045
52.746378000010736	218.99968245046045
53.02019199996721	218.99968245046045
53.294041000073776	218.99968245046045
53.568102000048384	218.99968245046045
53.84193700004835	91.99998773333498
53.930934000061825	91.99998773333498
54.583015999989584	91.99998773333498
55.235201000003144	91.99998773333498
55.88737000001129	91.99998773333498
56.53959100006614	91.99998773333498
57.19176700001117	91.99998773333498
57.843853999977	95.0
58.47359399998095	95.0
59.10519200004637	95.0
59.73672899999656	95.0
60.36913800006732	120.0
60.73103899997659	120.0
61.231551000033505	120.0
61.7311210000189	120.0
62.23169200005941	120.0
62.73197299998719	120.0
63.23228500003461	120.0
63.731551000033505	120.0
64.23278000007849	106.99993580003851
64.29287800006568	106.99993580003851
64.85238100006245	106.99993580003851
65.41349299997091	106.99993580003851
65.97367600002326	167.00020318358054
66.23760400002357	167.00020318358054
66.59807599999476	167.00020318358054
66.95606200001203	167.00020318358054
67.31643800006714	167.00020318358054
67.67464199999813	167.00020318358054
68.03404800000135	167.00020318358054
68.3937820000574	167.00020318358054
68.41749600006733	167.00020318358054
68.77818400005344	167.00020318358054
69.13688000000548	167.00020318358054
69.49565399996936	167.00020318358054
69.8553499999689	202.99965828390856
70.1305590000702	202.99965828390856
70.42448400007561	202.99965828390856
70.72213200002443	202.99965828390856
71.01682700007223	202.99965828390856
71.31144099996891	202.99965828390856
71.60808100004215	202.99965828390856
71.90297100006137	112.00005973336519
72.03412099997513	112.00005973336519
72.57120800006669	112.00005973336519
73.10559000005014	112.00005973336519
73.64118899998721	112.00005973336519
74.17778100003488	112.00005973336519
74.71230500005186	112.00005973336519
75.25014400004875	112.00005973336519
75.78495200001635	211.00014066676044
76.0484759999672	211.00014066676044
76.33306800003629	211.00014066676044
76.6181360000046	211.00014066676044
76.90204900002573	211.00014066676044
77.18664099997841	211.00014066676044
77.46993999998085	211.00014066676044
77.75520100002177	102.0
77.76612300006673	102.0
78.35401300003286	102.0
78.94191900000442	102.0
79.53274499997497	102.0
80.11881200002972	102.0
80.70656000007875	102.0
81.29501700005494	102.0
81.88335400004871	128.0
82.32490200002212	128.0
82.79365000000689	128.0
83.26176000002306	128.0
83.7319950000383	128.0
84.19963200006168	211.99990106671282
84.3027520000469	211.99990106671282
84.58573499997146	211.99990106671282
84.8683960000053	211.99990106671282
85.15173200005665	211.99990106671282
85.43547200004105	211.99990106671282
85.71830199996475	211.99990106671282
86.0010679999832	211.99990106671282
86.28384899999946	211.99990106671282
86.56806700001471	211.99990106671282
86.85144900006708	211.99990106671282
87.13276499998756	211.99990106671282
87.4153599999845	211.99990106671282
87.69960100005846	211.99990106671282
87.98277100000996	90.0
88.29514599998947	90.0
88.96321099996567	90.0
89.63065800000913	90.0
90.2951630000025	137.99987580011177
90.54338100005407	137.99987580011177
90.97750100004487	137.99987580011177
91.41148700006306	137.99987580011177
91.84706000005826	137.99987580011177
92.28108400001656	137.99987580011177
92.71657699998468	137.99987580011177
93.15048100007698	137.99987580011177
93.58501699997578	137.99987580011177
94.02013399999123	30.99999793333347
94.93022300000302	30.99999793333347
96.86464899999555	178.99974940035085
96.9548890000442	178.99974940035085
97.28916599997319	178.99974940035085
97.6243999999715	178.99974940035085
97.96172899997327	178.99974940035085
98.29511399997864	178.99974940035085
98.63014899997506	178.99974940035085
98.96559500007425	178.99974940035085
99.30225000006612	178.99974940035085
99.63627500005532	178.99974940035085
99.97302100004163	211.99990106671282
100.22189100005198	211.99990106671282
100.5044619999826	211.99990106671282
100.78750700003002	211.99990106671282
101.07156000006944	211.99990106671282
101.35345000005327	211.99990106671282
101.63606599997729	211.99990106671282
101.92148600006476	50.99998215000625
102.25509700004477	50.99998215000625
103.4332820000127	50.99998215000625
104.60875100002158	50.99998215000625
105.78457300004084	50.99998215000625
106.9604779999936	196.0002874670883
107.03098799998406	196.0002874670883
107.3381900000386	196.0002874670883
107.64395699999295	196.0002874670883
107.950826000073	156.0
107.98442500003148	156.0
108.36917199997697	156.0
108.75397199997678	156.0
109.1399359999923	156.0
109.52353999996558	156.0
109.90906800003722	156.0
110.29267800005618	156.0
110.67827200004831	156.0
111.06371100002434	156.0
111.44711100007407	156.0
111.83163799997419	156.0
112.21663200005423	151.99993920002433
112.225940000033	151.99993920002433
112.62261099996977	151.99993920002433
113.01587900007144	151.99993920002433
113.40989100001752	151.99993920002433
113.80484500003513	151.99993920002433
114.20093599997927	117.99990166674861
114.30901700002141	117.99990166674861
114.81786299997475	117.99990166674861
115.32668499997817	117.99990166674861
115.83502700005192	117.99990166674861
116.34300600003917	117.99990166674861
116.85181999998167	117.99990166674861
117.36081900005229	117.99990166674861
117.86844200000633	114.0
117.86964900000021	114.0
118.39638300007209	114.0
118.92376899998635	114.0
119.44851100002415	114.0
119.97539799998049	46.99999060000188
120.26684699999169	46.99999060000188
121.54327400005423	46.99999060000188
122.82039500004612	46.99999060000188
124.09659800003283	89.9999550000225
124.63235800003167	89.9999550000225
125.29996700002812	89.9999550000225
125.96565000002738	190.0002850004275
126.22147200000472	190.0002850004275
126.53655099996831	190.0002850004275
126.85187899996527	190.0002850004275
127.16878299997188	190.0002850004275
127.48373300000094	190.0002850004275
127.79898600000888	190.0002850004275
128.11475800001062	190.0002850004275
128.43273500003852	190.0002850004275
128.7471020000521	190.0002850004275
129.06268700002693	190.0002850004275
129.38010199996643	190.0002850004275
129.6941479999805	190.0002850004275
129.9857610000763	60.0
130.4831150000682	60.0
131.48345900001004	60.0
132.49511200003326	28.999993233334912
133.1785829999717	28.999993233334912
135.24826600006782	28.999993233334912
137.31784799997695	145.00003625000906
137.3723610000452	145.00003625000906
137.78578300005756	145.00003625000906
138.19977599999402	150.0
138.58592800004408	150.0
138.9870130000636	150.0
139.38626000005752	150.0
139.7864390000468	150.0
140.18696099997032	150.0
140.5871449999977	150.0
140.98685400001705	150.0
141.38645500002895	150.0
141.78587600006722	150.0
142.18593899998814	75.99996960001216
142.57298699999228	75.99996960001216
143.36364700004924	75.99996960001216
144.1527580000693	55.99997760000896
144.2790560000576	55.99997760000896
145.3496799999848	55.99997760000896
146.4212740000803	55.99997760000896
147.49267399997916	55.99997760000896
148.5639900000533	40.0
148.87346000003163	40.0
150.37242300005164	165.000165000165
150.64544400002342	165.000165000165
151.01129900000524	165.000165000165
151.37323999998625	165.000165000165
151.73731900006533	165.000165000165
152.09992599999532	165.000165000165
152.4645409999648	165.000165000165
152.8272349999752	165.000165000165
153.19319800008088	165.000165000165
153.55517800000962	165.000165000165
153.91867400007322	142.0000710000355
153.93781400006264	142.0000710000355
154.3609980000183	142.0000710000355
154.783294999972	142.0000710000355
155.20556100003887	142.0000710000355
155.62814599997364	142.0000710000355
156.0501299999887	64.99999458333379
156.3732869999949	64.99999458333379
157.2964080000529	64.99999458333379
158.22074999997858	64.99999458333379
158.2437810000265	64.99999458333379
159.16655700001866	64.99999458333379
160.09097500005737	75.99996960001216
160.8383750000503	75.99996960001216
161.6289729999844	75.99996960001216
162.41751900000963	211.00014066676044
162.59568899997976	211.00014066676044
162.8817890000064	211.00014066676044
163.16447900002822	211.00014066676044
163.44840900006238	211.00014066676044
163.73275500000454	211.00014066676044
164.0186339999782	211.00014066676044
164.30211300007068	211.00014066676044
164.5860780000221	211.00014066676044
164.8699000000488	211.00014066676044
165.15545399999246	211.00014066676044
165.43877300003078	211.00014066676044
165.72336200007703	211.00014066676044
166.00854399998207	198.000198000198
166.02090400003362	198.000198000198
166.32403999997769	198.000198000198
166.6262240000069	198.000198000198
166.92952800006606	198.000198000198
167.23241699999198	198.000198000198
167.53586599999107	198.000198000198
167.83909899997525	157.0
167.84497199999169	157.0
168.22834699996747	157.0
168.61017200001515	157.0
168.99177500000224	157.0
169.3739400000777	157.0
169.75575700006448	157.0
170.13806400005706	157.0
170.52217500004917	157.0
170.90236399997957	157.0
171.28481700003613	157.0
171.6664110000711	157.0
172.050137000042	56.99997720000912
172.46266800002195	56.99997720000912
173.51591600000393	56.99997720000912
174.5689470000798	82.99995020002989
175.0548209999688	82.99995020002989
175.77764300000854	82.99995020002989
176.5023640000727	82.99995020002989
177.22337000002153	82.99995020002989
177.94585800007917	154.0
178.29812300007325	154.0
178.68809000006877	154.0
179.07778799999505	154.0
179.46829500002787	154.0
179.85710100003053	108.99994368336243
179.87268500006758	108.99994368336243
180.42329599999357	108.99994368336243
180.9740720000118	108.99994368336243
181.52425800007768	108.99994368336243
182.07553600007668	108.99994368336243
182.6248660000274	108.99994368336243
183.17615700000897	108.99994368336243
183.7257990000071	108.99994368336243
184.27754100004677	198.000198000198
184.39670100004878	198.000198000198
184.70047599996906	198.000198000198
185.00197500002105	198.000198000198
185.30500000005122	198.000198000198
185.60774900007527	198.000198000198
185.9124160000356	198.000198000198
186.21415500005241	173.99979120025057
186.25899600004777	173.99979120025057
186.6029550000094	173.99979120025057
186.94808200001717	173.99979120025057
187.2924650000641	173.99979120025057
187.6375860000262	173.99979120025057
187.98185900005046	173.99979120025057
188.3277849999722	173.99979120025057
188.67171600006986	173.99979120025057
189.01654199999757	173.99979120025057
189.36229299998377	173.99979120025057
189.70593699999154	173.99979120025057
190.05080199998338	187.99996240000752
190.32896000007167	187.99996240000752
190.64829000004102	187.99996240000752
190.9674009999726	187.99996240000752
191.28671100002248	187.99996240000752
191.60583700006828	187.99996240000752
191.92467800003942	187.99996240000752
192.24393100000452	187.99996240000752
192.56362799997441	187.99996240000752
192.88221599999815	187.99996240000752
193.20245300000533	187.99996240000752
193.52128300000913	187.99996240000752
193.8404730000766	187.99996240000752
194.15927200007718	187.99996240000752
194.47805500007235	187.99996240000752
194.79729800007772	187.99996240000752
195.11628900002688	187.99996240000752
195.43546599999536	187.99996240000752
195.75461200007703	187.99996240000752
196.07394899998326	187.99996240000752
196.39286200003698	187.99996240000752
196.7130950000137	187.99996240000752
197.03113000001758	187.99996240000752
197.35126200004015	187.99996240000752
197.67039600003045	187.99996240000752
197.9886219999753	187.99996240000752
198.30812299996614	187.99996240000752
198.62754100002348	187.99996240000752
198.94629400002304	187.99996240000752
199.2652549999766	187.99996240000752
199.58437799999956	187.99996240000752
199.903551000054	187.99996240000752
200.22270200005732	187.99996240000752
200.54177300003357	187.99996240000752
200.86111499997787	187.99996240000752
201.18162300006952	187.99996240000752
201.499213000061	187.99996240000752
201.81854600005317	187.99996240000752
202.13760999997612	187.99996240000752
202.45663999998942	187.99996240000752
202.77587100001983	187.99996240000752
203.09500500001013	187.99996240000752
203.41494599997532	187.99996240000752
203.73323999997228	187.99996240000752
204.05306800000835	187.99996240000752
204.37248300004285	187.99996240000752
204.69168200006243	187.99996240000752
205.00980400003027	187.99996240000752
205.3290300000226	187.99996240000752
205.64876600005664	187.99996240000752
205.9673859999748	187.99996240000752
206.28673599998	187.99996240000752
206.6056910000043	187.99996240000752
206.924987000064	187.99996240000752
207.24390200001653	187.99996240000752
207.56336200004444	187.99996240000752
207.88228200003505	187.99996240000752
208.2013310000766	187.99996240000752
208.5204650000669	187.99996240000752
208.84072900004685	187.99996240000752
209.15881699998863	187.99996240000752
209.47838900005445	187.99996240000752
209.79746699996758	187.99996240000752
210.11650800006464	187.99996240000752
210.4355060000671	187.99996240000752
210.75462700007483	187.99996240000752
211.0738920000149	187.99996240000752
211.39285100006964	187.99996240000752
211.71286099997815	187.99996240000752
212.03135900001507	187.99996240000752
212.350761000067	187.99996240000752
212.67072200006805	187.99996240000752
212.98915899998974	187.99996240000752
213.3081790000433	187.99996240000752
213.6271490000654	187.99996240000752
213.94594400003552	187.99996240000752
214.26522000005934	187.99996240000752
214.58498499996495	187.99996240000752
214.90354099997785	187.99996240000752
215.22264399996493	187.99996240000752
215.54182400007267	187.99996240000752
215.8619320000289	187.99996240000752
216.1800880000228	187.99996240000752
216.50094599998556	187.99996240000752
216.81876100006048	187.99996240000752
217.13861799996812	187.99996240000752
217.45691000006627	187.99996240000752
217.77592499996535	187.99996240000752
218.0957669999916	187.99996240000752
218.41434000001755	187.99996240000752
218.44056400004774	187.99996240000752
218.75787400000263	187.99996240000752
219.0767690000357	187.99996240000752
219.3967399999965	187.99996240000752
219.71545500005595	187.99996240000752
220.04059400002006	187.99996240000752
220.35309800005052	187.99996240000752
220.672854000004	187.99996240000752
220.99309400003403	187.99996240000752
221.31333500007167	187.99996240000752
221.63113100000191	187.99996240000752
221.951005000039	187.99996240000752
222.26841600006446	187.99996240000752
222.58795499999542	187.99996240000752
222.90656600007787	187.99996240000752
223.2264969999669	187.99996240000752
223.54508299997542	187.99996240000752
223.8641930000158	187.99996240000752
224.18321699998342	187.99996240000752
224.50340599997435	187.99996240000752
224.8226920000743	187.99996240000752
225.14166099997237	187.99996240000752
225.46191100007854	187.99996240000752
225.7789300000295	187.99996240000752
226.10019500006456	187.99996240000752
226.41764100000728	187.99996240000752
226.73712100007106	187.99996240000752
227.05593400006182	187.99996240000752
227.3748889999697	187.99996240000752
227.69370200007688	187.99996240000752
228.01282100006938	187.99996240000752
228.33302300004289	187.99996240000752
228.65098500007298	187.99996240000752
228.97088699997403	187.99996240000752
229.29135900002439	187.99996240000752
229.61003099998925	187.99996240000752
229.92769799998496	187.99996240000752
230.24731999996584	187.99996240000752
230.56611899996642	187.99996240000752
230.88541700004134	187.99996240000752
231.20476500003133	187.99996240000752
231.5234219999984	187.99996240000752
231.84308899997268	187.99996240000752
232.16313800006174	187.99996240000752
232.48127800005022	187.99996240000752
232.80051900004037	187.99996240000752
233.1197600000305	187.99996240000752
233.43966000003275	187.99996240000752
233.7592880000593	187.99996240000752
234.07653700001538	187.99996240000752
234.3987990000751	187.99996240000752