0.00851500011049211	120.0
0.5007949999999255	120.0
1.0007880000630394	120.0
1.5008820000803098	120.0
2.0003690000157803	120.0
2.5007480001077056	120.0
3.0007880000630394	120.0
3.5007250000489876	120.0
4.000745000084862	120.0
4.500375000061467	120.0
5.000384000013582	120.0
5.500543000060134	120.0
6.001170000061393	120.0
6.500757000059821	120.0
7.000651000067592	120.0
7.50057800009381	120.0
8.021650000009686	120.0
8.50064600002952	120.0
9.000453000073321	120.0
9.500273000099696	120.0
10.000229000113904	120.0
10.500956000061706	120.0
11.000604000058956	120.0
11.500593000091612	120.0
12.00077600008808	120.0
12.50023800006602	120.0
13.000325000029989	120.0
13.500914000091143	120.0
14.000760000082664	120.0
14.503650000086054	120.0
15.00026700005401	120.0
15.500477000023238	120.0
16.00032099999953	120.0
16.50065500009805	120.0
17.000431000022218	120.0
17.50118200003635	120.0
18.001588000101037	120.0
18.500493000028655	120.0
19.000224000075832	120.0
19.500474000000395	120.0
20.001069000107236	120.0
20.500316000077873	120.0
21.00033400009852	120.0
21.500687000108883	120.0
22.00075000000652	120.0
22.50072300003376	120.0
23.00227200007066	120.0
23.50073800003156	120.0
24.001948000048287	120.0
24.500887000001967	120.0
25.000399000011384	120.0
25.500460000010207	120.0
26.000623000087216	120.0
26.50063800008502	120.0
27.000558000057936	120.0
27.500447000027634	120.0
28.00045700010378	120.0
28.50027200009208	120.0
29.000676000025123	129.00007740004645
29.434350000112318	129.00007740004645
29.899709000019357	129.00007740004645
30.365937000024132	129.00007740004645
30.829771000077017	171.00009405005173
31.078954000025988	171.00009405005173
31.431491000112146	171.00009405005173
31.780486000003293	171.00009405005173
32.13192600000184	171.00009405005173
32.48205900005996	171.00009405005173
32.833308000001125	171.00009405005173
33.183863000012934	171.00009405005173
33.53531200008001	171.00009405005173
33.8856440000236	171.00009405005173
34.236510000075214	171.00009405005173
34.587707000086084	182.0
34.90946100000292	182.0
35.239285000017844	182.0
35.568888000096194	182.0
35.89920500002336	182.0
36.228045000112616	182.0
36.55780600011349	182.0
36.887280000024475	87.00002175000543
36.950149000040255	87.00002175000543
37.640102000092156	87.00002175000543
38.329696000088006	87.00002175000543
39.019558000029065	87.00002175000543
39.7088470000308	87.00002175000543
40.39840600010939	87.00002175000543
41.094112000078894	65.99999340000066
41.29820300010033	65.99999340000066
42.2038510000566	65.99999340000066
43.11213400005363	177.00002655000398
43.32966800010763	177.00002655000398
43.669495000038296	177.00002655000398
44.00798500003293	177.00002655000398
44.346633000066504	177.00002655000398
44.68562700005714	177.00002655000398
45.024578000069596	177.00002655000398
45.364348000031896	177.00002655000398
45.7026360000018	177.00002655000398
46.04203100001905	177.00002655000398
46.381073000025935	177.00002655000398
46.719539000070654	177.00002655000398
47.05864800000563	177.00002655000398
47.39746100001503	177.00002655000398
47.736754000070505	177.00002655000398
48.076155000017025	140.99997180000565
48.11026000010315	140.99997180000565
48.53589000005741	140.99997180000565
48.961617000051774	140.99997180000565
49.38681799999904	55.00000458333371
50.105491000111215	55.00000458333371
51.19668500008993	55.00000458333371
52.287994000012986	55.00000458333371
53.3790990000125	143.000143000143
53.520308000035584	143.000143000143
53.938760000048205	143.000143000143
54.357800000114366	143.000143000143
54.77716100006364	143.000143000143
55.19839100004174	136.0
55.21103500004392	136.0
55.65170700009912	136.0
56.09368000004906	136.0
56.534285000059754	136.0
56.97607100009918	136.0
57.41630200005602	136.0
57.85904400004074	136.0
58.29882100003306	136.0
58.739806000026874	136.0
59.18100500002038	136.0
59.62251100002322	145.00003625000906
60.01037100004032	145.00003625000906
60.422990999999456	145.00003625000906
60.83670600003097	145.00003625000906
61.250674000009894	145.00003625000906
61.66440400003921	112.00005973336519
61.80258500005584	112.00005973336519
62.33909100003075	112.00005973336519
62.87418600008823	112.00005973336519
63.410194000112824	112.00005973336519
63.94561700010672	112.00005973336519
64.48131700011436	112.00005973336519
65.01674000010826	112.00005973336519
65.55270200001542	179.0
65.75316200009547	179.0
66.08816000004299	179.0
66.42393600009382	179.0
66.75799600000028	179.0
67.09408500010613	179.0
67.42862800008152	40.0
68.23850800003856	40.0
69.74049800005741	40.0
71.2384740000125	40.0
72.73880300007295	89.9999550000225
73.2216260000132	89.9999550000225
73.8845250000013	125.0
74.21179500001017	125.0
74.69162500009406	125.0
75.17257000005338	125.0
75.65149500011466	125.0
76.13159500004258	125.0
76.6123470000457	125.0
77.09191200009082	125.0
77.57174000004306	157.999931533363
77.8916100000497	157.999931533363
78.27115700009745	157.999931533363
78.65189400000963	157.999931533363
79.03093900007661	157.999931533363
79.41067600005772	201.0003115504829
79.68303600000218	201.0003115504829
79.98114800010808	201.0003115504829
80.27948700007983	201.0003115504829
80.57978400005959	201.0003115504829
80.87638900009915	201.0003115504829
81.17501800006721	201.0003115504829
81.47476600005757	201.0003115504829
81.772415000014	201.0003115504829
82.07084000005852	201.0003115504829
82.36949800001457	201.0003115504829
82.66816200001631	201.0003115504829
82.96684800006915	201.0003115504829
83.26548100006767	201.0003115504829
83.56277800002135	176.00004693334586
83.60147600003984	176.00004693334586
83.941902999999	176.00004693334586
84.28323000005912	176.00004693334586
84.62432800000533	176.00004693334586
84.96490700007416	176.00004693334586
85.30575800000224	162.0
85.30698600003961	162.0
85.67722000007052	162.0
86.04786300007254	162.0
86.41915000008885	162.0
86.78894700005185	162.0
87.15908000001218	162.0
87.52922300004866	162.0
87.89975000009872	162.0
88.27014800009783	162.0
88.64063800009899	162.0
89.01116700004786	162.0
89.38174600002822	26.000003466667128
89.86352200002875	26.000003466667128
92.17191100004129	122.99996925000768
92.45044400007464	122.99996925000768
92.93850800010841	122.99996925000768
93.42689000000246	122.99996925000768
93.91553600004409	122.99996925000768
94.40257500007283	122.99996925000768
94.88940300000831	122.99996925000768
95.37738600000739	144.0
95.78233600000385	144.0
96.1987140000565	144.0
96.6157340001082	144.0
97.03420100000221	144.0
97.44948800001293	213.00010650005325
97.68096800008789	213.00010650005325
97.96263600001112	213.00010650005325
98.24410600005649	213.00010650005325
98.52597800001968	213.00010650005325
98.80885500006843	213.00010650005325
99.09005900006741	213.00010650005325
99.37138500006404	213.00010650005325
99.65416300005745	213.00010650005325
99.93494700000156	213.00010650005325
100.21673800004646	213.00010650005325
100.5011110000778	213.00010650005325
100.78058200003579	213.00010650005325
101.06216000008862	213.00010650005325
101.35100900009274	213.00010650005325
101.64261600002646	159.0002067002687
101.73440600000322	159.0002067002687
102.06096000003163	159.0002067002687
102.44118800002616	159.0002067002687
102.8256939999992	159.0002067002687
103.1932220000308	159.0002067002687
103.57033300003968	45.99999386666749
104.06073000002652	45.99999386666749
105.36741200007964	45.99999386666749
106.66917400003877	45.99999386666749
107.97481600008905	218.99968245046045
107.99977900006343	218.99968245046045
108.27867600007448	218.99968245046045
108.54794300009962	218.99968245046045
108.82123500003945	218.99968245046045
109.09513100003824	218.99968245046045
109.37818200001493	218.99968245046045
109.65368200000376	90.99995298335763
110.0533600000199	90.99995298335763
110.70731900003739	90.99995298335763
111.36700000008568	90.99995298335763
112.02634500002023	90.99995298335763
112.68542800005525	90.99995298335763
113.34414500009734	90.99995298335763
114.00559300009627	115.00002875000719
114.40646100009326	115.00002875000719
114.92799800005741	115.00002875000719
115.45031400001608	102.0
115.45257100008894	102.0
116.04119500005618	102.0
116.62956300005317	102.0
117.2189270000672	102.0
117.80605700006709	102.0
118.39389800000936	102.0
118.98261900001671	102.0
119.57062400004361	87.00002175000543
119.59531200001948	87.00002175000543
120.2855260000797	87.00002175000543
120.97533100005239	87.00002175000543
121.66702300007455	32.99999670000033
122.05398400011472	32.99999670000033
123.87467500008643	32.99999670000033
125.69077000010293	69.0
126.42307400004938	69.0
127.29305600002408	69.0
128.16196600010153	218.99968245046045
128.22868000005838	218.99968245046045
128.50240500003565	218.99968245046045
128.77601500006858	218.99968245046045
129.05017800000496	218.99968245046045
129.3239590000594	218.99968245046045
129.59824700001627	218.99968245046045
129.87228100001812	218.99968245046045
130.14623000007123	218.99968245046045
130.4199920000974	218.99968245046045
130.69421100011095	218.99968245046045
130.96834300004411	218.99968245046045
131.24238300009165	218.99968245046045
131.51641400007065	45.000011250002814
131.73260800004937	45.000011250002814
133.06710700003896	45.000011250002814
134.39831700001378	185.000185000185
134.69859300006647	185.000185000185
135.021361000021	185.000185000185
135.3457940000808	185.000185000185
135.66971400007606	185.000185000185
135.99373500002548	185.000185000185
136.3180950001115	185.000185000185
136.64234700007364	185.000185000185
136.9667400000617	185.000185000185
137.29244600003585	185.000185000185
137.61550200008787	62.99999685000016
137.9049090000335	62.99999685000016
138.85709300008602	62.99999685000016
139.80954600009136	62.99999685000016
140.76172200008295	88.00002346667293
141.32446100004017	88.00002346667293
142.0049290000461	88.00002346667293
142.68750900006853	88.00002346667293
143.36876500002109	88.00002346667293
144.05093800008763	59.00000885000133
144.33817700005602	59.00000885000133
145.35426400008146	59.00000885000133
146.37102900003083	140.0
146.70535900001414	140.0
147.13488300004974	140.0
147.56310400005896	140.0
147.99186700000428	140.0
148.42077300010715	140.0
148.84900900011417	140.0
149.27894900005776	140.0
149.70581000007223	28.999993233334912
150.60033700009808	28.999993233334912
152.67078100005165	165.99990040005977
152.7676990000764	165.99990040005977
153.12865800003055	165.99990040005977
153.489695000113	165.99990040005977
153.8509100000374	165.99990040005977
154.212952000089	165.99990040005977
154.57743900001515	165.99990040005977
154.9353500000434	165.99990040005977
155.2973780001048	165.99990040005977
155.65824700007215	48.0
156.0934170000255	48.0
157.34470800007693	48.0
158.59401400003117	67.99999546666697
159.14940600004047	67.99999546666697
160.0301150000887	67.99999546666697
160.91254100005608	67.99999546666697
161.7957040000474	77.99997660000702
162.52564700006042	77.99997660000702
163.29375000006985	77.99997660000702
164.06686000002082	206.0000961333782
164.28762200009078	206.0000961333782
164.57520900003146	206.0000961333782
164.86654500011355	206.0000961333782
165.1577030000044	206.0000961333782
165.44880500005092	206.0000961333782
165.7396370000206	206.0000961333782
166.03149900003336	206.0000961333782
166.32221900008153	206.0000961333782
166.6138520000968	206.0000961333782
166.90506200003438	206.0000961333782
167.19719900004566	206.0000961333782
167.48818200000096	206.0000961333782
167.7793000000529	159.0002067002687
167.868373000063	159.0002067002687
168.24323000002187	159.0002067002687
168.62156300002243	159.0002067002687
168.9980640000431	159.0002067002687
169.37604300002567	159.0002067002687
169.75279900000896	113.99995440001824
169.85766700003296	113.99995440001824
170.38380800001323	113.99995440001824
170.90997300005984	113.99995440001824
171.43682600010652	113.99995440001824
171.96385100006592	113.99995440001824
172.4891770000104	113.99995440001824
173.01693900011014	113.99995440001824
173.54240700008813	173.99979120025057
173.86948400002439	173.99979120025057
174.21544900001027	173.99979120025057
174.55986200005282	173.99979120025057
174.90380100009497	173.99979120025057
175.24780200002715	173.99979120025057
175.5926230000332	200.0
175.87885200011078	200.0
176.17927000008058	200.0
176.48077600006945	200.0
176.782229000004	200.0
177.07923200004734	200.0
177.37979300005827	200.0
177.67923100001644	200.0
177.97987200005446	200.0
178.2787810000591	200.0
178.57886200002395	200.0
178.8786980001023	200.0
179.17897800006904	200.0
179.47844400000758	200.0
179.77876500005368	177.99981606685674
179.81352800002787	177.99981606685674
180.15216900000814	177.99981606685674
180.48772300011478	177.99981606685674
180.82499300001655	177.99981606685674
181.16196700010914	177.99981606685674
181.49895100004505	177.99981606685674
181.83651500009	177.99981606685674
182.17436900001485	183.99997546666995
182.49359900003765	183.99997546666995
182.8191030001035	183.99997546666995
183.14524000009988	183.99997546666995
183.47142700001132	183.99997546666995
183.79759900004137	183.99997546666995
184.12349200004246	183.99997546666995
184.44971100008115	183.99997546666995
184.77682600007392	183.99997546666995
185.1025770000415	183.99997546666995
185.4295240000356	183.99997546666995
185.7541050000582	79.0
186.08977500000037	79.0
186.84946300007869	79.0
187.610204000026	79.0
188.37043800007086	201.999798000202
188.43414300004952	201.999798000202
188.73139100009575	201.999798000202
189.02841400005855	201.999798000202
189.3254500000039	201.999798000202
189.62313600000925	201.999798000202
189.91966000001412	201.999798000202
190.21678800007794	201.999798000202
190.51370900007896	201.999798000202
190.81115400011186	201.999798000202
191.1083290000679	201.999798000202
191.40518600004725	201.999798000202
191.70170700002927	86.00005160003096
191.96659500000533	86.00005160003096
192.66359900007956	86.00005160003096
193.36119500000495	86.00005160003096
194.05905100004748	86.00005160003096
194.75784700002987	86.00005160003096
195.4542660000734	86.00005160003096
196.1521590000484	86.00005160003096
196.84989800001495	86.00005160003096
197.5479110000888	86.00005160003096
198.24503100011498	86.00005160003096
198.9426580000436	86.00005160003096
199.64045100007206	86.00005160003096
200.33798000006936	86.00005160003096
201.03581200004555	86.00005160003096
201.73481400008313	86.00005160003096
202.43170900002588	86.00005160003096
203.12904800008982	86.00005160003096
203.82700100005604	86.00005160003096
204.5257710000733	86.00005160003096
205.22177200007718	86.00005160003096
205.91943700006232	86.00005160003096
206.61803500005044	86.00005160003096
207.31674900010694	86.00005160003096
208.013726000092	86.00005160003096
208.71069000009447	86.00005160003096
209.40813500003424	86.00005160003096
210.10562800010666	86.00005160003096
210.803086000029	86.00005160003096
211.50120200007223	86.00005160003096
212.19859100005124	86.00005160003096
212.8980960000772	86.00005160003096
213.5938520000782	86.00005160003096
214.29147200006992	86.00005160003096
214.99072400003206	86.00005160003096
215.68831700005103	86.00005160003096
216.38493500009645	86.00005160003096
217.08285900007468	86.00005160003096
217.7801740000723	86.00005160003096
218.47997600003146	86.00005160003096
219.17540000006557	86.00005160003096
219.87368300009985	86.00005160003096
220.57105100003537	86.00005160003096
221.2685010000132	86.00005160003096
221.96695300005376	86.00005160003096
222.66410800011363	86.00005160003096
223.36134200007655	86.00005160003096
224.05904300010297	86.00005160003096
224.7570640000049	86.00005160003096
225.45476500003133	86.00005160003096
226.15211200003978	86.00005160003096
226.8499460000312	86.00005160003096
227.54802500002552	86.00005160003096
228.24620100005995	86.00005160003096
228.9432370000286	86.00005160003096
229.64050000009593	86.00005160003096
230.33844700001646	86.00005160003096
231.03708500007633	86.00005160003096
231.73524000006728	86.00005160003096
232.43128900008742	86.00005160003096
233.12875600007828	86.00005160003096
233.82635100011248	86.00005160003096
234.52460700005759	86.00005160003096
235.22202400001697	86.00005160003096
235.92011300008744	86.00005160003096
236.6181640001014	86.00005160003096
237.31500000006054	86.00005160003096
238.01235300011467	86.00005160003096
238.7108250000747	86.00005160003096
239.40822300000582	86.00005160003096
240.10776900011115	86.00005160003096
240.80452800006606	86.00005160003096
241.50073800003156	86.00005160003096


2.112487000063993	120.0
2.601656000013463	120.0
3.0007790001109242	120.0
3.5007250000489876	120.0
4.000745000084862	120.0
4.500375000061467	120.0
5.000357000040822	120.0
5.500278000021353	120.0
6.001048000063747	120.0
6.500593000091612	120.0
7.000823000096716	120.0
7.500969000044279	120.0
8.032240000087768	120.0
8.500793000101112	120.0
9.000707000028342	120.0
9.500296000041999	120.0
10.00057800009381	120.0
10.501145000103861	120.0
11.000987000064924	120.0
11.500240000081249	120.0
12.001187000074424	120.0
12.500176000059582	120.0
13.000547000090592	120.0
13.501663000090048	120.0
14.000355000025593	120.0
14.500356000033207	120.0
15.010077000013553	120.0
15.500269000069238	120.0
16.000298000057228	120.0
16.500495000043884	120.0
17.00035700004082	120.0
17.50737200002186	120.0
18.000777000095695	120.0
18.50024800002575	120.0
19.000602000043727	120.0
19.508215000038035	120.0
20.000829000025988	120.0
20.500564000103623	120.0
21.000608000089414	120.0
21.501091000041924	120.0
22.001104000024498	120.0
22.501291000051424	120.0
23.00339900003746	120.0
23.501021000090986	120.0
24.001349000027403	120.0
24.501285000005737	120.0
25.000331000075676	120.0
25.500622000079602	120.0
26.000733000109904	120.0
26.50032000010833	120.0
27.001302000018768	120.0
27.501436000107788	120.0
28.000630000024103	120.0
28.500641000107862	120.0
29.001058000023477	129.0
29.434652000083588	129.0
29.90013900003396	129.0
30.36670100002084	129.0
30.829771000077017	171.00009405005173
31.07876699999906	171.00009405005173
31.429329000064172	171.00009405005173
31.780510000069626	171.00009405005173
32.13194200000726	171.00009405005173
32.482036000001244	171.00009405005173
32.83362800010946	171.00009405005173
33.183774000033736	171.00009405005173
33.53528000006918	171.00009405005173
33.8857320001116	171.00009405005173
34.23664500005543	171.00009405005173
34.58840200002305	182.000182000182
34.910485000000335	182.000182000182
35.239511000108905	182.000182000182
35.56896600010805	182.000182000182
35.89953300007619	182.000182000182
36.22837000002619	182.000182000182
36.55767500004731	182.000182000182
36.88743300002534	87.00002175000543
36.95043700002134	87.00002175000543
37.640102000092156	87.00002175000543
38.329758000094444	87.00002175000543
39.01954500004649	87.00002175000543
39.70886100002099	87.00002175000543
40.398367000045255	87.00002175000543
41.09178600006271	65.99999340000066
41.294676000019535	65.99999340000066
42.20456000010017	65.99999340000066
43.11250500008464	177.00002655000398
43.32965500000864	177.00002655000398
43.66983400005847	177.00002655000398
44.00846900010947	177.00002655000398
44.346633000066504	177.00002655000398
44.68554400000721	177.00002655000398
45.02476300008129	177.00002655000398
45.363810000009835	177.00002655000398
45.70280800003093	177.00002655000398
46.04204600001685	177.00002655000398
46.38095100002829	177.00002655000398
46.719539000070654	177.00002655000398
47.05875300010666	177.00002655000398
47.397704000002705	177.00002655000398
47.73664900008589	177.00002655000398
48.07634600007441	140.99997180000565
48.11026000010315	140.99997180000565
48.5357190000359	140.99997180000565
48.961617000051774	55.0
49.01385900005698	55.0
50.10556900000665	55.0
51.196899000089616	55.0
52.288269000011496	55.0
53.379452000022866	143.000143000143
53.520744000095874	143.000143000143
53.938999000005424	143.000143000143
54.35959200002253	143.000143000143
54.77825800003484	143.000143000143
55.19863500003703	136.0001450668214
55.211395999998786	136.0001450668214
55.651937000104226	136.0001450668214
56.09368000004906	136.0001450668214
56.534614000003785	136.0001450668214
56.99098500004038	136.0001450668214
57.41630200005602	136.0001450668214
57.860200000111945	136.0001450668214
58.29914900008589	136.0001450668214
58.739806000026874	136.0001450668214
59.18305099999998	136.0001450668214
59.622416000114754	145.0
60.01038300001528	145.0
60.42294200009201	145.0
60.836938000051305	145.0
61.25379900005646	112.00005973336519
61.26775400002953	112.00005973336519
61.80300700000953	112.00005973336519
62.33877700008452	112.00005973336519
62.87382300000172	112.00005973336519
63.41015900007915	112.00005973336519
63.94554800004698	112.00005973336519
64.48149000003468	112.00005973336519
65.01698700000998	112.00005973336519
65.55244200001471	178.99974940035085
65.75316200009547	178.99974940035085
66.08786400000099	178.99974940035085
66.42455400002655	178.99974940035085
66.75809800007846	178.99974940035085
67.09405400010291	178.99974940035085
67.42834700003732	40.0
68.23868300009053	40.0
69.73866200004704	40.0
71.23901900008786	40.0
72.73909700009972	89.9999550000225
73.2257690000115	89.9999550000225
73.8845250000013	125.0
74.21184500004165	125.0
74.69156500010286	125.0
75.17242100008298	125.0
75.6518760001054	125.0
76.13163000007626	125.0
76.61233700008597	125.0
77.09261200006586	125.0
77.57204300002195	157.999931533363
77.89186300011352	157.999931533363
78.27141800010577	157.999931533363
78.65193800011184	157.999931533363
79.03096700005699	157.999931533363
79.41175900003873	201.0
79.68314200011082	201.0
79.9813280000817	201.0
80.27969600004144	201.0
80.5800140000647	201.0
80.87656800006516	201.0
81.17522600002121	201.0
81.47741300007328	201.0
81.77176600007806	201.0
82.07061600009911	201.0
82.36935600009747	201.0
82.66792900010478	201.0
82.96640900010243	201.0
83.26518800004851	201.0
83.56347500008997	176.00004693334586
83.60253400006332	176.00004693334586
83.94263100007083	176.00004693334586
84.2859640000388	176.00004693334586
84.62464100006036	176.00004693334586
84.9670220001135	176.00004693334586
85.30550000001676	176.00004693334586
85.64749900007155	162.000162000162
85.67764100001659	162.000162000162
86.04850800009444	162.000162000162
86.41934600006789	162.000162000162
86.78914100001566	162.000162000162
87.15908000001218	162.000162000162
87.52931900008116	162.000162000162
87.90007200010587	162.000162000162
88.27016500011086	162.000162000162
88.64084800006822	162.000162000162
89.01073600002564	162.000162000162
89.38138200005051	26.0
89.86394500010647	26.0
92.1721480000997	122.99996925000768
92.45083100011107	122.99996925000768
92.93854300002567	122.99996925000768
93.42671200004406	122.99996925000768
93.91712200001348	122.99996925000768
94.40293300000485	122.99996925000768
94.88968700007536	122.99996925000768
95.37759200006258	143.99988480009216
95.78257200005464	143.99988480009216
96.19881500001065	143.99988480009216
96.61598500004038	143.99988480009216
97.03475900006015	143.99988480009216
97.44887400011066	213.00010650005325
97.68074300000444	213.00010650005325
97.9623530000681	213.00010650005325
98.24401900009252	213.00010650005325
98.5260010000784	213.00010650005325
98.80865400005132	213.00010650005325
99.08960100007243	213.00010650005325
99.37091900000814	213.00010650005325
99.6540700000478	213.00010650005325
99.93536300002597	213.00010650005325
100.21619600011036	213.00010650005325
100.50053400010802	213.00010650005325
100.77965700009372	213.00010650005325
101.06119900010526	213.00010650005325
101.3461580000585	213.00010650005325
101.62820000003558	159.0002067002687
101.70821500010788	159.0002067002687
102.06415400002152	159.0002067002687
102.43930200010072	159.0002067002687
102.81660100002773	159.0002067002687
103.19326400000136	159.0002067002687
103.57035500009079	45.99999386666749
104.06050800008234	45.99999386666749
105.36578200000804	45.99999386666749
106.66930100007448	45.99999386666749
107.97329500003252	218.99968245046045
107.99934500001837	218.99968245046045
108.27667800011113	218.99968245046045
108.54714700009208	218.99968245046045
108.82122500007972	218.99968245046045
109.09515700000338	218.99968245046045
109.369885000051	91.0
109.39677099999972	91.0
110.0898070000112	91.0
110.70769700000528	91.0
111.36656900006346	91.0
112.02585600002203	91.0
112.68498900008854	91.0
113.34477700002026	91.0
114.00537800008897	115.00002875000719
114.40579500002787	115.00002875000719
114.92743100004736	115.00002875000719
115.44946400006302	115.00002875000719
115.97111600008793	102.0000510000255
116.04195600003004	102.0000510000255
116.62976999999955	102.0000510000255
117.21941200003494	102.0000510000255
117.80627600010484	102.0000510000255
118.394108000095	102.0000510000255
118.98228700004984	102.0000510000255
119.57111000001896	87.0
119.59573600010481	87.0
120.28569100005552	87.0
120.9746720000403	87.0
121.66493500000797	32.99999670000033
122.05353200004902	32.99999670000033
123.87328500009608	32.99999670000033
125.69055000005756	69.00001725000432
126.42286800011061	69.00001725000432
127.29252000001725	69.00001725000432
128.1616590000922	218.99968245046045
128.22777400002815	218.99968245046045
128.50164200004656	218.99968245046045
128.77564900007565	218.99968245046045
129.04970900004264	218.99968245046045
129.32356400007848	218.99968245046045
129.5974860000424	218.99968245046045
129.87167000002228	218.99968245046045
130.1457020000089	218.99968245046045
130.41938600002322	218.99968245046045
130.69382500008214	218.99968245046045
130.96742100000847	218.99968245046045
131.24103300005663	218.99968245046045
131.5153940001037	45.000011250002814
131.73216800007503	45.000011250002814
133.06587700010277	45.000011250002814
134.3984380000038	185.000185000185
134.69855400000233	185.000185000185
135.02179000002798	185.000185000185
135.34583600005135	185.000185000185
135.66995700006373	185.000185000185
135.99373500002548	185.000185000185
136.3185180000728	185.000185000185
136.64285100006964	185.000185000185
136.96697400009725	185.000185000185
137.2914190000156	185.000185000185
137.61573100008536	62.99999685000016
137.90485200006515	62.99999685000016
138.85753900010604	62.99999685000016
139.80984700005502	62.99999685000016
140.76180400000885	88.0
141.32522300002165	88.0
142.00509500002954	88.0
142.68812400009483	88.0
143.3690920000663	88.0
144.05114800005686	59.00000885000133
144.3382940000156	59.00000885000133
145.3546960001113	59.00000885000133
146.37168900005054	140.00014000014
146.70582400006242	140.00014000014
147.13535700005013	140.00014000014
147.56244500004686	140.00014000014
147.99122000008356	140.00014000014
148.41999300010502	140.00014000014
148.84816900000442	140.00014000014
149.27828000008594	140.00014000014
149.7053340000566	29.0
150.59984100004658	29.0
152.66999300010502	165.99990040005977
152.76708800008055	165.99990040005977
153.1282970000757	165.99990040005977
153.48938700009603	165.99990040005977
153.8504810000304	165.99990040005977
154.21269000007305	165.99990040005977
154.5733360000886	165.99990040005977
154.93518900009803	165.99990040005977
155.29718400002457	165.99990040005977
155.6584370000055	48.0
156.0936600000132	48.0
157.34446300007403	48.0
158.59389500005636	67.99999546666697
159.14944900001865	67.99999546666697
160.03324200003408	67.99999546666697
160.91279200010467	67.99999546666697
161.79612300009467	77.99997660000702
162.52451700007077	77.99997660000702
163.2935090000974	77.99997660000702
164.06368900008965	206.0000961333782
164.28412800002843	206.0000961333782
164.5747070000507	206.0000961333782
164.86630400002468	206.0000961333782
165.15734300005715	206.0000961333782
165.4484180000145	206.0000961333782
165.74004699999932	206.0000961333782
166.03177100000903	206.0000961333782
166.3226460000733	206.0000961333782
166.61364700004924	206.0000961333782
166.90533300000243	206.0000961333782
167.19684000010602	206.0000961333782
167.48857400007546	206.0000961333782
167.7788480001036	159.0002067002687
167.86814200005028	159.0002067002687
168.24394200008828	159.0002067002687
168.6211290000938	159.0002067002687
168.99852100003045	159.0002067002687
169.37631600000896	159.0002067002687
169.75312500004657	114.0
169.85805800009985	114.0
170.38322100008372	114.0
170.90981100010686	114.0
171.43660800007638	114.0
171.96292100008577	114.0
172.48858600005042	114.0
173.01642400003038	114.0
173.54177000001073	173.99979120025057
173.86878500005696	173.99979120025057
174.2125900000101	173.99979120025057
174.55964200000744	173.99979120025057
174.90345100010745	173.99979120025057
175.24730500008445	173.99979120025057
175.59192900010385	200.0
175.87834700010717	200.0
176.1788560000714	200.0
176.4803340000799	200.0
176.77916400006507	200.0
177.07869900006335	200.0
177.37916900007986	200.0
177.67862300004344	200.0
177.97964400006458	200.0
178.27840100007597	200.0
178.57844400010072	200.0
178.87923000007868	200.0
179.17868100001942	200.0
179.4790070001036	200.0
179.77948800008744	178.0
179.81385200005025	178.0
180.1555000001099	178.0
180.48838200001046	178.0
180.82552700000815	178.0
181.1624680000823	178.0
181.4989830000559	178.0
181.8368340000743	178.0
182.17350700008683	183.99997546666995
182.49348100007046	183.99997546666995
182.81970700004604	183.99997546666995
183.14547500002664	183.99997546666995
183.47162900003605	183.99997546666995
183.79732300003525	183.99997546666995
184.12349200004246	183.99997546666995
184.4497660000343	183.99997546666995
184.77663000009488	183.99997546666995
185.10307900002226	183.99997546666995
185.4300430000294	183.99997546666995
185.75424500007648	78.9999657666815
186.09003000007942	78.9999657666815
186.85002200002782	78.9999657666815
187.6104640000267	78.9999657666815
188.37082100007683	201.999798000202
188.43430300010368	201.999798000202
188.73178900009952	201.999798000202
189.02865200000815	201.999798000202
189.32555000006687	201.999798000202
189.62335000000894	201.999798000202
189.91941600001883	201.999798000202
190.21655500005	201.999798000202
190.51373800006695	201.999798000202
190.81114000000525	201.999798000202
191.10832400002982	201.999798000202
191.4049820000073	201.999798000202
191.70191100006923	86.00005160003096
191.9665700000478	86.00005160003096
192.66390700009651	86.00005160003096
193.36119500000495	86.00005160003096
194.05936000007205	86.00005160003096
194.75823900010437	86.00005160003096
195.45452800008934	86.00005160003096
196.1521790000843	86.00005160003096
196.84992900001816	86.00005160003096
197.54744000011124	86.00005160003096
198.24547500000335	86.00005160003096
198.9429030000465	86.00005160003096
199.6406690001022	86.00005160003096
200.33857800008263	86.00005160003096
201.03634099999908	86.00005160003096
201.73449100006837	86.00005160003096
202.43202800001018	86.00005160003096
203.1289800000377	86.00005160003096
203.8264420001069	86.00005160003096
204.52511600009166	86.00005160003096
205.22205200011376	86.00005160003096
205.91942200006451	86.00005160003096
206.61769400001504	86.00005160003096
207.31650300009642	86.00005160003096
208.0127330000978	86.00005160003096
208.71066900005098	86.00005160003096
209.40789900009986	86.00005160003096
210.10593900003005	86.00005160003096
210.803086000029	86.00005160003096
211.5015790000325	86.00005160003096
212.1984190000221	86.00005160003096
212.89814400009345	86.00005160003096
213.59392600005958	86.00005160003096
214.29147200006992	86.00005160003096
214.99059700011276	86.00005160003096
215.68836800009012	86.00005160003096
216.38479400007054	86.00005160003096
217.0825340000447	86.00005160003096
217.7801740000723	86.00005160003096
218.4796160000842	86.00005160003096
219.1751290000975	86.00005160003096
219.8742820000043	86.00005160003096
220.57105100003537	86.00005160003096
221.2681680000387	86.00005160003096
221.96690300002228	86.00005160003096
222.6637290000217	86.00005160003096
223.36134200007655	86.00005160003096
224.05920500005595	86.00005160003096
224.75658200006	86.00005160003096
225.45435900008306	86.00005160003096
226.15236600011121	86.00005160003096
226.8501090001082	86.00005160003096
227.54823300009593	86.00005160003096
228.24620100005995	86.00005160003096
228.94367000006605	86.00005160003096
229.64145600004122	86.00005160003096
230.33799600007478	86.00005160003096
231.0372680000728	86.00005160003096
231.7345810000552	86.00005160003096
232.431481000036	86.00005160003096
233.1290610000724	86.00005160003096
233.82664600003045	86.00005160003096
234.52460700005759	86.00005160003096
235.22214600001462	86.00005160003096
235.92012700007763	86.00005160003096
236.61824900005013	86.00005160003096
237.31500000006054	86.00005160003096
238.0123480000766	86.00005160003096
238.71037300000899	86.00005160003096
239.40806900011376	86.00005160003096
240.1075880000135	86.00005160003096
240.8043760000728	86.00005160003096
241.50090000010096	86.00005160003096
242.19902900001034	86.00005160003096


3.968752000015229	120.0
4.461019000038505	120.0
4.5006210000719875	120.0
5.000585000030696	120.0
5.500272000092082	120.0
6.001011000014842	120.0
6.500378000084311	120.0
7.001132000004873	120.0
7.500855000107549	120.0
8.022755000041798	120.0
8.500524000031874	120.0
9.000707000028342	120.0
9.501001000055112	120.0
10.00047500000801	120.0
10.500707000028342	120.0
11.000830000033602	120.0
11.500218000030145	120.0
12.000979000004008	120.0
12.500917000113986	120.0
13.000639000092633	120.0
13.500464000040665	120.0
14.000418000039645	120.0
14.501486000022851	120.0
15.00297600007616	120.0
15.500223000068218	120.0
16.000575000070967	120.0
16.50024600001052	120.0
17.0006070000818	120.0
17.50635100004729	120.0
18.001368000055663	120.0
18.500493000028655	120.0
19.000430000014603	120.0
19.507855000090785	120.0
20.001192000112496	120.0
20.500524000031874	120.0
21.000852000084706	120.0
21.500939000048675	120.0
22.001560000004247	120.0
22.50115000002552	120.0
23.00381800008472	120.0
23.50077100005001	120.0
24.001260000048205	120.0
24.500997000024654	120.0
25.000608000089414	120.0
25.500452000065707	120.0
26.00086100003682	120.0
26.500800000037998	120.0
27.002275000093505	120.0
27.500597000005655	120.0
28.00025300006382	120.0
28.500195000087842	120.0
29.001333000021987	129.00007740004645
29.434350000112318	129.00007740004645
29.89973100007046	129.00007740004645
30.364761000033468	129.00007740004645
30.830119000049308	171.00009405005173
31.079806000110693	171.00009405005173
31.42956800002139	171.00009405005173
31.78028200007975	171.00009405005173
32.13175600010436	171.00009405005173
32.48235500010196	171.00009405005173
32.833259000093676	171.00009405005173
33.183947000070475	171.00009405005173
33.535515000112355	171.00009405005173
33.88605000008829	171.00009405005173
34.237738000112586	171.00009405005173
34.58817000000272	182.000182000182
34.909189000027254	182.000182000182
35.23899199999869	182.000182000182
35.568756000022404	182.000182000182
35.89927700010594	182.000182000182
36.228045000112616	182.000182000182
36.55789400008507	182.000182000182
36.88723300001584	87.00002175000543
36.95020400010981	87.00002175000543
37.64028100005817	87.00002175000543
38.329966000048444	87.00002175000543
39.019271000055596	87.00002175000543
39.7091360000195	87.00002175000543
40.39856000000145	87.00002175000543
41.09334800008219	65.99999340000066
41.297669000108726	65.99999340000066
42.203796000103466	65.99999340000066
43.11219000001438	177.0
43.32990700006485	177.0
43.66953800001647	177.0
44.008109000045806	177.0
44.3469140001107	177.0
44.685833000112325	177.0
45.024522000108846	177.0
45.363563000108115	177.0
45.702650000108406	177.0
46.042349000112154	177.0
46.38121300004423	177.0
46.719716000021435	177.0
47.058983000111766	177.0
47.397477000020444	177.0
47.73643000004813	177.0
48.076155000017025	177.0
48.4159750000108	140.99997180000565
48.53604300005827	140.99997180000565
48.96204300003592	55.00000458333371
49.01417000009678	55.00000458333371
50.105309000005946	55.00000458333371
51.1966760000214	55.00000458333371
52.288680000114255	55.00000458333371
53.37917000008747	143.0
53.520440000109375	143.0
53.93882999999914	143.0
54.35790200007614	143.0
54.777270000078715	143.0
55.19839100004174	136.0001450668214
55.21101600001566	136.0001450668214
55.651639000047	136.0001450668214
56.09391600009985	136.0001450668214
56.53435200010426	136.0001450668214
56.97658000001684	136.0001450668214
57.416836000047624	136.0001450668214
57.85993200005032	136.0001450668214
58.298779000062495	136.0001450668214
58.739987000008114	136.0001450668214
59.181841000099666	136.0001450668214
59.622634000028484	145.00003625000906
60.01075900008436	145.00003625000906
60.42333200003486	145.00003625000906
60.836719000013545	145.00003625000906
61.25563400005922	145.00003625000906
61.66443100001197	112.00005973336519
61.80258500005584	112.00005973336519
62.33895800006576	112.00005973336519
62.874433000106364	112.00005973336519
63.410344000090845	112.00005973336519
63.94576700008474	112.00005973336519
64.48101300001144	112.00005973336519
65.01674000010826	112.00005973336519
65.55270200001542	178.99974940035085
65.7533570000669	178.99974940035085
66.08830000006128	178.99974940035085
66.42420800006948	178.99974940035085
66.7585380000528	178.99974940035085
67.09452100005001	178.99974940035085
67.42882800009102	40.0
68.23891800001729	40.0
69.7392440000549	40.0
71.23815200000536	40.0
72.73887300002389	89.9999550000225
73.22281600011047	89.9999550000225
73.88472700002603	125.0
74.21213500003796	125.0
74.69182000006549	125.0
75.17267700005323	125.0
75.65211600007024	125.0
76.13180800003465	125.0
76.61251400003675	125.0
77.09280700003728	125.0
77.57222200010438	157.999931533363
77.89163800003007	157.999931533363
78.27167800010648	157.999931533363
78.65236300008837	157.999931533363
79.03116500005126	157.999931533363
79.41091200010851	201.0003115504829
79.6829630000284	201.0003115504829
79.9807200001087	201.0003115504829
80.27926800004207	201.0003115504829
80.57949100004043	201.0003115504829
80.87638900009915	201.0003115504829
81.17473400000017	201.0003115504829
81.47433900006581	201.0003115504829
81.77334700000938	201.0003115504829
82.07084000005852	201.0003115504829
82.36965300003067	201.0003115504829
82.66816200001631	201.0003115504829
82.96598700003233	201.0003115504829
83.2654910000274	201.0003115504829
83.56290400004946	176.0
83.60136200010311	176.0
83.94219200010411	176.0
84.28323000005912	176.0
84.62447600008454	176.0
84.96498600009363	176.0
85.30575800000224	176.0
85.64726900006644	162.000162000162
85.67722000007052	162.000162000162
86.04798700008541	162.000162000162
86.41884900000878	162.000162000162
86.78843400010373	162.000162000162
87.158754000091	162.000162000162
87.5290340000065	162.000162000162
87.89975000009872	162.000162000162
88.26983800006565	162.000162000162
88.64045200007968	162.000162000162
89.01071500009857	162.000162000162
89.38135700009298	26.000003466667128
89.86375400004908	26.000003466667128
92.17150700010825	122.99996925000768
92.45048900006805	122.99996925000768
92.93820800003596	122.99996925000768
93.42644600011408	122.99996925000768
93.9152860000031	122.99996925000768
94.40271100006066	122.99996925000768
94.8898540000664	122.99996925000768
95.37778200011235	143.99988480009216
95.78233600000385	143.99988480009216
96.19958400004543	143.99988480009216
96.61614100006409	143.99988480009216
97.0346150000114	143.99988480009216
97.44916400010698	213.00010650005325
97.6811770000495	213.00010650005325
97.96286400000099	213.00010650005325
98.24432800000068	213.00010650005325
98.52658600010909	213.00010650005325
98.80905100004748	213.00010650005325
99.09107500000391	213.00010650005325
99.37116700003389	213.00010650005325
99.65393500006758	213.00010650005325
99.93514500011224	213.00010650005325
100.21622300008312	213.00010650005325
100.5013340000296	213.00010650005325
100.78136200003792	213.00010650005325
101.0618180000456	213.00010650005325
101.35170200001448	213.00010650005325
101.74892500007991	159.0002067002687
102.06525600003079	159.0002067002687
102.43951100006234	159.0002067002687
102.82685200008564	159.0002067002687
103.19346300000325	159.0002067002687
103.57053700007964	46.0
104.06134800007567	46.0
105.36478900001384	46.0
106.66961800004356	46.0
107.97387800004799	218.99968245046045
107.9993030000478	218.99968245046045
108.27764300000854	218.99968245046045
108.54743300005794	218.99968245046045
108.82147900003474	218.99968245046045
109.09591900010128	218.99968245046045
109.37483200000133	218.99968245046045
109.65342900005635	90.99995298335763
110.05309900001157	90.99995298335763
110.7081050000852	90.99995298335763
111.36720500001684	90.99995298335763
112.026831000112	90.99995298335763
112.68562600004952	90.99995298335763
113.34503700002097	90.99995298335763
114.00516600010451	115.0
114.40561800007708	115.0
114.92763200006448	115.0
115.44994200009387	115.0
115.97085600008722	102.0000510000255
116.04162000003271	102.0000510000255
116.62938400008716	102.0000510000255
117.21871800010558	102.0000510000255
117.80583700002171	102.0000510000255
118.3942790000001	102.0000510000255
118.98212500009686	102.0000510000255
119.5708530000411	87.00002175000543
119.59550300007686	87.00002175000543
120.2853710000636	87.00002175000543
120.97564700001385	87.00002175000543
121.66512400005013	32.99999670000033
122.05372400011402	32.99999670000033
123.87210400006734	32.99999670000033
125.69031800003722	69.00001725000432
126.42240600008518	69.00001725000432
127.29213500011247	69.00001725000432
128.16182600008324	218.99968245046045
128.22812900005374	218.99968245046045
128.50194300001021	218.99968245046045
128.77584300003946	218.99968245046045
129.04994600010104	218.99968245046045
129.3241950001102	218.99968245046045
129.59807800001	218.99968245046045
129.8718420000514	218.99968245046045
130.14599400002044	218.99968245046045
130.4197620000923	218.99968245046045
130.69355200009886	218.99968245046045
130.96814500004984	218.99968245046045
131.24217500002123	218.99968245046045
131.51567200000864	45.000011250002814
131.7319500000449	45.000011250002814
133.06527700007427	45.000011250002814
134.39915800001472	185.0
134.69925300008617	185.0
135.0219840001082	185.0
135.34641400002874	185.0
135.67037200008053	185.0
135.99426700000186	185.0
136.31867200008128	185.0
136.643025000114	185.0
136.967534000054	185.0
137.2917230000021	185.0
137.6161050000228	62.99999685000016
137.90572600008454	62.99999685000016
138.8577430000296	62.99999685000016
139.81027100002393	62.99999685000016
140.7735930000199	88.00002346667293
141.3247580000898	88.00002346667293
142.00570600002538	88.00002346667293
142.68773800006602	88.00002346667293
143.36940800002776	88.00002346667293
144.05146000010427	59.0
144.33861500001512	59.0
145.35447600006592	59.0
146.37146200006828	140.00014000014
146.70535900001414	140.00014000014
147.13699700008146	140.00014000014
147.56268800003454	140.00014000014
147.99152200005483	140.00014000014
148.42047000001185	140.00014000014
148.84880600008182	140.00014000014
149.27873400005046	140.00014000014
149.70550800010096	28.999993233334912
150.60060800006613	28.999993233334912
152.66920100001153	165.99990040005977
152.76748300006147	165.99990040005977
153.1284820000874	165.99990040005977
153.4891340000322	165.99990040005977
153.85066400002688	165.99990040005977
154.21241700008977	165.99990040005977
154.5772650000872	165.99990040005977
154.93477300007362	165.99990040005977
155.29678000009153	165.99990040005977
155.65771100006532	48.0
156.09385900001507	48.0
157.34473100001924	48.0
158.59342100005597	67.99999546666697
159.1492370000342	67.99999546666697
160.0301590000745	67.99999546666697
160.9131200000411	67.99999546666697
161.79593600006774	77.99997660000702
162.52500700007658	77.99997660000702
163.29300700000022	77.99997660000702
164.0627880000975	206.0
164.2843410000205	206.0
164.57496200001333	206.0
164.86676000000443	206.0
165.15803800011054	206.0
165.44864200009033	206.0
165.73988600005396	206.0
166.03207700001076	206.0
166.32247800007463	206.0
166.6134220000822	206.0
166.90550300001632	206.0
167.1970170000568	206.0
167.48755600000732	206.0
167.7794640000211	159.0002067002687
167.868581000017	159.0002067002687
168.24349500006065	159.0002067002687
168.62135000003036	159.0002067002687
168.9989470000146	159.0002067002687
169.37655800010543	159.0002067002687
169.75295800005551	113.99995440001824
169.85795400000643	113.99995440001824
170.3840510000009	113.99995440001824
170.91014400008135	113.99995440001824
171.43631900008768	113.99995440001824
171.96249200007878	113.99995440001824
172.48882500000764	113.99995440001824
173.0167740000179	113.99995440001824
173.5421740000602	174.0
173.8692630000878	174.0
174.21284000005107	174.0
174.55942200007848	174.0
174.90360800002236	174.0
175.2475170000689	174.0
175.59229400008917	200.0
175.8785270000808	200.0
176.17847300006542	200.0
176.48054800007958	200.0
176.77895000006538	200.0
177.07845000003	200.0
177.37962200003676	200.0
177.67906600004062	200.0
177.97917500010226	200.0
178.27899200003594	200.0
178.57904000009876	200.0
178.87903000006918	200.0
179.17883300001267	200.0
179.4788530000951	200.0
179.77909700002056	177.99981606685674
179.8143230000278	177.99981606685674
180.15264400001615	177.99981606685674
180.48797500005458	177.99981606685674
180.82521000003908	177.99981606685674
181.16221300000325	177.99981606685674
181.4991980000632	177.99981606685674
181.83661600004416	177.99981606685674
182.17391000001226	183.99997546666995
182.49322000006214	183.99997546666995
182.819482000079	183.99997546666995
183.14578500005882	183.99997546666995
183.47184300003573	183.99997546666995
183.7978160000639	183.99997546666995
184.1244740000693	183.99997546666995
184.44994000007864	183.99997546666995
184.77704400010407	183.99997546666995
185.10290100006387	183.99997546666995
185.42979700001888	183.99997546666995
185.75387400004547	78.9999657666815
186.09001800010446	78.9999657666815
186.84973600006197	78.9999657666815
187.6104640000267	78.9999657666815
188.3708410001127	201.999798000202
188.43434700008947	201.999798000202
188.7316240000073	201.999798000202
189.0282100000186	201.999798000202
189.32523700001184	201.999798000202
189.62341100000776	201.999798000202
189.91941600001883	201.999798000202
190.21654300007503	201.999798000202
190.5135200000368	201.999798000202
190.81094200001098	201.999798000202
191.10804600000847	201.999798000202
191.4049820000073	201.999798000202
191.7018710001139	86.00005160003096
191.96635900007095	86.00005160003096
192.6641200000886	86.00005160003096
193.36158500006422	86.00005160003096
194.0593860000372	86.00005160003096
194.7581750000827	86.00005160003096
195.45451600011438	86.00005160003096
196.15190200007055	86.00005160003096
196.85008100001141	86.00005160003096
197.54730700002983	86.00005160003096
198.24528400006238	86.00005160003096
198.943132000044	86.00005160003096
199.64078500005417	86.00005160003096
200.3382500000298	86.00005160003096
201.03656600008253	86.00005160003096
201.73427000001539	86.00005160003096
202.43226800009143	86.00005160003096
203.1288390000118	86.00005160003096
203.82682100008242	86.00005160003096
204.52513100008946	86.00005160003096
205.22267400007695	86.00005160003096
205.91980100004002	86.00005160003096
206.61768100003246	86.00005160003096
207.31638800003566	86.00005160003096
208.01251500006765	86.00005160003096
208.71088700008113	86.00005160003096
209.40835900011007	86.00005160003096
210.10610400000587	86.00005160003096
210.80332000006456	86.00005160003096
211.5014970001066	86.00005160003096
212.19841000007	86.00005160003096
212.89831500011496	86.00005160003096
213.5941200000234	86.00005160003096
214.29173600010108	86.00005160003096
214.9905260000378	86.00005160003096
215.68847200006712	86.00005160003096
216.38473600009456	86.00005160003096
217.0830310001038	86.00005160003096
217.780405000085	86.00005160003096
218.47979600005783	86.00005160003096
219.17514100007247	86.00005160003096
219.87429600011092	86.00005160003096
220.57132100011222	86.00005160003096
221.26917900005355	86.00005160003096
221.96667200000957	86.00005160003096
222.66389800002798	86.00005160003096
223.36166300007608	86.00005160003096
224.0588370000478	86.00005160003096
224.75695300009102	86.00005160003096
225.45460100006312	86.00005160003096
226.15193000005092	86.00005160003096
226.84958400006872	86.00005160003096
227.54824100004043	86.00005160003096
228.24645400000736	86.00005160003096
228.94390100007877	86.00005160003096
229.64080900000408	86.00005160003096
230.33822400006466	86.00005160003096
231.03743500006385	86.00005160003096
231.73496200004593	86.00005160003096
232.43101600010414	86.00005160003096
233.12902800005395	86.00005160003096
233.82661600003485	86.00005160003096
234.52481800003443	86.00005160003096
235.22231400001328	86.00005160003096
235.92067800008226	86.00005160003096
236.61886700009927	86.00005160003096
237.3153760000132	86.00005160003096
238.01258800004143	86.00005160003096
238.71037300000899	86.00005160003096
239.40790500002913	86.00005160003096
240.1072700000368	86.00005160003096
240.80431400006637	86.00005160003096
241.50090000010096	86.00005160003096


5.989848000113852	120.0
6.476667000097223	120.0
6.500872000004165	120.0
7.001087000011466	120.0
7.5007120000664145	120.0
8.02494100003969	120.0
8.50044400000479	120.0
9.000486000091769	120.0
9.500638000085019	120.0
10.000396000104956	120.0
10.500885000103153	120.0
11.000604000058956	120.0
11.500557000050321	120.0
12.000800000037998	120.0
12.500522000016645	120.0
13.00084400002379	120.0
13.500585000030696	120.0
14.00640700000804	120.0
14.50054000003729	120.0
15.000253000063822	120.0
15.501014000037685	120.0
16.000502000097185	120.0
16.500406000064686	120.0
17.000841000000946	120.0
17.50657399999909	120.0
18.001086000003852	120.0
18.500823000096716	120.0
19.000224000075832	120.0
19.507954000029713	120.0
20.00074000004679	120.0
20.500768000027165	120.0
21.000608000089414	120.0
21.500697000068612	120.0
22.00073200010229	120.0
22.50072300003376	120.0
23.002227000077255	120.0
23.50103200005833	120.0
24.001577000017278	120.0
24.500780000002123	120.0
25.00083200004883	120.0
25.50024800002575	120.0
26.000319000100717	120.0
26.500582000007853	120.0
27.001589000108652	120.0
27.501021000090986	120.0
28.00025300006382	120.0
28.500479000038467	120.0
29.000971000059508	129.00007740004645
29.434780000010505	129.00007740004645
29.89989500003867	129.00007740004645
30.364761000033468	129.00007740004645
30.830060000065714	171.00009405005173
31.079775999998674	171.00009405005173
31.43178300000727	171.00009405005173
31.78029000002425	171.00009405005173
32.13174900005106	171.00009405005173
32.48221900011413	171.00009405005173
32.833594000083394	171.00009405005173
33.184015000006184	171.00009405005173
33.535562000004575	171.00009405005173
33.886020000092685	171.00009405005173
34.23690700007137	171.00009405005173
34.58813600009307	182.000182000182
34.90926900005434	182.000182000182
35.23897200007923	182.000182000182
35.56871300004423	182.000182000182
35.89943400002085	182.000182000182
36.22829500003718	182.000182000182
36.55797900003381	182.000182000182
36.88751100003719	87.0
36.95042000000831	87.0
37.64025900000706	87.0
38.329966000048444	87.0
39.019271000055596	87.0
39.70908500009682	87.0
40.398613000055775	87.0
41.09372100001201	65.99999340000066
41.29859600006603	65.99999340000066
42.20409700006712	65.99999340000066
43.11235900002066	177.00002655000398
43.32989700010512	177.00002655000398
43.66977500007488	177.00002655000398
44.008244000026025	177.00002655000398
44.34694800002035	177.00002655000398
44.68585500004701	177.00002655000398
45.024890000000596	177.00002655000398
45.36458100005984	177.00002655000398
45.702793000033125	177.00002655000398
46.04233300010674	177.00002655000398
46.381254000007175	177.00002655000398
46.71980600000825	177.00002655000398
47.05884900002275	177.00002655000398
47.39771600009408	177.00002655000398
47.73643000004813	177.00002655000398
48.076335000107065	141.0
48.11046800005715	141.0
48.53609700000379	141.0
48.96202600002289	55.00000458333371
49.01386900001671	55.00000458333371
50.10566500003915	55.00000458333371
51.1968830000842	55.00000458333371
52.28817100008018	55.00000458333371
53.37942100001965	143.000143000143
53.52064500004053	143.000143000143
53.93895400001202	143.000143000143
54.35873200010974	143.000143000143
54.777393000083975	143.000143000143
55.19863500003703	136.0001450668214
55.21141800004989	136.0001450668214
55.65189800004009	136.0001450668214
56.09391600009985	136.0001450668214
56.53455400001258	136.0001450668214
56.97658000001684	136.0001450668214
57.41653100005351	136.0001450668214
57.858767000027	136.0001450668214
58.29906000010669	136.0001450668214
58.74001600011252	136.0001450668214
59.18122900009621	136.0001450668214
59.62279600009788	145.00003625000906
60.0106290000258	145.00003625000906
60.423289000056684	145.00003625000906
60.83690600004047	145.00003625000906
61.250864000059664	145.00003625000906
61.664942000061274	112.00005973336519
61.802871000021696	112.00005973336519
62.33877700008452	112.00005973336519
62.87385400000494	112.00005973336519
63.40986700006761	112.00005973336519
63.94537600001786	112.00005973336519
64.48101300001144	112.00005973336519
65.0169810000807	112.00005973336519
65.55242300010286	178.99974940035085
65.752979000099	178.99974940035085
66.08786400000099	178.99974940035085
66.42424300010316	178.99974940035085
66.75825400010217	178.99974940035085
67.0942910000449	178.99974940035085
67.4288940000115	40.0
68.23872300004587	40.0
69.74069200002123	40.0
71.23816400009673	40.0
72.73903900000732	89.9999550000225
73.22191200009547	89.9999550000225
73.88431400002446	125.0
74.21151400008239	125.0
74.6913910000585	125.0
75.17211000004318	125.0
75.65173300006427	125.0
76.13138400006574	125.0
76.61210700008087	125.0
77.09158400003798	125.0
77.57195100001991	158.0
77.8912700000219	158.0
78.27141000004485	158.0
78.65232900006231	158.0
79.03066600009333	158.0
79.41046600008849	201.0003115504829
79.68272300006356	201.0003115504829
79.98087800003123	201.0003115504829
80.27926800004207	201.0003115504829
80.57954400009476	201.0003115504829
80.87616900005378	201.0003115504829
81.17471500008833	201.0003115504829
81.4743160000071	201.0003115504829
81.77174200001173	201.0003115504829
82.07061600009911	201.0003115504829
82.36930400005076	201.0003115504829
82.66794100007974	201.0003115504829
82.96662800002377	201.0003115504829
83.2651940000942	201.0003115504829
83.56326800002716	176.00004693334586
83.60107400000561	176.00004693334586
83.94219200010411	176.00004693334586
84.28343200008385	176.00004693334586
84.62452400010079	176.00004693334586
84.96517300000414	176.00004693334586
85.30551200010814	176.00004693334586
85.64718700002413	162.000162000162
85.67769400007091	162.000162000162
86.04848700005095	162.000162000162
86.41884900000878	162.000162000162
86.78863600001205	162.000162000162
87.15877500001807	162.000162000162
87.5290340000065	162.000162000162
87.90004500001669	162.000162000162
88.26983800006565	162.000162000162
88.64045200007968	162.000162000162
89.01095600007102	162.000162000162
89.38198000006378	26.000003466667128
89.86375400004908	26.000003466667128
92.17157400003634	122.99996925000768
92.45080300001428	122.99996925000768
92.93823000008706	122.99996925000768
93.42644600011408	122.99996925000768
93.914136000094	122.99996925000768
94.40278300002683	122.99996925000768
94.8896470000036	122.99996925000768
95.37768700008746	143.99988480009216
95.78257200005464	143.99988480009216
96.1991290000733	143.99988480009216
96.61606300005224	143.99988480009216
97.03359400003683	143.99988480009216
97.44914100004826	213.0
97.68094900005963	213.0
97.96275200007949	213.0
98.24422100000083	213.0
98.52628200000618	213.0
98.80885500006843	213.0
99.08933300001081	213.0
99.37116700003389	213.0
99.65443500003312	213.0
99.9355870001018	213.0
100.21647900005337	213.0
100.50081000011414	213.0
100.78030300000682	213.0
101.06140800006688	213.0
101.34516900009476	213.0
101.62796300009359	159.0002067002687
101.70148800010793	159.0002067002687
102.0608990000328	159.0002067002687
102.43955600005575	159.0002067002687
102.81686100002844	159.0002067002687
103.19383500004187	159.0002067002687
103.5708010001108	45.99999386666749
104.06076000002213	45.99999386666749
105.3649340000702	45.99999386666749
106.66903000010643	45.99999386666749
107.97387800004799	219.0
107.99954900005832	219.0
108.27700500003994	219.0
108.54736700002104	219.0
108.82145400007721	219.0
109.09559400007129	219.0
109.37015000008978	219.0
109.64607400004752	90.99995298335763
110.09113400010392	90.99995298335763
110.7075050000567	90.99995298335763
111.36741900001653	90.99995298335763
112.02657800004818	90.99995298335763
112.68582600005902	90.99995298335763
113.34630300011486	90.99995298335763
114.00579400011338	115.00002875000719
114.40604700008407	115.00002875000719
114.92724400002044	115.00002875000719
115.44969700009096	102.0000510000255
115.4524350001011	102.0000510000255
116.04085100011434	102.0000510000255
116.62904700008221	102.0000510000255
117.21845100005157	102.0000510000255
117.80559500004165	102.0000510000255
118.39367200003471	102.0000510000255
118.98193800006993	102.0000510000255
119.57021800009534	87.00002175000543
119.59484000003431	87.00002175000543
120.28493700001854	87.00002175000543
120.97434100008104	87.00002175000543
121.66463000001386	32.99999670000033
122.05303300009109	32.99999670000033
123.87185200001113	32.99999670000033
125.68993200000841	69.00001725000432
126.42206600005738	69.00001725000432
127.29187000007369	69.00001725000432
128.16117400000803	219.0
128.227540000109	219.0
128.5014360001078	219.0
128.77530900004786	219.0
129.0492980000563	219.0
129.32338300009724	219.0
129.59725200000685	219.0
129.87146900000516	219.0
130.1452140000183	219.0
130.4191400000127	219.0
130.69318700011354	219.0
130.96717500011437	219.0
131.2414160000626	219.0
131.51507800002582	45.000011250002814
131.73167300003115	45.000011250002814
133.0650940000778	45.000011250002814
134.3987030000426	185.000185000185
134.69882300007157	185.000185000185
135.02160900004674	185.000185000185
135.34622200008016	185.000185000185
135.66971400007606	185.000185000185
135.9940770000685	185.000185000185
136.3183400001144	185.000185000185
136.64236800000072	185.000185000185
136.96675100002903	185.000185000185
137.29126800002996	185.000185000185
137.61590800003614	63.0
137.90514700009953	63.0
138.85711100010667	63.0
139.80953399999999	63.0
140.76167000003625	88.00002346667293
141.32446100004017	88.00002346667293
142.00495400000364	88.00002346667293
142.68750900006853	88.00002346667293
143.3687800000189	88.00002346667293
144.05092300008982	59.00000885000133
144.33808200003114	59.00000885000133
145.3542300000554	59.00000885000133
146.3710410000058	140.00014000014
146.70561100007035	140.00014000014
147.134931000066	140.00014000014
147.5624260000186	140.00014000014
147.99111600010656	140.00014000014
148.41998100001365	140.00014000014
148.8481000000611	140.00014000014
149.2782910000533	140.00014000014
149.7053410001099	28.999993233334912
150.59978600009345	28.999993233334912
152.6693250000244	165.99990040005977
152.76706400001422	165.99990040005977
153.12824900005944	165.99990040005977
153.4891340000322	165.99990040005977
153.85052700003143	165.99990040005977
154.2123590001138	165.99990040005977
154.57331800006796	165.99990040005977
154.93477300007362	165.99990040005977
155.29662100004498	165.99990040005977
155.65771100006532	48.0
156.0934170000255	48.0
157.34502000000793	48.0
158.59414700011257	68.0
159.1496220000554	68.0
160.0333980000578	68.0
160.9125280000735	68.0
161.79547900008038	77.99997660000702
162.52454600005876	77.99997660000702
163.29304700007197	77.99997660000702
164.06231800001115	206.0000961333782
164.28407800011337	206.0000961333782
164.57469400006812	206.0000961333782
164.8662910000421	206.0000961333782
165.15732900006697	206.0000961333782
165.4483650000766	206.0000961333782
165.73969900002703	206.0000961333782
166.03149900003336	206.0000961333782
166.32221900008153	206.0000961333782
166.61345500010066	206.0000961333782
166.90494600008242	206.0000961333782
167.19685600011144	206.0000961333782
167.48766400001477	159.0
167.48837300005835	159.0
167.8676830000477	159.0
168.24325700011104	159.0
168.62117300007958	159.0
168.9979680000106	159.0
169.3756300000241	159.0
169.75263600004837	113.99995440001824
169.85755200008862	113.99995440001824
170.3831900000805	113.99995440001824
170.90951300004963	113.99995440001824
171.43631900008768	113.99995440001824
171.96250600006897	113.99995440001824
172.4886070000939	113.99995440001824
173.01642400003038	113.99995440001824
173.54165400005877	173.99979120025057
173.86880400008522	173.99979120025057
174.2126210000133	173.99979120025057
174.5591060000006	173.99979120025057
174.90314900001977	173.99979120025057
175.2470060000196	173.99979120025057
175.59191700001247	200.0
175.878320000018	200.0
176.1784630001057	200.0
176.47998200007714	200.0
176.77875800000038	200.0
177.0784810000332	200.0
177.37914500001352	200.0
177.67862300004344	200.0
177.9791570000816	200.0
178.2784170000814	200.0
178.5783840001095	200.0
178.87840500008315	200.0
179.17844400007743	200.0
179.47841300000437	200.0
179.7784170000814	177.99981606685674
179.81354200001806	177.99981606685674
180.15214200003538	177.99981606685674
180.49245700007305	177.99981606685674
180.82509500009473	177.99981606685674
181.16196700010914	177.99981606685674
181.49947000003885	177.99981606685674
181.83636400010437	177.99981606685674
182.1730820001103	183.99997546666995
182.49367100000381	183.99997546666995
182.8191030001035	183.99997546666995
183.14524000009988	183.99997546666995
183.47139300010167	183.99997546666995
183.79768800002057	183.99997546666995
184.12381800008006	183.99997546666995
184.44952000002377	183.99997546666995
184.77684300008696	183.99997546666995
185.1025770000415	183.99997546666995
185.4295680000214	183.99997546666995
185.75383400009014	78.9999657666815
186.08979300002102	78.9999657666815
186.84972600010224	78.9999657666815
187.61062300007325	202.0
187.8402810000116	202.0
188.13726500002667	202.0
188.43414700007997	202.0
188.73139100009575	202.0
189.02820500009693	202.0
189.3252630000934	202.0
189.62309800006915	202.0
189.91961900005117	202.0
190.21678800007794	202.0
190.513534000027	202.0
190.81094700004905	202.0
191.10806500003673	202.0
191.40475000010338	202.0
191.701730000088	86.00005160003096
191.966347000096	86.00005160003096
192.66365800006315	86.00005160003096
193.36143800010905	86.00005160003096
194.05905100004748	86.00005160003096
194.75806800008286	86.00005160003096
195.45429700007662	86.00005160003096
196.15191200003028	86.00005160003096
196.84970600006636	86.00005160003096
197.54766999999993	86.00005160003096
198.24504300008994	86.00005160003096
198.9426580000436	86.00005160003096
199.6404380000895	86.00005160003096
200.3380050000269	86.00005160003096
201.03581200004555	86.00005160003096
201.73427000001539	86.00005160003096
202.43170900002588	86.00005160003096
203.1287580000935	86.00005160003096
203.82670400000643	86.00005160003096
204.52536200010218	86.00005160003096
205.22174000006635	86.00005160003096
205.91960900009144	86.00005160003096
206.6180910000112	86.00005160003096
207.3167390000308	86.00005160003096
208.01248600007966	86.00005160003096
208.7104250000557	86.00005160003096
209.40825600002427	86.00005160003096
210.10559600009583	86.00005160003096
210.80329700000584	86.00005160003096
211.50179200002458	86.00005160003096
212.19880800007377	86.00005160003096
212.89849100005813	86.00005160003096
213.5943200000329	86.00005160003096
214.2919310000725	86.00005160003096
214.99027900001965	86.00005160003096
215.688625000068	86.00005160003096
216.38452200009488	86.00005160003096
217.0825340000447	86.00005160003096
217.78065400000196	86.00005160003096
218.47935500007588	86.00005160003096
219.17566400009673	86.00005160003096
219.87403800000902	86.00005160003096
220.57156300009228	86.00005160003096
221.26815400004853	86.00005160003096
221.9664070000872	86.00005160003096
222.66364900011104	86.00005160003096
223.36217400000896	86.00005160003096
224.05917500006035	86.00005160003096
224.75683000008576	86.00005160003096
225.4543690000428	86.00005160003096
226.15193000005092	86.00005160003096
226.84958400006872	86.00005160003096
227.5480680000037	86.00005160003096
228.24674100009724	86.00005160003096
228.9431840000907	86.00005160003096
229.64065600000322	86.00005160003096
230.33799600007478	86.00005160003096
231.03725900000427	86.00005160003096
231.73497700004373	86.00005160003096
232.43101600010414	86.00005160003096
233.1287350000348	86.00005160003096
233.82635100011248	86.00005160003096
234.5243410000112	86.00005160003096
235.22197100007907	86.00005160003096
235.92038100003265	86.00005160003096
236.61784500000067	86.00005160003096
237.315554000088	86.00005160003096
238.01259900000878	86.00005160003096
238.71059100003913	86.00005160003096
239.40788300009444	86.00005160003096
240.10726000007708	86.00005160003096
240.8045840000268	86.00005160003096
241.50073800003156	86.00005160003096


8.415972000104375	120.0
8.87150400003884	120.0
9.000926000066102	120.0
9.500828000018373	120.0
10.000198000110686	120.0
10.500638000085019	120.0
11.000800000037998	120.0
11.500806000083685	120.0
12.000979000004008	120.0
12.50038000009954	120.0
13.000932000111789	120.0
13.500700000091456	120.0
14.000187000026926	120.0
14.500356000033207	120.0
15.000520000001416	120.0
15.500706000020728	120.0
16.00076500000432	120.0
16.50022100005299	120.0
17.00089400005527	120.0
17.500224000075832	120.0
18.000777000095695	120.0
18.50021100009326	120.0
19.000469000078738	120.0
19.500298000057228	120.0
20.000992000102997	120.0
20.500249000033364	120.0
21.00033400009852	120.0
21.501154000055976	120.0
22.001339000067674	120.0
22.501129000098445	120.0
23.0031490001129	120.0
23.501238000113517	120.0
24.002631000010297	120.0
24.501166000030935	120.0
25.00064199999906	120.0
25.500251000048593	120.0
26.000307000009343	120.0
26.50029200001154	120.0
27.002621000050567	120.0
27.501624000025913	120.0
28.00045700010378	120.0
28.500456000096165	120.0
29.00066100002732	129.00007740004645
29.434936000034213	129.00007740004645
29.90033700002823	129.00007740004645
30.367652000044473	129.00007740004645
30.83030700008385	171.0
31.08003800001461	171.0
31.43462900002487	171.0
31.780664000078104	171.0
32.132144000031985	171.0
32.48298500000965	171.0
32.83383700007107	171.0
33.184109000023454	171.0
33.535744000109844	171.0
33.88627500005532	171.0
34.23980700003449	171.0
34.58779500005767	182.000182000182
34.9094960000366	182.000182000182
35.23932500008959	182.000182000182
35.56916700000875	182.000182000182
35.89978500001598	182.000182000182
36.22857900010422	182.000182000182
36.55806100007612	182.000182000182
36.887678000028245	87.00002175000543
36.950822000042535	87.00002175000543
37.640454000094905	87.00002175000543
38.33023200009484	87.00002175000543
39.01974400004838	87.00002175000543
39.709429000038654	87.00002175000543
40.39872200007085	87.00002175000543
41.092574000009336	66.0
41.29748600011226	66.0
42.20409700006712	66.0
43.11279500008095	177.00002655000398
43.33007800008636	177.00002655000398
43.67010400001891	177.00002655000398
44.00868900003843	177.00002655000398
44.34725200000685	177.00002655000398
44.68613000004552	177.00002655000398
45.02496300009079	177.00002655000398
45.36403200007044	177.00002655000398
45.70297500002198	177.00002655000398
46.04274200007785	177.00002655000398
46.382230000104755	177.00002655000398
46.7198910000734	177.00002655000398
47.059147000079975	177.00002655000398
47.398215000052005	177.00002655000398
47.73680400010198	177.00002655000398
48.07654700009152	140.99997180000565
48.11046100000385	140.99997180000565
48.53620200010482	140.99997180000565
48.96231100009754	55.00000458333371
49.0143860001117	55.00000458333371
50.105755000025965	55.00000458333371
51.19708700000774	55.00000458333371
52.29008100007195	55.00000458333371
53.380735000013374	143.000143000143
53.52097300009336	143.000143000143
53.93916400009766	143.000143000143
54.3588780000573	143.000143000143
54.77851900004316	143.000143000143
55.19882100005634	136.0001450668214
55.21166700008325	136.0001450668214
55.65213100006804	136.0001450668214
56.09417900000699	136.0001450668214
56.535123000037856	136.0001450668214
56.990071000065655	136.0001450668214
57.41659300005995	136.0001450668214
57.85968000011053	136.0001450668214
58.29897600004915	136.0001450668214
58.74014900007751	136.0001450668214
59.19289600010961	136.0001450668214
59.622880000039004	145.00003625000906
60.01100200007204	145.00003625000906
60.423656000057235	145.00003625000906
60.837134000030346	145.00003625000906
61.2550180000253	112.0
61.26685300003737	112.0
61.803215000079945	112.0
62.33996300003491	112.0
62.87418600008823	112.0
63.40985100006219	112.0
63.94535000005271	112.0
64.48124200000893	112.0
65.017300000065	112.0
65.55289200006519	178.99974940035085
65.75293500011321	178.99974940035085
66.08808800007682	178.99974940035085
66.42396500008181	178.99974940035085
66.75831900001504	178.99974940035085
67.09430500003509	178.99974940035085
67.42863700003363	40.0
68.23846700007562	40.0
69.73899600002915	40.0
71.23851400008425	90.0
71.8850570000941	90.0
72.55103500001132	90.0
73.22223500011023	90.0
73.88432800001465	125.0
74.21151400008239	125.0
74.69135800004005	125.0
75.17211000004318	125.0
75.65151500003412	125.0
76.13140400010161	125.0
76.612087000045	125.0
77.09228700003587	125.0
77.57174000004306	157.999931533363
77.89123500010464	157.999931533363
78.27115700009745	157.999931533363
78.65147000004072	157.999931533363
79.030730000115	157.999931533363
79.410149000003	201.0003115504829
79.68272300006356	201.0003115504829
79.98110900004394	201.0003115504829
80.27948700007983	201.0003115504829
80.57979400001932	201.0003115504829
80.87616000010166	201.0003115504829
81.17496000009123	201.0003115504829
81.4747760000173	201.0003115504829
81.77411400002893	201.0003115504829
82.07112200011034	201.0003115504829
82.3698260000674	201.0003115504829
82.6684430000605	201.0003115504829
82.96662800002377	201.0003115504829
83.26574100006837	201.0003115504829
83.56326800002716	176.00004693334586
83.6009020000929	176.00004693334586
83.941902999999	176.00004693334586
84.2835250000935	176.00004693334586
84.62429300008807	176.00004693334586
84.96572700003162	176.00004693334586
85.30599700007588	176.00004693334586
85.64757600007579	162.000162000162
85.6774860000005	162.000162000162
86.04895100009162	162.000162000162
86.41909000009764	162.000162000162
86.78950900002383	162.000162000162
87.15932500001509	162.000162000162
87.52958400000352	162.000162000162
87.90024900005665	162.000162000162
88.27046100003645	162.000162000162
88.64082400000188	162.000162000162
89.01095600007102	162.000162000162
89.38170100003481	26.000003466667128
89.8635320001049	26.000003466667128
92.17242700001225	123.0
92.45116600010078	123.0
92.93887200008612	123.0
93.42689800006337	123.0
93.91643100010697	123.0
94.40245500009041	123.0
94.88950600009412	123.0
95.37736700009555	143.99988480009216
95.78288300009444	143.99988480009216
96.19917100004386	143.99988480009216
96.61574100004509	143.99988480009216
97.03489700006321	143.99988480009216
97.44881400000304	213.00010650005325
97.68073500005994	213.00010650005325
97.9623530000681	213.00010650005325
98.2439070000546	213.00010650005325
98.52637100010179	213.00010650005325
98.8085570000112	213.00010650005325
99.089835000108	213.00010650005325
99.3709000000963	213.00010650005325
99.65364800009411	213.00010650005325
99.93472300004214	213.00010650005325
100.21649800008163	213.00010650005325
100.50154000008479	213.00010650005325
100.78160700004082	213.00010650005325
101.06162900000345	213.00010650005325
101.35121900006197	213.00010650005325
101.64539499999955	159.0
101.73133300000336	159.0
102.06501500005834	159.0
102.43974000005983	159.0
102.82869100000244	159.0
103.19367800001055	159.0
103.57073300005868	45.99999386666749
104.0611280000303	45.99999386666749
105.36678100004792	45.99999386666749
106.66941100009717	45.99999386666749
107.97329500003252	218.99968245046045
107.99954900005832	218.99968245046045
108.27623800002038	218.99968245046045
108.54842800006736	218.99968245046045
108.82170300011057	218.99968245046045
109.09613499999978	218.99968245046045
109.37031100003514	218.99968245046045
109.65712000010535	90.99995298335763
110.04819000000134	90.99995298335763
110.70794500003103	90.99995298335763
111.36627800005954	90.99995298335763
112.02606800000649	90.99995298335763
112.6852240000153	90.99995298335763
113.34456800005864	90.99995298335763
114.00485800008755	115.00002875000719
114.40622200001962	115.00002875000719
114.92817300010938	115.00002875000719
115.44906700006686	115.00002875000719
115.97146800009068	102.0000510000255
116.04221100010909	102.0000510000255
116.62999800010584	102.0000510000255
117.21972900000401	102.0000510000255
117.80652800004464	102.0000510000255
118.39452600001823	102.0000510000255
118.98245600005612	102.0000510000255
119.57039100001566	87.00002175000543
119.59514200000558	87.00002175000543
120.2851260000607	87.00002175000543
120.97492100007366	87.00002175000543
121.66604300006293	33.0
122.05321800010279	33.0
123.87240200000815	33.0
125.69014300010167	69.00001725000432
126.42264900007285	69.00001725000432
127.29285600001458	69.00001725000432
128.16145500005223	218.99968245046045
128.22833600000013	218.99968245046045
128.50219700008165	218.99968245046045
128.7761860000901	218.99968245046045
129.0505150000099	218.99968245046045
129.3237430000445	218.99968245046045
129.59769900003448	218.99968245046045
129.87207300006412	218.99968245046045
130.14542200008873	218.99968245046045
130.41957200004254	218.99968245046045
130.69401900004596	218.99968245046045
130.96777300001122	218.99968245046045
131.2415950000286	218.99968245046045
131.51593800005503	45.0
131.73234900005627	45.0
133.06649300002027	45.0
134.39892300008796	185.000185000185
134.69908700010274	185.000185000185
135.02138800011016	185.000185000185
135.34604900004342	185.000185000185
135.67016700003296	185.000185000185
135.9939280000981	185.000185000185
136.3180950001115	185.000185000185
136.64259800000582	185.000185000185
136.9672450000653	185.000185000185
137.29108300001826	185.000185000185
137.61548100004438	62.99999685000016
137.9053970000241	62.99999685000016
138.85733100003563	62.99999685000016
139.81006600009277	62.99999685000016
140.76361300004646	88.00002346667293
141.32497800001875	88.00002346667293
142.00599800003693	88.00002346667293
142.68829900003038	88.00002346667293
143.3692560000345	88.00002346667293
144.0513000000501	59.00000885000133
144.33844800002407	59.00000885000133
145.3549270000076	59.00000885000133
146.37185800005682	140.00014000014
146.70602600008715	140.00014000014
147.13512800005265	140.00014000014
147.56289100006688	140.00014000014
147.9916990000056	140.00014000014
148.42023500008509	140.00014000014
148.8484630000312	140.00014000014
149.2785070000682	140.00014000014
149.70566100010183	28.999993233334912
150.60006800002884	28.999993233334912
152.67027000000235	166.0
152.76731800008565	166.0
153.12882700003684	166.0
153.49043500004336	166.0
153.85115800006315	166.0
154.21807700011414	166.0
154.57706200005487	166.0
154.93502200010698	166.0
155.29702700010967	166.0
155.6580510000931	48.0
156.0936600000132	48.0
157.34441500005778	48.0
158.59353800001554	67.99999546666697
159.14958900003694	67.99999546666697
160.0303600000916	67.99999546666697
160.91279200010467	67.99999546666697
161.79546800011303	78.0
162.52532900008373	78.0
163.29329300008249	78.0
164.06237900000997	206.0000961333782
164.28452800004743	206.0000961333782
164.5754500000039	206.0000961333782
164.86698300007265	206.0000961333782
165.158250000095	206.0000961333782
165.44902300008107	206.0000961333782
165.740199000109	206.0000961333782
166.03232900006697	206.0000961333782
166.3228100000415	206.0000961333782
166.61402700003237	206.0000961333782
166.90567300003022	206.0000961333782
167.19743500009645	206.0000961333782
167.48836400010623	206.0000961333782
167.77910800010432	159.0002067002687
167.8676830000477	159.0002067002687
168.24373300001025	159.0002067002687
168.6217460000189	159.0002067002687
168.9987400000682	159.0002067002687
169.37567700003274	159.0002067002687
169.75261200009845	113.99995440001824
169.85747900011484	113.99995440001824
170.38360000005923	113.99995440001824
170.90951300004963	113.99995440001824
171.43705300008878	113.99995440001824
171.96331900008954	113.99995440001824
172.4890060001053	113.99995440001824
173.0166030001128	113.99995440001824
173.54200600006152	173.99979120025057
173.8690550000174	173.99979120025057
174.21331800008193	173.99979120025057
174.559164000093	173.99979120025057
174.90324500005227	173.99979120025057
175.24698500009254	173.99979120025057
175.59246500011068	200.0
175.8786980001023	200.0
176.17906300001778	200.0
176.48005000001285	200.0
176.77871600002982	200.0
177.0789470000891	200.0
177.3794250000501	200.0
177.6788420000812	200.0
177.9793940000236	200.0
178.27861500007566	200.0
178.5786870000884	200.0
178.87844300002325	200.0
179.1784640001133	200.0
179.47868500009645	200.0
179.7784330000868	177.99981606685674
179.81448100006673	177.99981606685674
180.15401600010227	177.99981606685674
180.48818300000858	177.99981606685674
180.82537299999967	177.99981606685674
181.16228400007822	177.99981606685674
181.49919000000227	177.99981606685674
181.8367750000907	177.99981606685674
182.17335300007835	184.0
182.49332000000868	184.0
182.819482000079	184.0
183.14547500002664	184.0
183.4716470000567	184.0
183.79735300003085	184.0
184.12401200004388	184.0
184.44950900005642	184.0
184.77704400010407	184.0
185.10282000002917	184.0
185.42972900008317	184.0
185.75404300005175	78.9999657666815
186.09027400007471	78.9999657666815
186.84948200010695	78.9999657666815
187.61014000000432	78.9999657666815
188.37044500000775	201.999798000202
188.4344670000719	201.999798000202
188.73161400004756	201.999798000202
189.0283950000303	201.999798000202
189.32568900007755	201.999798000202
189.62359400000423	201.999798000202
189.9198730000062	201.999798000202
190.21710000000894	201.999798000202
190.51386700000148	201.999798000202
190.81132300000172	201.999798000202
191.1085520000197	201.999798000202
191.40475000010338	201.999798000202
191.70212100003846	86.0
191.96680900000501	86.0
192.66390700009651	86.0
193.36168500001077	86.0
194.05956900003366	86.0
194.7578630000353	86.0
195.4547330000205	86.0
196.15239000006113	86.0
196.84970600006636	86.0
197.54765000008047	86.0
198.24549600004684	86.0
198.9428650001064	86.0
199.64089400006924	86.0
200.33824000007007	86.0
201.03607800009195	86.0
201.73465400002897	86.0
202.43205500009935	86.0
203.1292550000362	86.0
203.8264190000482	86.0
204.52551800000947	86.0
205.22207300004084	86.0
205.91961700003594	86.0
206.6182250001002	86.0
207.31607600010466	86.0
208.01271300006192	86.0
208.7104250000557	86.0
209.40789900009986	86.0
210.10589300002903	86.0
210.8034870000556	86.0
211.50127300003078	86.0
212.19859800010454	86.0
212.8984080000082	86.0
213.59412900009193	86.0
214.29172700003255	86.0
214.99033700011205	86.0
215.6885590000311	86.0
216.38454100000672	86.0
217.0827860001009	86.0
217.78035800007638	86.0
218.47930300002918	86.0
219.17545100010466	86.0
219.87368300009985	86.0
220.57135100010782	86.0
221.2684720000252	86.0
221.9663710000459	86.0
222.66397700004745	86.0
223.36184100003447	86.0
224.05885000003036	86.0
224.75659200001974	86.0
225.45468600001186	86.0
226.15211200003978	86.0
226.84986300009768	86.0
227.54840300010983	86.0
228.24645400000736	86.0
228.94342500006314	86.0
229.64036700001452	86.0
230.33822400006466	86.0
231.03708500007633	86.0
231.7345810000552	86.0
232.43124800000805	86.0
233.12926000007428	86.0
233.8268120000139	86.0
234.52436000003945	86.0
235.22253300005104	86.0
235.9204370001098	86.0
236.61792700004298	86.0
237.31525400001556	86.0
238.01282500009984	86.0
238.71059100003913	86.0
239.40806900011376	86.0
240.10757600003853	86.0
240.80470400000922	86.0
241.5011550000636	86.0