0.007849999936297536	120.0
0.500478999922052	120.0
1.0003349999897182	120.0
1.505555999930948	120.0
2.000224999967031	120.0
2.501018999959342	120.0
3.0007169999880716	120.0
3.500569999916479	120.0
4.00104099989403	120.0
4.500636999960989	120.0
5.002287999959663	120.0
5.501739999977872	120.0
6.001636000000872	120.0
6.502641999977641	120.0
7.000585999921896	120.0
7.500430999905802	120.0
8.0095029999502	120.0
8.500655999989249	120.0
9.000541999936104	120.0
9.500427999999374	120.0
10.001851999899372	120.0
10.500883999979123	120.0
11.001885999925435	120.0
11.501129999989644	120.0
12.000558999949135	120.0
12.501231999951415	120.0
13.002468999940902	120.0
13.500800999929197	120.0
14.001533999922685	120.0
14.500751999905333	120.0
15.001548999920487	120.0
15.501587999984622	120.0
16.00155599997379	120.0
16.50034799997229	120.0
17.002175999921747	120.0
17.500326999928802	120.0
18.001537999953143	120.0
18.500783999916166	120.0
19.000582000007853	120.0
19.502544999937527	120.0
20.000408999971114	120.0
20.502081999904476	120.0
21.00073099997826	120.0
21.501225999905728	120.0
22.00232299999334	120.0
22.50164999999106	120.0
23.00058100000024	120.0
23.50028299994301	120.0
24.001560999895446	120.0
24.50062700000126	120.0
25.00038099999074	120.0
25.50081399991177	120.0
26.001769999973476	120.0
26.502017999999225	120.0
27.000534999999218	120.0
27.50110599992331	120.0
28.00075099989772	120.0
28.500625999993645	120.0
29.002095000003465	120.0
29.501000999938697	120.0
30.000419999938458	120.0
30.501235999981873	156.000156000156
30.734704999951646	156.000156000156
31.118523999932222	156.000156000156
31.503214999916963	156.000156000156
31.888081999961287	156.000156000156
32.272084999945946	156.000156000156
32.65743999998085	156.000156000156
33.04337499989197	172.99990485005233
33.27160300000105	172.99990485005233
33.61850499990396	172.99990485005233
33.96572799992282	172.99990485005233
34.31217900000047	172.99990485005233
34.65980899997521	172.99990485005233
35.00574399996549	172.99990485005233
35.353822999983095	172.99990485005233
35.70061899989378	172.99990485005233
36.04661299998406	172.99990485005233
36.393127999966964	172.99990485005233
36.74075599992648	102.0000510000255
36.74996899999678	102.0000510000255
37.337544999900274	102.0000510000255
37.9257440000074	102.0000510000255
38.513508999953046	102.0000510000255
39.10341799992602	71.00003550001774
39.622741999919526	71.00003550001774
40.46748399990611	71.00003550001774
41.31204799993429	71.00003550001774
42.15732199989725	71.00003550001774
43.00384299992584	96.99995311668933
43.32646999997087	96.99995311668933
43.944653999991715	96.0
43.95060899993405	96.0
44.575236000004224	96.0
45.20217399997637	96.0
45.82529599999543	96.0
46.45051199989393	96.0
47.07549699989613	96.0
47.70002799993381	96.0
48.32604399998672	96.0
48.950101999915205	96.0
49.575812999974005	106.99993580003851
49.96930199989583	106.99993580003851
50.530766999931075	106.99993580003851
51.09162199997809	117.99990166674861
51.501239000004716	117.99990166674861
52.010041999979876	117.99990166674861
52.51966399990488	117.99990166674861
53.027124999905936	117.99990166674861
53.535600999952294	150.0
53.93038399994839	150.0
54.33135199989192	150.0
54.73016299994197	150.0
55.13041599991266	150.0
55.53021199989598	150.0
55.92981699993834	150.0
56.32998499996029	150.0
56.73022099991795	69.00001725000432
56.80478399991989	69.00001725000432
57.67567699996289	69.00001725000432
58.543556999997236	69.00001725000432
59.414976999978535	69.00001725000432
60.28322599991225	69.00001725000432
61.15238799992949	204.9999487500128
61.33853299997281	204.9999487500128
61.631546999909915	204.9999487500128
61.924235999933444	204.9999487500128
62.21635499992408	204.9999487500128
62.50963200000115	204.9999487500128
62.801582999993116	204.9999487500128
63.09479699993972	204.9999487500128
63.390973999979906	207.00005175001294
63.66489599994384	207.00005175001294
63.95467399992049	207.00005175001294
64.24511799996253	207.00005175001294
64.53440299991053	207.00005175001294
64.82410199998412	207.00005175001294
65.11392099992372	207.00005175001294
65.40421700000297	207.00005175001294
65.69381699990481	207.00005175001294
65.9837679999182	207.00005175001294
66.27493399998639	207.00005175001294
66.56324799999129	207.00005175001294
66.85482199990656	162.000162000162
67.03286999999546	162.000162000162
67.40553499991074	162.000162000162
67.77411699993536	218.99968245046045
68.00690699997358	218.99968245046045
68.2815319999354	218.99968245046045
68.55557199998293	218.99968245046045
68.82994699990377	218.99968245046045
69.10318899992853	218.99968245046045
69.37721799989231	218.99968245046045
69.65138399996795	218.99968245046045
69.92536799993832	218.99968245046045
70.1998489999678	218.99968245046045
70.47478099993896	218.99968245046045
70.74714299989864	218.99968245046045
71.02095199993346	218.99968245046045
71.29477599996608	218.99968245046045
71.56907399999909	218.99968245046045
71.84456199989654	62.99999685000016
72.25740899995435	62.99999685000016
73.21103899995796	62.99999685000016
74.16195599990897	156.0
74.25877499999478	156.0
74.64359599992167	156.0
75.02882899995893	156.0
75.41308999992907	156.0
75.79717799997889	156.0
76.18341900000814	156.0
76.56632399989758	156.0
76.9509249998955	156.0
77.33598400000483	156.0
77.7200029999949	156.0
78.10476099990774	36.99999136666868
79.36980299989227	36.99999136666868
80.99010999989696	152.99994645001874
81.19640199991409	152.99994645001874
81.58922799990978	152.99994645001874
81.98102899990045	152.99994645001874
82.37459099991247	152.99994645001874
82.76556899992283	152.99994645001874
83.15736799989827	152.99994645001874
83.55029699997976	152.99994645001874
83.9411919999402	72.0
84.19596099993214	72.0
85.03047899994999	72.0
85.86313799989875	57.999986466669824
85.89721500000451	57.999986466669824
86.93290699995123	57.999986466669824
87.96716699993704	57.999986466669824
89.00076599989552	57.999986466669824
90.03509499994107	214.99982083348263
90.08174699998926	214.99982083348263
90.362102999934	214.99982083348263
90.64067999995314	214.99982083348263
90.91929899994284	214.99982083348263
91.1980709999334	214.99982083348263
91.4765999999363	214.99982083348263
91.75622199999634	202.99965828390856
91.75794299994595	202.99965828390856
92.05397199990693	202.99965828390856
92.34978199994657	202.99965828390856
92.64474599994719	202.99965828390856
92.94094299990684	202.99965828390856
93.2356429999927	202.99965828390856
93.5312209998956	202.99965828390856
93.82732099993154	202.99965828390856
94.12235899991356	202.99965828390856
94.41841499996372	202.99965828390856
94.71393699990585	202.99965828390856
95.01027899992187	202.99965828390856
95.30485699989367	202.99965828390856
95.60063999996055	202.99965828390856
95.8962069998961	180.99984313346928
95.91902399994433	180.99984313346928
96.24870599992573	180.99984313346928
96.58126499992795	180.99984313346928
96.91265600000042	180.99984313346928
97.24480799993034	180.99984313346928
97.57456999993883	180.99984313346928
97.90646899992134	120.0
98.0017939999234	120.0
98.5017649999354	120.0
99.00225699995644	120.0
99.50103199994192	120.0
100.00303099991288	120.0
100.50097099994309	120.0
101.00091800000519	120.0
101.5012009999482	120.0
102.00323699996807	116.00008506672904
102.0107709999429	116.00008506672904
102.52881099993829	116.00008506672904
103.04542399989441	116.00008506672904
103.56262099999003	116.00008506672904
104.08118300000206	153.0
104.38563799997792	153.0
104.7785519999452	153.0
105.17091999994591	153.0
105.56159900000785	153.0
105.95504299993627	153.0
106.34612799994648	153.0
106.73837399994954	153.0
107.13163999991957	153.0
107.52289399993606	153.0
107.91484999994282	153.0
108.30687699990813	153.0
108.69981499994174	153.0
109.09108299994841	153.0
109.4852569999639	109.99990833340972
109.94595599989407	109.99990833340972
110.49106599995866	109.99990833340972
111.03689799993299	211.00014066676044
111.22023699991405	211.00014066676044
111.50486599991564	211.00014066676044
111.78890799998771	211.00014066676044
112.07328099990264	211.00014066676044
112.35844300000463	211.00014066676044
112.64207499998156	211.00014066676044
112.92764099990018	211.00014066676044
113.21125699998811	211.00014066676044
113.49515699991025	211.00014066676044
113.77984599990305	144.0
113.80185099993832	144.0
114.2203359999694	144.0
114.63561399991158	144.0
115.05248999991454	144.0
115.46864799992181	144.0
115.88593099999707	144.0
116.30198399990331	144.0
116.71902699989732	144.0
117.1357559999451	137.99987580011177
117.1724089999916	137.99987580011177
117.6067809999222	137.99987580011177
118.04302999994252	137.99987580011177
118.47661299991887	137.99987580011177
118.91103699989617	137.99987580011177
119.34582299995236	137.99987580011177
119.78056399989873	137.99987580011177
120.21554399991874	137.99987580011177
120.6517289999174	137.99987580011177
121.08485799992923	123.99999173333389
121.17283599998336	123.99999173333389
121.656753999996	123.99999173333389
122.14063399995212	123.99999173333389
122.6245629999321	123.99999173333389
123.10827699990477	123.99999173333389
123.59381999995094	140.99997180000565
123.8611759999767	140.99997180000565
124.28694399993401	140.99997180000565
124.71303499990609	140.99997180000565
125.13836699991953	140.99997180000565
125.56332099996507	140.99997180000565
125.98983799992129	140.99997180000565
126.41451299993787	140.99997180000565
126.8412599998992	140.99997180000565
127.26521899993531	38.99998830000351
128.10769099998288	38.99998830000351
129.64524599991273	64.99999458333379
130.01607599994168	64.99999458333379
130.9407629999332	64.99999458333379
131.86255099996924	64.99999458333379
132.7854169999482	64.99999458333379
133.70927399990615	113.00009605008164
134.18852099997457	104.0
134.21638999995776	104.0
134.79389799991623	104.0
135.37054399994668	104.0
135.94842199992854	104.0
136.5251350000035	104.0
137.10125299997162	104.0
137.67793499992695	104.0
138.2553970000008	104.0
138.83220499998424	104.0
139.4093719999073	59.00000885000133
140.2065429999493	59.00000885000133
141.22347699990496	122.99996925000768
141.24252299999353	122.99996925000768
141.7311650000047	122.99996925000768
142.21845199994277	122.99996925000768
142.70636599999852	122.99996925000768
143.19385499996133	122.99996925000768
143.6827649999177	122.99996925000768
144.17060299997684	143.0
144.54863499989733	143.0
144.9690239999909	143.0
145.3873939999612	143.0
145.80703999998514	143.0
146.2264899999136	143.0
146.64656099991407	143.0
147.06604800000787	215.99982720013824
147.1481799999019	215.99982720013824
147.42510199989192	215.99982720013824
147.70377999998163	215.99982720013824
147.98125999991316	215.99982720013824
148.25836300000083	215.99982720013824
148.53588499990292	215.99982720013824
148.81374899996445	215.99982720013824
149.09166999999434	215.99982720013824
149.37101000000257	215.99982720013824
149.64705099991988	215.99982720013824
149.92548199999146	215.99982720013824
150.20313599996734	215.99982720013824
150.48131999990437	215.99982720013824
150.75843199994415	215.99982720013824
151.03654599993024	80.99997165000993
151.29660999996122	80.99997165000993
152.03794799989555	80.99997165000993
152.77876499993727	80.99997165000993
153.52027099998668	115.00002875000719
153.7061939999694	115.00002875000719
154.22843399993144	115.00002875000719
154.75012099999003	115.00002875000719
155.27218199998606	115.00002875000719
155.79529399995226	115.00002875000719
156.31478699995205	115.00002875000719
156.83708299999125	115.00002875000719
157.35918499995023	131.00007641671124
157.7082839999348	131.00007641671124
158.16591099998914	101.00006901671382
158.2064389999723	101.00006901671382
158.80075399996713	101.00006901671382
159.3945469999453	101.00006901671382
159.98836799990386	101.00006901671382
160.58231500000693	101.00006901671382
161.177018999937	101.00006901671382
161.77137499989476	101.00006901671382
162.36501700000372	192.0
162.52089899999555	192.0
162.8321579999756	192.0
163.14532399992459	192.0
163.45747799996752	192.0
163.77092699997593	192.0
164.0823959999252	103.0
164.12541999993846	103.0
164.70741299993824	103.0
165.2898699999787	103.0
165.87384699995164	103.0
166.45444000000134	103.0
167.03722599998582	103.0
167.61962499993388	103.0
168.20230099989567	218.00028340036843
168.38954899995588	218.00028340036843
168.6646779999137	218.00028340036843
168.93943899997976	218.00028340036843
169.21479599992745	218.00028340036843
169.49037499993574	218.00028340036843
169.76517099991906	218.00028340036843
170.0403599999845	218.00028340036843
170.31534400000237	154.99990958338608
170.42884899990167	154.99990958338608
170.81598099996336	154.99990958338608
171.20310699997935	154.99990958338608
171.59144299989566	154.99990958338608
171.977392999921	154.99990958338608
172.3645039999392	154.99990958338608
172.75364299991634	154.99990958338608
173.1382459999295	154.99990958338608
173.5254769999301	154.99990958338608
173.91265099996235	154.99990958338608
174.30121599999256	148.0
174.31214599998202	148.0
174.7182599999942	148.0
175.1233409999404	148.0
175.52936899999622	148.0
175.9335499999579	148.0
176.34203399997205	192.0
176.58321499999147	192.0
176.89567499991972	192.0
177.20907999994233	192.0
177.52208599995356	192.0
177.83432799996808	192.0
178.14542600000277	192.0
178.45811000000685	192.0
178.7718739999691	192.0
179.08400599996094	192.0
179.3954349999549	192.0
179.7085579999257	192.0
180.02068999991752	192.0
180.334380999906	185.000185000185
180.3450629999861	185.000185000185
180.66870799998287	185.000185000185
180.99310099997092	185.000185000185
181.31761599995662	185.000185000185
181.64219799998682	185.000185000185
181.96578799991403	185.000185000185
182.2908569999272	209.00024731695933
182.54883399989922	209.00024731695933
182.8358189999126	209.00024731695933
183.12365399999544	209.00024731695933
183.41155499999877	209.00024731695933
183.6974029999692	209.00024731695933
183.98396199999843	209.00024731695933
184.2729569999501	209.00024731695933
184.55817299999762	209.00024731695933
184.84550199995283	209.00024731695933
185.13217100000475	209.00024731695933
185.41919499996584	209.00024731695933
185.70636999991257	209.00024731695933
185.99328099994455	209.00024731695933
186.28205399995204	213.99987160007703
186.55547599995043	213.99987160007703
186.8363309999695	213.99987160007703
187.1170769999735	213.99987160007703
187.3976609999081	213.99987160007703
187.6772929999279	213.99987160007703
187.95830999989994	213.99987160007703
188.23919100000057	192.99989385005838
188.25842599989846	192.99989385005838
188.5706089999294	192.99989385005838
188.88027699990198	192.99989385005838
189.191073999973	192.99989385005838
189.50181399995927	192.99989385005838
189.81263499998022	192.99989385005838
190.1255119999405	192.99989385005838
190.43421300000045	192.99989385005838
190.7455670000054	192.99989385005838
191.05621899990365	192.99989385005838
191.36740099999588	192.99989385005838
191.6785469999304	192.99989385005838
191.9886959999567	192.99989385005838
192.30110499996226	97.9999836666694
192.54249299992807	97.9999836666694
193.1543759999331	97.9999836666694
193.76641499996185	97.9999836666694
194.37891799991485	205.0
194.50233799999114	205.0
194.79483999998774	205.0
195.08630599989556	205.0
195.37916099990252	205.0
195.67369799991138	205.0
195.96393799991347	205.0
196.2566859999206	205.0
196.54971999989357	205.0
196.84354099992197	205.0
197.13506000000052	205.0
197.42776699992828	205.0
197.72038499999326	205.0
198.01556400000118	205.0
198.30593699996825	205.0
198.59854499995708	205.0
198.89120600000024	205.0
199.18499699991662	205.0
199.47657999990042	205.0
199.7688489999855	205.0
200.06191899999976	205.0
200.35484899999574	205.0
200.64835399994627	205.0
200.94102499994915	205.0
201.23268399992958	205.0
201.52568099997006	205.0
201.81842199992388	205.0
202.1106119999895	205.0
202.40385299990885	205.0
202.6959589999169	205.0
202.9888959999662	205.0
203.28330499993172	205.0
203.57395499991253	205.0
203.86725299991667	205.0
204.1609569999855	205.0
204.45202399999835	205.0
204.74620399996638	205.0
205.0375289999647	205.0
205.32991400000174	205.0
205.62519900000188	205.0
205.9155089999549	205.0
206.2087579999352	205.0
206.5018169999821	205.0
206.79330199991819	205.0
207.0865149999736	205.0
207.38048199994955	205.0
207.67132999992464	205.0
207.9650149999652	205.0
208.25763199990615	205.0
208.5522869999986	205.0
208.8422169999685	205.0
209.13506499992218	205.0
209.42769599996973	205.0
209.72032799990848	205.0
210.0131279999623	205.0
210.30593099992257	205.0
210.59940299997106	205.0
210.89311999990605	205.0
211.18370099994354	205.0
211.47634999989532	205.0
211.7699759999523	205.0
212.0633379999781	205.0
212.35461399995256	205.0
212.64836299989838	205.0
212.94165599998087	205.0
213.23416599992197	205.0
213.52511399996	205.0
213.81774299999233	205.0
214.11020699993242	205.0
214.4043099998962	205.0
214.69601999991573	205.0
214.98853099998087	205.0
215.2813389999792	205.0
215.57407499989495	205.0
215.8666459999513	205.0
216.159956999938	205.0
216.45386299991515	205.0
216.74484499997925	205.0
217.0375069999136	205.0
217.33176199998707	205.0
217.62288999999873	205.0
217.9156119999243	205.0
218.2093729999615	205.0
218.50070999993477	205.0
218.79323199996725	205.0
219.0864129998954	205.0
219.38020099990536	205.0
219.67222899990156	205.0
219.96443900000304	205.0
220.2570709999418	205.0
220.5499229999259	205.0
220.84291599993594	205.0
221.13505599997006	205.0
221.42777700000443	205.0
221.72227999998722	205.0
222.0142849999247	205.0
222.30545399989933	205.0
222.59977400000207	205.0
222.89126599999145	205.0
223.18568999995477	205.0
223.47666799998842	205.0
223.76938199996948	205.0
224.06378899991978	205.0
224.35542199993506	205.0
224.6469419999048	205.0
224.94119299994782	205.0
225.23232599999756	205.0
225.5249339999864	205.0
225.81863299990073	205.0
226.11076700000558	205.0
226.40533699991647	205.0
226.6962019999046	205.0
226.98929299996234	205.0
227.28160099999513	205.0
227.5751159999054	205.0
227.86654499999713	205.0
228.16054799989797	205.0
228.45384899992496	205.0
228.74505899997894	205.0
229.03828699991573	205.0
229.33153699990362	205.0
229.62421899999026	205.0
229.915767999948	205.0
230.20884599990677	205.0
230.50052199990023	205.0
230.79470899992157	205.0
231.08622800000012	205.0
231.37882099999115	205.0
231.67322699993383	205.0
231.96390899992548	205.0


2.0054109999909997	120.0
2.5007069999119267	120.0
3.000344999949448	120.0
3.5002959999255836	120.0
4.000791999977082	120.0
4.500357999932021	120.0
5.001994999940507	120.0
5.501539999968372	120.0
6.001644999952987	120.0
6.502259999979287	120.0
7.000295999925584	120.0
7.500772999948822	120.0
8.023928999900818	120.0
8.50031399994623	120.0
9.00034099991899	120.0
9.500862999935634	120.0
10.002080000005662	120.0
10.500618999940343	120.0
11.001597999944352	120.0
11.501439999905415	120.0
12.000752999912947	120.0
12.5013269999763	120.0
13.002816999913193	120.0
13.501091999933124	120.0
14.001839999924414	120.0
14.501490999944508	120.0
15.001548999920487	120.0
15.502031999989413	120.0
16.000206999946386	120.0
16.500811000005342	120.0
17.001958999899216	120.0
17.50084999995306	120.0
18.002017999999225	120.0
18.500823999987915	120.0
19.000633999938145	120.0
19.5023429999128	120.0
20.000391999958083	120.0
20.502100999932736	120.0
21.000285999965854	120.0
21.501465999986976	120.0
22.00250199995935	120.0
22.501900999923237	120.0
23.001017999951728	120.0
23.500544999958947	120.0
24.001851999899372	120.0
24.50060599995777	120.0
25.00045599997975	120.0
25.501041999901645	120.0
26.00151599990204	120.0
26.50166999991052	120.0
27.000383000005968	120.0
27.501337999943644	120.0
28.00073099997826	120.0
28.500335999997333	120.0
29.002095000003465	120.0
29.50078699993901	120.0
30.000419999938458	156.0
30.348983999923803	156.0
30.734704999951646	156.0
31.11887599993497	156.0
31.502958999946713	156.0
31.887979999999516	156.0
32.27210299996659	156.0
32.657414999906905	156.0
33.04336199990939	172.99990485005233
33.272040999960154	172.99990485005233
33.6188859998947	172.99990485005233
33.96541899989825	172.99990485005233
34.31217900000047	172.99990485005233
34.65988499997184	172.99990485005233
35.00610899995081	172.99990485005233
35.35423499997705	172.99990485005233
35.70001199992839	172.99990485005233
36.04682099993806	172.99990485005233
36.39367999997921	172.99990485005233
36.74073899991345	102.0000510000255
36.74991999997292	102.0000510000255
37.337544999900274	102.0000510000255
37.925492999958806	102.0000510000255
38.51345699990634	102.0000510000255
39.1034379999619	71.00003550001774
39.622762999963015	71.00003550001774
40.467895999900065	71.00003550001774
41.312057000002824	71.00003550001774
42.15730699989945	71.00003550001774
43.00405599991791	96.99995311668933
43.32604699989315	96.99995311668933
43.944863999960944	96.0
43.950282000005245	96.0
44.57571999996435	96.0
45.20232699997723	96.0
45.82601699989755	96.0
46.450783999986015	96.0
47.07645199995022	96.0
47.700591999921016	96.0
48.3251909998944	96.0
48.95078099996317	96.0
49.57550499995705	106.99993580003851
49.96985299990047	106.99993580003851
50.5312359998934	118.0
50.99289199989289	118.0
51.50151099998038	118.0
52.01039299997501	118.0
52.52017099992372	118.0
53.02811399998609	118.0
53.53909299999941	150.0
53.930638999911025	150.0
54.33168399997521	150.0
54.7297569999937	150.0
55.13061399990693	150.0
55.53069299994968	150.0
55.93033000000287	150.0
56.32977299997583	150.0
56.7299729998922	69.00001725000432
56.80445900000632	69.00001725000432
57.67539299989585	69.00001725000432
58.54378999990877	69.00001725000432
59.41539699991699	69.00001725000432
60.283010999904945	205.0
60.460067999898456	205.0
60.75301799993031	205.0
61.0453559999587	205.0
61.33810799999628	205.0
61.631090999930166	205.0
61.92419999989215	205.0
62.21611799998209	205.0
62.50928899995051	205.0
62.80180699995253	205.0
63.094535999931395	205.0
63.39077899989206	207.00005175001294
63.66491299995687	207.00005175001294
63.95442599989474	207.00005175001294
64.2451519999886	207.00005175001294
64.53461099998094	207.00005175001294
64.82450699992478	207.00005175001294
65.11410799995065	207.00005175001294
65.40421700000297	207.00005175001294
65.69366499991156	207.00005175001294
65.98385999992024	207.00005175001294
66.27520499995444	207.00005175001294
66.5635009999387	207.00005175001294
66.8545349999331	162.000162000162
67.03229399991687	162.000162000162
67.40530499990564	162.000162000162
67.77400199999101	218.99968245046045
68.00694699992891	218.99968245046045
68.28146299999207	218.99968245046045
68.55518599995412	218.99968245046045
68.82994699990377	218.99968245046045
69.1033339999849	218.99968245046045
69.37720699992497	218.99968245046045
69.65163699991535	218.99968245046045
69.9250109998975	218.99968245046045
70.20027099992149	218.99968245046045
70.47502499993425	218.99968245046045
70.74729799991474	218.99968245046045
71.0211029999191	218.99968245046045
71.29501000000164	218.99968245046045
71.56869299989194	218.99968245046045
71.84414499998093	62.99999685000016
72.25719399994705	62.99999685000016
73.21072599990293	62.99999685000016
74.16207099996973	156.000156000156
74.25855299993418	156.000156000156
74.64362699992489	156.000156000156
75.02881699998397	156.000156000156
75.41328099998645	156.000156000156
75.79701199999545	156.000156000156
76.18299099989235	156.000156000156
76.56597899994813	156.000156000156
76.95062499993946	156.000156000156
77.33571199991275	156.000156000156
77.7197809999343	156.000156000156
78.10451199999079	36.99999136666868
79.36944399995264	36.99999136666868
80.98988099989947	153.0
81.19613199995365	153.0
81.58895000000484	153.0
81.98127999994904	153.0
82.37481999990996	153.0
82.76534699997865	153.0
83.15729399991687	153.0
83.5495139999548	153.0
83.94116099993698	72.00002880001152
84.19618400000036	72.00002880001152
85.0301089999266	72.00002880001152
85.86365299997851	57.999986466669824
85.89723999996204	57.999986466669824
86.9339939999627	57.999986466669824
87.96698099991772	57.999986466669824
89.00076599989552	57.999986466669824
90.03516199998558	215.0
90.08130399999209	215.0
90.36190199991688	215.0
90.64088799990714	215.0
90.91975799994543	215.0
91.19786399998702	215.0
91.47685599990655	215.0
91.7558639999479	202.99965828390856
91.75795899995137	202.99965828390856
92.05378899991047	202.99965828390856
92.34968300000764	202.99965828390856
92.64475699991453	202.99965828390856
92.9405389999738	202.99965828390856
93.23595799994655	202.99965828390856
93.5316429999657	202.99965828390856
93.82715099991765	202.99965828390856
94.122895999928	202.99965828390856
94.41785599989817	202.99965828390856
94.71365599997807	202.99965828390856
95.01001099997666	202.99965828390856
95.30461699992884	202.99965828390856
95.60017999995034	202.99965828390856
95.89575899997726	180.99984313346928
95.9176289999159	180.99984313346928
96.24920399999246	180.99984313346928
96.5815129999537	180.99984313346928
96.91322699992452	180.99984313346928
97.24429599998984	180.99984313346928
97.57479899993632	180.99984313346928
97.90671899996232	120.0
98.001511999988	120.0
98.50182699994184	120.0
99.00226999993902	120.0
99.50126900000032	120.0
100.00296399998479	120.0
100.50139299989678	120.0
101.00090599991381	120.0
101.50097900000401	120.0
102.0029799999902	116.00008506672904
102.01050199999008	116.00008506672904
102.5286629999755	116.00008506672904
103.04564199992456	116.00008506672904
103.56220799998846	116.00008506672904
104.08139799989294	152.99994645001874
104.38503199990373	152.99994645001874
104.77881599997636	152.99994645001874
105.17151499993633	152.99994645001874
105.56236999994144	152.99994645001874
105.95381999993697	152.99994645001874
106.34583899995778	152.99994645001874
106.73799699998926	152.99994645001874
107.13163999991957	152.99994645001874
107.52288599999156	152.99994645001874
107.91482099995483	152.99994645001874
108.30720199993812	152.99994645001874
108.70012399996631	152.99994645001874
109.09123199991882	109.99990833340972
109.4001500000013	109.99990833340972
109.945713999914	109.99990833340972
110.4907869999297	211.0
110.65149499999825	211.0
110.93588199990336	211.0
111.22025699994992	211.0
111.50477599992882	211.0
111.78890799998771	211.0
112.07375599991065	211.0
112.35829000000376	211.0
112.6421219999902	211.0
112.92764999996871	211.0
113.21070699999109	211.0
113.49544599989895	211.0
113.77952099998947	143.99988480009216
113.80208499997389	143.99988480009216
114.22005399991758	143.99988480009216
114.63548699999228	143.99988480009216
115.05208099994343	143.99988480009216
115.46880499995314	143.99988480009216
115.8859919999959	143.99988480009216
116.30208399996627	143.99988480009216
116.71913899993524	143.99988480009216
117.1356069999747	137.99987580011177
117.17212899995502	137.99987580011177
117.60635699995328	137.99987580011177
118.04324299993459	137.99987580011177
118.47663199994713	137.99987580011177
118.91106799989939	137.99987580011177
119.3457509999862	137.99987580011177
119.78059399989434	137.99987580011177
120.21544199995697	137.99987580011177
120.65164599998388	124.0
120.68868999998085	124.0
121.17307899997104	124.0
121.65652699989732	124.0
122.14020499994513	124.0
122.62431300000753	124.0
123.10852499993052	124.0
123.59347299998626	140.99997180000565
123.86066599993501	140.99997180000565
124.28645999997389	140.99997180000565
124.71306499990169	140.99997180000565
125.13867699995171	140.99997180000565
125.56338399997912	140.99997180000565
125.98924399993848	140.99997180000565
126.41406699991785	140.99997180000565
126.84061399998609	140.99997180000565
127.26524899993092	38.99998830000351
128.1079809999792	38.99998830000351
129.64548199996352	64.99999458333379
130.01611099997535	64.99999458333379
130.94100899994373	64.99999458333379
131.86238799989223	64.99999458333379
132.78594400000293	64.99999458333379
133.7093669999158	113.00009605008164
134.18850299995393	104.00001386666851
134.2163779999828	104.00001386666851
134.79352299997117	104.00001386666851
135.37029299989808	104.00001386666851
135.9485149999382	104.00001386666851
136.5251350000035	104.00001386666851
137.10131499997806	104.00001386666851
137.67839299992193	104.00001386666851
138.25528099993244	104.00001386666851
138.8318689999869	104.00001386666851
139.4090229999274	59.00000885000133
140.20634699997026	59.00000885000133
141.22384099999908	123.0
141.2431739999447	123.0
141.73030999989714	123.0
142.21868699998595	123.0
142.7059729999164	123.0
143.1940319999121	123.0
143.68287199991755	123.0
144.17036799993366	143.000143000143
144.5486459999811	143.000143000143
144.968586999923	143.000143000143
145.38717399991583	143.000143000143
145.80674299993552	143.000143000143
146.22630599990953	143.000143000143
146.64651499991305	143.000143000143
147.06599599996116	215.99982720013824
147.14792499993928	215.99982720013824
147.42465599998832	215.99982720013824
147.70383999997284	215.99982720013824
147.98041199997533	215.99982720013824
148.2583689999301	215.99982720013824
148.53616699995473	215.99982720013824
148.81446999998298	215.99982720013824
149.09141699993052	215.99982720013824
149.370804999955	215.99982720013824
149.6474229999585	215.99982720013824
149.92529099993408	215.99982720013824
150.20297399989795	215.99982720013824
150.48116999992635	81.0
150.55584799998906	81.0
151.29685099993367	81.0
152.03776099998504	81.0
152.77854999992996	81.0
153.52018999995198	115.00002875000719
153.70593099994585	115.00002875000719
154.22858799993992	115.00002875000719
154.74991299991962	115.00002875000719
155.27189199998975	115.00002875000719
155.79495299991686	115.00002875000719
156.31478699995205	115.00002875000719
156.83665199996904	115.00002875000719
157.35890499991365	131.00007641671124
157.70838500000536	131.00007641671124
158.16579599992838	101.00006901671382
158.20615199999884	101.00006901671382
158.80075399996713	101.00006901671382
159.39445399993565	101.00006901671382
159.98815999994986	101.00006901671382
160.58257500000764	101.00006901671382
161.1766489999136	101.00006901671382
161.77154399990104	101.00006901671382
162.3652079999447	192.0
162.52096399990842	192.0
162.83208599989302	192.0
163.14532399992459	192.0
163.457868999918	192.0
163.7710059999954	192.0
164.08229699998628	103.0000480666891
164.1258379999781	103.0000480666891
164.707231999957	103.0000480666891
165.28970399999525	103.0000480666891
165.87337399995886	103.0000480666891
166.4546009999467	103.0000480666891
167.0370750000002	103.0000480666891
167.6191589999944	103.0000480666891
168.2025109999813	218.00028340036843
168.38922599994112	218.00028340036843
168.66440199990757	218.00028340036843
168.93928299995605	218.00028340036843
169.2145689999452	218.00028340036843
169.49060599994846	218.00028340036843
169.76490899990313	218.00028340036843
170.04060299997218	155.0
170.04146199999377	155.0
170.42863899993245	155.0
170.81607899989467	155.0
171.20304499997292	155.0
171.59127299999818	155.0
171.97729099995922	155.0
172.3645039999392	155.0
172.75372499995865	155.0
173.1382459999295	155.0
173.5254769999301	155.0
173.91251699998975	155.0
174.3009899999015	148.000148000148
174.31196399999317	148.000148000148
174.71763699990697	148.000148000148
175.1233409999404	148.000148000148
175.52981599990744	148.000148000148
175.9335499999579	148.000148000148
176.34206599998288	192.0
176.5834029999096	192.0
176.89569299994037	192.0
177.20885799999814	192.0
177.52168399991933	192.0
177.83380599995144	192.0
178.14585999993142	192.0
178.4578609999735	192.0
178.77163499989547	192.0
179.08433599991258	192.0
179.3954429998994	192.0
179.70858499989845	192.0
180.02049999998417	192.0
180.33448699989822	185.0
180.34538799989969	185.0
180.66874499991536	185.0
180.99254199990537	185.0
181.31740800000262	185.0
181.6418849999318	185.0
181.96545699995477	185.0
182.29110699996818	209.00024731695933
182.54858999990392	209.00024731695933
182.83550499996636	209.00024731695933
183.1232799999416	209.00024731695933
183.41175299999304	209.00024731695933
183.69714899989776	209.00024731695933
183.98427599994466	209.00024731695933
184.272755999933	209.00024731695933
184.558483999921	209.00024731695933
184.84571899997536	209.00024731695933
185.13246699993033	209.00024731695933
185.41937999997754	209.00024731695933
185.70661299990024	209.00024731695933
185.99367999995593	209.00024731695933
186.2823099999223	213.99987160007703
186.5557189999381	213.99987160007703
186.83676699991338	213.99987160007703
187.11684899998363	213.99987160007703
187.39730599999893	213.99987160007703
187.67736199998762	213.99987160007703
187.95830999989994	213.99987160007703
188.2387419999577	192.99989385005838
188.2580359999556	192.99989385005838
188.57038799999282	192.99989385005838
188.8797969999723	192.99989385005838
189.1909250000026	192.99989385005838
189.50155899999663	192.99989385005838
189.81240199995227	192.99989385005838
190.12513199995738	192.99989385005838
190.43418399989605	192.99989385005838
190.74527299997862	192.99989385005838
191.05637899995781	192.99989385005838
191.36770199995954	192.99989385005838
191.67853499995545	192.99989385005838
191.98867299989797	192.99989385005838
192.30159199994523	97.9999836666694
192.5426649999572	97.9999836666694
193.15420299989637	97.9999836666694
193.76645799994003	97.9999836666694
194.37918399996124	204.9999487500128
194.50219199992716	204.9999487500128
194.79479099996388	204.9999487500128
195.08631899999455	204.9999487500128
195.37868699990213	204.9999487500128
195.67333699995652	204.9999487500128
195.96413899993058	204.9999487500128
196.25711299991235	204.9999487500128
196.55027299991343	204.9999487500128
196.84388800000306	204.9999487500128
197.13698799989652	204.9999487500128
197.42731999990065	204.9999487500128
197.72021299996413	204.9999487500128
198.01522199995816	204.9999487500128
198.30593699996825	204.9999487500128
198.59864799992647	204.9999487500128
198.89137999992818	204.9999487500128
199.1846909999149	204.9999487500128
199.47636799991596	204.9999487500128
199.76903299998958	204.9999487500128
200.06157899997197	204.9999487500128
200.35456399992108	204.9999487500128
200.6478529999731	204.9999487500128
200.9407179999398	204.9999487500128
201.23222999996506	204.9999487500128
201.52596799994353	204.9999487500128
201.81820399989374	204.9999487500128
202.1108649999369	204.9999487500128
202.4036789999809	204.9999487500128
202.69611799996346	204.9999487500128
202.98862399999052	204.9999487500128
203.28343299997505	204.9999487500128
203.57380099990405	204.9999487500128
203.8672319999896	204.9999487500128
204.16044199990574	204.9999487500128
204.45214099995792	204.9999487500128
204.7459689999232	204.9999487500128
205.03791600000113	204.9999487500128
205.3301199999405	204.9999487500128
205.62539800000377	204.9999487500128
205.9151589999674	204.9999487500128
206.208461000002	204.9999487500128
206.502119999961	204.9999487500128
206.79363899992313	204.9999487500128
207.08681399992201	204.9999487500128
207.3802109999815	204.9999487500128
207.67153599997982	204.9999487500128
207.96560299990233	204.9999487500128
208.25740699993912	204.9999487500128
208.54979399999138	204.9999487500128
208.84243699989747	204.9999487500128
209.13485399994534	204.9999487500128
209.42738499992993	204.9999487500128
209.72010199993383	204.9999487500128
210.01275599992368	204.9999487500128
210.30571599991526	204.9999487500128
210.5991689999355	204.9999487500128
210.89284399989992	204.9999487500128
211.18386999994982	204.9999487500128
211.4761549999239	204.9999487500128
211.7703459999757	204.9999487500128
212.06360399990808	204.9999487500128
212.3548159999773	204.9999487500128
212.6481349999085	204.9999487500128
212.94149699993432	204.9999487500128
213.23439599992707	204.9999487500128
213.52512599993497	204.9999487500128
213.81772900000215	204.9999487500128
214.1105089999037	204.9999487500128
214.40377199999057	204.9999487500128
214.6961939999601	204.9999487500128
214.98883299995214	204.9999487500128
215.28175899991766	204.9999487500128
215.57406099990476	204.9999487500128
215.86702899995726	204.9999487500128
216.15944899991155	204.9999487500128
216.45366100000683	204.9999487500128
216.74505899997894	204.9999487500128
217.037401999929	204.9999487500128
217.3312079999596	204.9999487500128
217.62285899999551	204.9999487500128
217.9160719999345	204.9999487500128
218.20960800000466	204.9999487500128
218.5009059999138	204.9999487500128
218.7933699999703	204.9999487500128
219.0862939999206	204.9999487500128
219.3803959999932	204.9999487500128
219.672186999931	204.9999487500128
219.9641919999849	204.9999487500128
220.25672199996188	204.9999487500128
220.5499229999259	204.9999487500128
220.84308599994984	204.9999487500128
221.13490599999204	204.9999487500128
221.42749199992977	204.9999487500128
221.72212499997113	204.9999487500128
222.0142849999247	204.9999487500128
222.30564299994148	204.9999487500128
222.59939200000372	204.9999487500128
222.8918629999971	204.9999487500128
223.1852329999674	204.9999487500128
223.4764589999104	204.9999487500128
223.76890599995386	204.9999487500128
224.06356599996798	204.9999487500128
224.35490999999456	204.9999487500128
224.64728699997067	204.9999487500128
224.940923999995	204.9999487500128
225.2327589999186	204.9999487500128
225.52534099994227	204.9999487500128
225.81862099992577	204.9999487500128
226.1108509999467	204.9999487500128
226.40530300000682	204.9999487500128
226.69586300000083	204.9999487500128
226.98962899995968	204.9999487500128
227.28157399990596	204.9999487500128
227.5753459999105	204.9999487500128
227.8669499999378	204.9999487500128
228.16008800000418	204.9999487500128
228.45353099994827	204.9999487500128
228.74549799994566	204.9999487500128
229.0379879999673	204.9999487500128
229.33178499992937	204.9999487500128
229.62464099994395	204.9999487500128
229.91571999993175	204.9999487500128
230.20884599990677	204.9999487500128
230.50070099998266	204.9999487500128
230.79446899995673	204.9999487500128
231.0859369999962	204.9999487500128
231.37858299992513	204.9999487500128
231.67288500000723	204.9999487500128
231.96413699991535	204.9999487500128


4.041326999897137	120.0
4.537359999958426	120.0
5.001994999940507	120.0
5.501479999977164	120.0
6.001852999906987	120.0
6.502259999979287	120.0
7.00033099995926	120.0
7.5006789999315515	120.0
8.007119999965653	120.0
8.500288999988697	120.0
9.000368999899365	120.0
9.500720999902114	120.0
10.001881999894977	120.0
10.50038699992001	120.0
11.00210399995558	120.0
11.501439999905415	120.0
12.000970999943092	120.0
12.501616999972612	120.0
13.002194999950007	120.0
13.500769999925978	120.0
14.001554999966174	120.0
14.50090999994427	120.0
15.002117999945767	120.0
15.501514999894425	120.0
16.000590999959968	120.0
16.500368000008166	120.0
17.001958999899216	120.0
17.50056199997198	120.0
18.001581999938935	120.0
18.500488999998197	120.0
19.000812999904156	120.0
19.5023429999128	120.0
20.000973999965936	120.0
20.502304999972694	120.0
21.00052199990023	120.0
21.50117499998305	120.0
22.002095999894664	120.0
22.501975999912247	120.0
23.00058100000024	120.0
23.50076799991075	120.0
24.00206799991429	120.0
24.50018699991051	120.0
25.000939999939874	120.0
25.501244999933988	120.0
26.00126900000032	120.0
26.50212499999907	120.0
27.00077499996405	120.0
27.50157299998682	120.0
28.00097499997355	120.0
28.500645999913104	120.0
29.002341999905184	120.0
29.501043999916874	120.0
30.000691999914125	120.0
30.50099499989301	156.000156000156
30.734933999949135	156.000156000156
31.118941999971867	156.000156000156
31.503433999954723	156.000156000156
31.887690999894403	156.000156000156
32.272303999983706	172.99990485005233
32.57823300000746	172.99990485005233
32.92548099998385	172.99990485005233
33.2718669999158	172.99990485005233
33.618695999961346	172.99990485005233
33.96618499991018	172.99990485005233
34.312544999993406	172.99990485005233
34.660149000003	172.99990485005233
35.005798999918625	172.99990485005233
35.35406399995554	172.99990485005233
35.700774999917485	172.99990485005233
36.04661299998406	102.0
36.160477999947034	102.0
36.750283999950625	102.0
37.33777799992822	102.0
37.9260479999939	102.0
38.51369599997997	102.0
39.10366399993654	71.00003550001774
39.622964999987744	71.00003550001774
40.46704499993939	71.00003550001774
41.312245999928564	71.00003550001774
42.157498999964446	71.00003550001774
43.004129000008106	96.99995311668933
43.32601499999873	96.99995311668933
43.94527799997013	96.0
43.949989999993704	96.0
44.57507799996529	96.0
45.20201299991459	96.0
45.82623299991246	96.0
46.449985999963246	96.0
47.07627799990587	96.0
47.70092299999669	96.0
48.3257909999229	96.0
48.95056299993303	106.99993580003851
49.40833299991209	106.99993580003851
49.970075999968685	106.99993580003851
50.531656999955885	106.99993580003851
51.09195799997542	117.99990166674861
51.50136599992402	117.99990166674861
52.01054299995303	117.99990166674861
52.519906000001356	117.99990166674861
53.02790099999402	117.99990166674861
53.5381959999213	150.0
53.93088999995962	150.0
54.331546999979764	150.0
54.72974099998828	150.0
55.13082899991423	150.0
55.53019199997652	150.0
55.93010499991942	69.0
55.93488499999512	69.0
56.80507099989336	69.0
57.67562100000214	69.0
58.543670999933966	69.0
59.41520499996841	69.0
60.2831929998938	69.0
61.15240299992729	204.9999487500128
61.33810799999628	204.9999487500128
61.631307999952696	204.9999487500128
61.92459099995904	204.9999487500128
62.21655599994119	204.9999487500128
62.509680999908596	204.9999487500128
62.80156299995724	207.00005175001294
63.08556599996518	207.00005175001294
63.374935999978334	207.00005175001294
63.66509199992288	207.00005175001294
63.95466499996837	207.00005175001294
64.24540099990554	207.00005175001294
64.53489299991634	207.00005175001294
64.82466599997133	207.00005175001294
65.11407599993981	207.00005175001294
65.40445299993735	207.00005175001294
65.69360999995843	207.00005175001294
65.98354899999686	207.00005175001294
66.27528499998152	162.0
66.29222599999048	162.0
66.66191799996886	162.0
67.03258999995887	162.0
67.40506599994842	162.0
67.77363700000569	218.99968245046045
68.00722199992742	218.99968245046045
68.28119099989999	218.99968245046045
68.55631799995899	218.99968245046045
68.83025899995118	218.99968245046045
69.10300399991684	218.99968245046045
69.37694499990903	218.99968245046045
69.65138399996795	218.99968245046045
69.92519099998754	218.99968245046045
70.20006299996749	218.99968245046045
70.47524599998724	218.99968245046045
70.74666299996898	218.99968245046045
71.02069799997844	218.99968245046045
71.29498399992008	218.99968245046045
71.56887399998959	218.99968245046045
71.844165999908	62.99999685000016
72.25689099996816	62.99999685000016
73.21076599997468	62.99999685000016
74.16170199995395	156.000156000156
74.2583099999465	156.000156000156
74.64387299993541	156.000156000156
75.02910299994983	156.000156000156
75.41334999992978	156.000156000156
75.79695899994113	156.000156000156
76.18329299998004	156.000156000156
76.56600200000685	156.000156000156
76.95061399997212	156.000156000156
77.33623899996746	156.000156000156
77.7207809999818	156.000156000156
78.10451199999079	36.99999136666868
79.36996799998451	36.99999136666868
80.990289999987	152.99994645001874
81.19635899993591	152.99994645001874
81.58895000000484	152.99994645001874
81.98132599995006	152.99994645001874
82.37440699990839	152.99994645001874
82.7650839999551	152.99994645001874
83.15759399998933	152.99994645001874
83.55162899999414	152.99994645001874
83.94137399992906	72.00002880001152
84.19614399992861	72.00002880001152
85.0301089999266	72.00002880001152
85.86259799997788	58.0
85.89747599989641	58.0
86.93333699996583	58.0
87.96721199993044	58.0
89.00053199997637	58.0
90.03490599989891	214.99982083348263
90.08154199994169	214.99982083348263
90.36168099998031	214.99982083348263
90.64108899992425	214.99982083348263
90.9195559999207	214.99982083348263
91.1975589999929	214.99982083348263
91.4765999999363	214.99982083348263
91.75611600000411	202.99965828390856
91.75812199991196	202.99965828390856
92.05398799991235	202.99965828390856
92.34921899996698	202.99965828390856
92.6449989998946	202.99965828390856
92.94086400000378	202.99965828390856
93.23561400000472	202.99965828390856
93.53143799991813	202.99965828390856
93.82715099991765	202.99965828390856
94.12258500000462	202.99965828390856
94.41850599995814	202.99965828390856
94.71342699998058	202.99965828390856
95.01053499989212	202.99965828390856
95.30464799993206	202.99965828390856
95.60051299992483	202.99965828390856
95.89599200000521	181.0
95.9193259999156	181.0
96.24874899990391	181.0
96.58128399995621	181.0
96.91260399995372	181.0
97.24507599999197	181.0
97.57499399990775	181.0
97.90650799998548	120.0
98.00180500000715	120.0
98.5015649999259	120.0
99.00252499990165	120.0
99.50148799992166	120.0
100.00276800000574	120.0
100.50099799991585	120.0
101.00124899996445	120.0
101.50121299992315	120.0
102.003306999919	116.00008506672904
102.01083499996457	116.00008506672904
102.52833599993028	116.00008506672904
103.04539499990642	116.00008506672904
103.56241699995007	116.00008506672904
104.0809489999665	152.99994645001874
104.3853329999838	152.99994645001874
104.77721799991559	152.99994645001874
105.17085699993186	152.99994645001874
105.5616259999806	152.99994645001874
105.95377299992833	152.99994645001874
106.34654899989255	152.99994645001874
106.73799699998926	152.99994645001874
107.13103799999226	152.99994645001874
107.52252899995074	152.99994645001874
107.91510599991307	152.99994645001874
108.30692499992438	152.99994645001874
108.69979499990586	152.99994645001874
109.09097499994095	109.99990833340972
109.40036999993026	109.99990833340972
109.94595599989407	109.99990833340972
110.49102899990976	109.99990833340972
111.03717499994673	211.00014066676044
111.22050499997567	211.00014066676044
111.50501199997962	211.00014066676044
111.78936099994462	211.00014066676044
112.07353399996646	211.00014066676044
112.35805099993013	211.00014066676044
112.64232499990612	211.00014066676044
112.9273089999333	211.00014066676044
113.21123599994462	211.00014066676044
113.49541699991096	211.00014066676044
113.77972899994347	143.99988480009216
113.80186299991328	143.99988480009216
114.22002099989913	143.99988480009216
114.6357849999331	143.99988480009216
115.05234099994414	143.99988480009216
115.46898599993438	143.99988480009216
115.88610099989455	143.99988480009216
116.30252199992537	143.99988480009216
116.7194989999989	138.0
116.73660399997607	138.0
117.17266199993901	138.0
117.60665400000289	138.0
118.04297999991104	138.0
118.47638399992138	138.0
118.91084999998566	138.0
119.34595799993258	138.0
119.78074399998877	138.0
120.21531799994409	138.0
120.65151899994817	138.0
121.08448699989822	123.99999173333389
121.17279399989638	123.99999173333389
121.65652699989732	123.99999173333389
122.14018499990925	123.99999173333389
122.62440599990077	123.99999173333389
123.10845299996436	140.99997180000565
123.43564299994614	140.99997180000565
123.86066599993501	140.99997180000565
124.28669999993872	140.99997180000565
124.71356099995319	140.99997180000565
125.13867699995171	140.99997180000565
125.56373900000472	140.99997180000565
125.98958299995866	140.99997180000565
126.41437799995765	39.0
126.56977499998175	39.0
128.10795699991286	39.0
129.64547099999618	64.99999458333379
130.016261999961	64.99999458333379
130.94125499995425	64.99999458333379
131.86221099994145	64.99999458333379
132.7854169999482	64.99999458333379
133.709010999999	113.00009605008164
134.18870499997865	104.00001386666851
134.21663899999112	104.00001386666851
134.79394199990202	104.00001386666851
135.3706949999323	104.00001386666851
135.9483599999221	104.00001386666851
136.52560699998867	104.00001386666851
137.10112299991306	104.00001386666851
137.67820999992546	104.00001386666851
138.25519199995324	104.00001386666851
138.8323129999917	104.00001386666851
139.40877199999522	59.00000885000133
140.2069799999008	59.00000885000133
141.22307599999476	122.99996925000768
141.24288599996362	122.99996925000768
141.7305879999185	122.99996925000768
142.21846299991012	122.99996925000768
142.70618300000206	122.99996925000768
143.19384999992326	122.99996925000768
143.6832149999682	122.99996925000768
144.17030799994245	143.000143000143
144.54844399995636	143.000143000143
144.96881899994332	143.000143000143
145.3875929999631	143.000143000143
145.80718499992508	143.000143000143
146.2267119999742	143.000143000143
146.646968999994	216.0
146.8692039999878	216.0
147.14816899993457	216.0
147.42486699996516	216.0
147.7034229999408	216.0
147.98026300000492	216.0
148.25804899993818	216.0
148.53588499990292	216.0
148.81372599990573	216.0
149.09157299995422	216.0
149.37082299997564	216.0
149.64731299993582	216.0
149.92510599992238	216.0
150.2029179999372	216.0
150.48116999992635	216.0
150.7584129999159	216.0
151.03638399997726	80.99997165000993
151.29687299998477	80.99997165000993
152.03771599999163	80.99997165000993
152.778433999978	80.99997165000993
153.51994899997953	115.00002875000719
153.70595099998172	115.00002875000719
154.2281049999874	115.00002875000719
154.74987199995667	115.00002875000719
155.27189199998975	115.00002875000719
155.79502699989825	115.00002875000719
156.31502300000284	115.00002875000719
156.83688199997414	131.0
157.25017499993555	131.0
157.7082339999033	131.0
158.16595799999777	101.00006901671382
158.2064769999124	101.00006901671382
158.8005589999957	101.00006901671382
159.39418999990448	101.00006901671382
159.98836799990386	101.00006901671382
160.58232499996666	101.00006901671382
161.17692599992733	101.00006901671382
161.77135099994484	101.00006901671382
162.3648599999724	192.0
162.52074299997184	192.0
162.83232299995143	192.0
163.14584699994884	192.0
163.4577349999454	192.0
163.7706949999556	192.0
164.08207299991045	103.0000480666891
164.12565699999686	103.0000480666891
164.70762299990747	103.0000480666891
165.28945399995428	103.0000480666891
165.8735999999335	103.0000480666891
166.45423299993854	103.0000480666891
167.03681099996902	103.0000480666891
167.6193959999364	103.0000480666891
168.2025999999605	218.00028340036843
168.3897059999872	218.00028340036843
168.66447299998254	218.00028340036843
168.93901499989443	218.00028340036843
169.21486099995673	218.00028340036843
169.4904619998997	218.00028340036843
169.76471799996216	218.00028340036843
170.04016999993473	218.00028340036843
170.31503399997018	154.99990958338608
170.42901699990034	154.99990958338608
170.8157389999833	154.99990958338608
171.2028660000069	154.99990958338608
171.59123999997973	154.99990958338608
171.9770229998976	154.99990958338608
172.36427999997977	154.99990958338608
172.7533129999647	154.99990958338608
173.1384379999945	154.99990958338608
173.52590000000782	154.99990958338608
173.91287499992177	154.99990958338608
174.30097899993416	148.000148000148
174.31191199994646	148.000148000148
174.7175709999865	148.000148000148
175.12384699995164	148.000148000148
175.5293369999854	148.000148000148
175.93379899999127	148.000148000148
176.34272199997213	192.0
176.58359199995175	192.0
176.8954289999092	192.0
177.20862199994735	192.0
177.52185699995607	192.0
177.83416299999226	192.0
178.1456209999742	192.0
178.45819399994798	192.0
178.77134300000034	192.0
179.08405099995434	192.0
179.39563399995677	192.0
179.70878999994602	192.0
180.02078199991956	192.0
180.33420799998567	185.000185000185
180.34507399995346	185.000185000185
180.66857899993192	185.000185000185
180.99287299998105	185.000185000185
181.3171709999442	185.000185000185
181.6423899999354	185.000185000185
181.96566599991638	185.000185000185
182.29086899990216	209.00024731695933
182.54896099993493	209.00024731695933
182.83550499996636	209.00024731695933
183.12329999997746	209.00024731695933
183.41170999989845	209.00024731695933
183.6975289999973	209.00024731695933
183.98442399990745	209.00024731695933
184.27309099992272	209.00024731695933
184.55820599989966	209.00024731695933
184.84574199991766	209.00024731695933
185.13236499996856	209.00024731695933
185.41953899990767	209.00024731695933
185.70633099996485	209.00024731695933
185.99371799989603	209.00024731695933
186.28257599996869	214.0
186.55550499993842	214.0
186.83624699991196	214.0
187.11683699989226	214.0
187.39746899995953	214.0
187.67699199996423	214.0
187.9584929998964	214.0
188.23873599991202	192.99989385005838
188.25824100000318	192.99989385005838
188.57035599998198	192.99989385005838
188.88011299993377	192.99989385005838
189.19089699990582	192.99989385005838
189.5019949999405	192.99989385005838
189.81240199995227	192.99989385005838
190.12509599991608	192.99989385005838
190.43459299998358	192.99989385005838
190.7456939999247	192.99989385005838
191.05621099995915	192.99989385005838
191.36740099999588	192.99989385005838
191.67829099996015	192.99989385005838
191.98913799994625	192.99989385005838
192.3013609999325	97.9999836666694
192.542650999967	97.9999836666694
193.1539599999087	97.9999836666694
193.76619499991648	97.9999836666694
194.37939699995331	204.9999487500128
194.50213699997403	204.9999487500128
194.79516599990893	204.9999487500128
195.0865389999235	204.9999487500128
195.37867499992717	204.9999487500128
195.67385299992748	204.9999487500128
195.96430899994448	204.9999487500128
196.25667499995325	204.9999487500128
196.5500839999877	204.9999487500128
196.84378999995533	204.9999487500128
197.13506000000052	204.9999487500128
197.42731199995615	204.9999487500128
197.7205069999909	204.9999487500128
198.01546799996868	204.9999487500128
198.30615999992006	204.9999487500128
198.59823299990967	204.9999487500128
198.89120600000024	204.9999487500128
199.1849659999134	204.9999487500128
199.47615999996196	204.9999487500128
199.7692209999077	204.9999487500128
200.06180099991616	204.9999487500128
200.35435199993663	204.9999487500128
200.64808600000106	204.9999487500128
200.9412579999771	204.9999487500128
201.23244399996474	204.9999487500128
201.52493799990043	204.9999487500128
201.81831499992404	204.9999487500128
202.11094199994113	204.9999487500128
202.40386799990665	204.9999487500128
202.69611799996346	204.9999487500128
202.98862399999052	204.9999487500128
203.28352099994663	204.9999487500128
203.57400899997447	204.9999487500128
203.86762399994768	204.9999487500128
204.16073199990205	204.9999487500128
204.451999999932	204.9999487500128
204.74551999999676	204.9999487500128
205.0377219999209	204.9999487500128
205.33030699996743	204.9999487500128
205.62495099997614	204.9999487500128
205.91596599994227	204.9999487500128
206.20898699993268	204.9999487500128
206.50235099997371	204.9999487500128
206.79367699997965	204.9999487500128
207.08680099993944	204.9999487500128
207.37967599998228	204.9999487500128
207.67161299998406	204.9999487500128
207.96529299998656	204.9999487500128
208.25763199990615	204.9999487500128
208.54931899998337	204.9999487500128
208.84245499991812	204.9999487500128
209.13483899994753	204.9999487500128
209.42738499992993	204.9999487500128
209.72070199996233	204.9999487500128
210.01294799998868	204.9999487500128
210.30613799998537	204.9999487500128
210.59893300000113	204.9999487500128
210.89333399990574	204.9999487500128
211.184076000005	204.9999487500128
211.47658399993088	204.9999487500128
211.7703839999158	204.9999487500128
212.06341699999757	204.9999487500128
212.35486599989235	204.9999487500128
212.64783899998292	204.9999487500128
212.9413999998942	204.9999487500128
213.23440099996515	204.9999487500128
213.5255729999626	204.9999487500128
213.81811599992216	204.9999487500128
214.11082499998156	204.9999487500128
214.4038869999349	204.9999487500128
214.69601999991573	204.9999487500128
214.98854299995583	204.9999487500128
215.28160399990156	204.9999487500128
215.57382299995515	204.9999487500128
215.86669399996754	204.9999487500128
216.1591269999044	204.9999487500128
216.45339499996044	204.9999487500128
216.74454799992964	204.9999487500128
217.0370829999447	204.9999487500128
217.33145599998534	204.9999487500128
217.62314999999944	204.9999487500128
217.91553699993528	204.9999487500128
218.2093729999615	204.9999487500128
218.501111999969	204.9999487500128
218.79316599993035	204.9999487500128
219.08650599990506	204.9999487500128
219.37990299996454	204.9999487500128
219.67190600000322	204.9999487500128
219.96398699993733	204.9999487500128
220.2569609999191	204.9999487500128
220.55019199999515	204.9999487500128
220.8428989999229	204.9999487500128
221.13462699996307	204.9999487500128
221.4277909999946	204.9999487500128
221.72189099993557	204.9999487500128
222.0145959999645	204.9999487500128
222.30545399989933	204.9999487500128
222.59963399998378	204.9999487500128
222.89126599999145	204.9999487500128
223.18521599995438	204.9999487500128
223.47686299995985	204.9999487500128
223.7688939999789	204.9999487500128
224.06399399996735	204.9999487500128
224.3551729999017	204.9999487500128
224.6469419999048	204.9999487500128
224.940702999942	204.9999487500128
225.23230299993884	204.9999487500128
225.52494599996135	204.9999487500128
225.81883999996353	204.9999487500128
226.1106359999394	204.9999487500128
226.4056209999835	204.9999487500128
226.69648099993356	204.9999487500128
226.98979199992027	204.9999487500128
227.28182599996217	204.9999487500128
227.5748709999025	204.9999487500128
227.8667809999315	204.9999487500128
228.16034699999727	204.9999487500128
228.45377199992072	204.9999487500128
228.74502499995288	204.9999487500128
229.0382549999049	204.9999487500128
229.33181999996305	204.9999487500128
229.62453499995172	204.9999487500128
229.91615999990609	204.9999487500128
230.2090039999457	204.9999487500128
230.50070099998266	204.9999487500128
230.79422499996144	204.9999487500128
231.08619899989571	204.9999487500128
231.3785959999077	204.9999487500128
231.67305899993517	204.9999487500128
231.96393899992108	204.9999487500128


6.018462999956682	120.0
6.515296999947168	120.0
7.000563999987207	120.0
7.500416999915615	120.0
8.00578099989798	120.0
8.50059599999804	120.0
9.000583999906667	120.0
9.500439999974333	120.0
10.0016389999073	120.0
10.500618999940343	120.0
11.001585999969393	120.0
11.50172299996484	120.0
12.000860999920405	120.0
12.501455999910831	120.0
13.002166999969631	120.0
13.501333999913186	120.0
14.001852999906987	120.0
14.500513999955729	120.0
15.0018459999701	120.0
15.501813999959268	120.0
16.0004079999635	120.0
16.500693999929354	120.0
17.001709999982268	120.0
17.50033899990376	120.0
18.001881000003777	120.0
18.500650999951176	120.0
19.000326999928802	120.0
19.502077999990433	120.0
20.000734000001103	120.0
20.5018539999146	120.0
21.00050999992527	120.0
21.500964000006206	120.0
22.002106999978423	120.0
22.502095999894664	120.0
23.00080599996727	120.0
23.500505000003614	120.0
24.00180199998431	120.0
24.500392999965698	120.0
25.00060599995777	120.0
25.50105199997779	120.0
26.00150399992708	120.0
26.501789999892935	120.0
27.000370999914594	120.0
27.50137099996209	120.0
28.00053099996876	120.0
28.50034999998752	120.0
29.002341999905184	120.0
29.500760999973863	120.0
30.0007190000033	120.0
30.50099499989301	120.0
31.00202699995134	156.000156000156
31.11875699996017	156.000156000156
31.502932999981567	156.000156000156
31.887893999926746	173.0
32.23177199997008	173.0
32.5779249999905	173.0
32.92524399992544	173.0
33.27181299997028	173.0
33.61879300000146	173.0
33.96540699992329	173.0
34.31237499997951	173.0
34.66008099995088	173.0
35.005967999924906	173.0
35.35407199990004	173.0
35.70080200000666	173.0
36.046873999992386	173.0
36.39335399994161	173.0
36.741092999931425	102.0000510000255
36.75050699990243	102.0000510000255
37.33731400000397	102.0000510000255
37.926363999955356	102.0000510000255
38.51377299998421	71.00003550001774
38.7769659999758	71.00003550001774
39.6229849999072	71.00003550001774
40.46704499993939	71.00003550001774
41.311864999937825	71.00003550001774
42.15754199994262	97.0
42.70755599997938	97.0
43.32625799998641	97.0
43.945030999951996	97.0
44.5632419999456	96.0
44.5755679999711	96.0
45.20166099991184	96.0
45.825591999921016	96.0
46.451029999996535	96.0
47.07602199993562	96.0
47.701143999933265	96.0
48.325549999950454	96.0
48.95035199995618	106.99993580003851
49.40794199996162	106.99993580003851
49.969639999908395	106.99993580003851
50.53144199994858	106.99993580003851
51.09216799994465	106.99993580003851
51.65177299990319	117.99990166674861
52.01023599994369	117.99990166674861
52.52032699994743	117.99990166674861
53.02734899998177	117.99990166674861
53.537094999919645	117.99990166674861
54.04377200000454	117.99990166674861
54.55446499993559	150.0
54.72995399998035	150.0
55.130648999940604	150.0
55.530441999901086	150.0
55.93010499991942	150.0
56.32990599994082	150.0
56.7299729998922	69.00001725000432
56.804767999914475	69.00001725000432
57.67533599992748	69.00001725000432
58.543976999935694	69.00001725000432
59.41520499996841	69.00001725000432
60.28280199994333	69.00001725000432
61.152545999968424	204.9999487500128
61.33834399993066	204.9999487500128
61.631317999912426	204.9999487500128
61.924421999952756	204.9999487500128
62.21635499992408	207.0
62.50527699990198	207.0
62.795206999988295	207.0
63.08535700000357	207.0
63.37521399999969	207.0
63.665253999992274	207.0
63.95445699989796	207.0
64.2448480000021	207.0
64.5346679999493	207.0
64.82448999991175	207.0
65.11425699992105	207.0
65.4039459999185	207.0
65.69401400000788	207.0
65.98396099999081	207.0
66.2755059999181	207.0
66.5631969999522	207.0
66.85444999998435	162.000162000162
67.03260399994906	162.000162000162
67.40537199995015	162.000162000162
67.77391899994109	218.99968245046045
68.00712500000373	218.99968245046045
68.28115799999796	218.99968245046045
68.55511600000318	218.99968245046045
68.83018699998502	218.99968245046045
69.1034079999663	218.99968245046045
69.37742599996272	218.99968245046045
69.65185399993788	218.99968245046045
69.9250629999442	218.99968245046045
70.20007399993483	218.99968245046045
70.47511299990583	218.99968245046045
70.74668899993412	218.99968245046045
71.02064499992412	218.99968245046045
71.29517499997746	218.99968245046045
71.56869299989194	218.99968245046045
71.8444469999522	63.0
72.2572269999655	63.0
73.21051099989563	63.0
74.16216899990104	156.000156000156
74.25855299993418	156.000156000156
74.64403399999719	156.000156000156
75.02857099997345	156.000156000156
75.41356899996754	156.000156000156
75.79672399989795	156.000156000156
76.18296499992721	156.000156000156
76.56620499992277	156.000156000156
76.95087699999567	156.000156000156
77.33599499997217	156.000156000156
77.71981499996036	156.000156000156
78.10484199994244	36.99999136666868
79.36968499992508	36.99999136666868
80.99007299996447	152.99994645001874
81.19616900000256	152.99994645001874
81.58919699990656	152.99994645001874
81.98146999999881	152.99994645001874
82.37434599990956	152.99994645001874
82.7651219998952	152.99994645001874
83.15693699999247	152.99994645001874
83.55082799994852	152.99994645001874
83.94134999997914	72.00002880001152
84.19632299989462	72.00002880001152
85.02971699996851	72.00002880001152
85.86345399997663	57.999986466669824
85.89784399990458	57.999986466669824
86.93366799992509	57.999986466669824
87.96672399993986	57.999986466669824
89.00098099990282	57.999986466669824
90.0352679999778	214.99982083348263
90.08128599997144	214.99982083348263
90.3619479999179	214.99982083348263
90.64088799990714	214.99982083348263
90.91957199992612	214.99982083348263
91.19786399998702	214.99982083348263
91.47686799999792	214.99982083348263
91.75587699993048	203.0
91.75803999998607	203.0
92.05378899991047	203.0
92.34994599991478	203.0
92.64524899993557	203.0
92.94075999991037	203.0
93.23608299996704	203.0
93.5314129999606	203.0
93.82751099998131	203.0
94.12300799996592	203.0
94.41826599999331	203.0
94.71450999996159	203.0
95.01028599997517	203.0
95.30488799989689	203.0
95.60017999995034	203.0
95.8957699999446	180.99984313346928
95.91777699999511	180.99984313346928
96.24897399998736	180.99984313346928
96.58174199995119	180.99984313346928
96.9129289999837	180.99984313346928
97.24477699992713	180.99984313346928
97.57456999993883	180.99984313346928
97.9068959999131	120.0
98.00197899993509	120.0
98.50195099995472	120.0
99.00260499992874	120.0
99.5012379999971	120.0
100.00277599995025	120.0
100.50123499997426	120.0
101.00114499998745	120.0
101.50144999998156	120.0
102.00340599997435	116.0
102.01107099989895	116.0
102.5286479999777	116.0
103.04567399993539	116.0
103.56241699995007	116.0
104.08092899993062	152.99994645001874
104.38530399999581	152.99994645001874
104.77775399992242	152.99994645001874
105.17128199990839	152.99994645001874
105.56190699990839	152.99994645001874
105.95468699990306	152.99994645001874
106.34613899991382	152.99994645001874
106.73833099997137	152.99994645001874
107.1324949999107	152.99994645001874
107.5226969999494	152.99994645001874
107.9150489999447	152.99994645001874
108.30712999997195	152.99994645001874
108.70006599999033	152.99994645001874
109.09140899998602	109.99990833340972
109.40016099996865	109.99990833340972
109.9461799999699	109.99990833340972
110.49124000000302	109.99990833340972
111.03690899990033	109.99990833340972
111.58378599991556	211.00014066676044
111.78919999999925	211.00014066676044
112.07328099990264	211.00014066676044
112.35826799995266	211.00014066676044
112.64301100000739	211.00014066676044
112.92782899993472	211.00014066676044
113.21089699992444	211.00014066676044
113.49514999997336	211.00014066676044
113.77946099999826	211.00014066676044
114.06425799999852	211.00014066676044
114.34821299999021	143.99988480009216
114.63539299997501	143.99988480009216
115.05209199991077	143.99988480009216
115.46887499990407	143.99988480009216
115.88573099998757	143.99988480009216
116.30231299996376	143.99988480009216
116.71947499993257	143.99988480009216
117.13541999994777	137.99987580011177
117.17211599997245	137.99987580011177
117.60640499996953	137.99987580011177
118.04330899997149	137.99987580011177
118.47638399992138	137.99987580011177
118.9114099999424	137.99987580011177
119.34615499991924	137.99987580011177
119.78039099997841	137.99987580011177
120.21566899993923	137.99987580011177
120.65132199996151	137.99987580011177
121.08449899998959	137.99987580011177
121.5207620000001	137.99987580011177
121.95394499995746	123.99999173333389
122.14043099991977	123.99999173333389
122.62478399998508	141.0
123.01092299993616	141.0
123.43564299994614	141.0
123.86098699993454	141.0
124.28684099996462	141.0
124.71339499996975	141.0
125.13836699991953	141.0
125.56359799997881	141.0
125.98953699995764	141.0
126.41433099994902	141.0
126.84100299992133	141.0
127.26542700000573	38.99998830000351
128.10769099998288	38.99998830000351
129.64522599999327	64.99999458333379
130.0162919999566	64.99999458333379
130.9407629999332	64.99999458333379
131.86262499995064	64.99999458333379
132.7857059999369	113.0
133.12705699994694	113.0
133.657361999969	113.0
134.18826099997386	113.0
134.71930999995675	104.00001386666851
134.79374199989252	104.00001386666851
135.37049799994566	104.00001386666851
135.94818499998655	104.00001386666851
136.5253789999988	104.00001386666851
137.10094899998512	104.00001386666851
137.67795099993236	104.00001386666851
138.25497599993832	104.00001386666851
138.83188099996187	104.00001386666851
139.40959499997552	59.00000885000133
140.20730199990794	59.00000885000133
141.223643999896	59.00000885000133
142.24004699999932	122.99996925000768
142.70614099991508	122.99996925000768
143.1942159999162	122.99996925000768
143.6831799999345	122.99996925000768
144.17074299999513	122.99996925000768
144.65739399997983	143.000143000143
144.96882999991067	143.000143000143
145.38741799991112	143.000143000143
145.80697299994063	143.000143000143
146.22654499998316	143.000143000143
146.64678599999752	143.000143000143
147.06575999991037	215.99982720013824
147.14842899993528	215.99982720013824
147.42466399993282	215.99982720013824
147.70361699990463	215.99982720013824
147.98053299996536	215.99982720013824
148.25863399996888	215.99982720013824
148.53618299996015	215.99982720013824
148.8140799999237	215.99982720013824
149.09184999996796	215.99982720013824
149.37052199989557	215.99982720013824
149.64706299989484	215.99982720013824
149.92535499995574	215.99982720013824
150.20258099993225	215.99982720013824
150.48098499991465	215.99982720013824
150.75815599993803	215.99982720013824
151.03622599993832	215.99982720013824
151.31367699999828	215.99982720013824
151.59329599991906	80.99997165000993
152.0382029999746	80.99997165000993
152.77820199995767	115.0
153.18426599993836	115.0
153.70635999995284	115.0
154.22838099999353	115.0
154.75038099999074	115.0
155.2723999998998	115.0
155.79586099996231	115.0
156.31517299998086	115.0
156.83689099992625	115.0
157.35912499995902	131.00007641671124
157.70796099992003	131.00007641671124
158.16623999993317	101.00006901671382
158.20676899992395	101.00006901671382
158.80094299989287	101.00006901671382
159.39437999995425	101.00006901671382
159.98859500000253	101.00006901671382
160.58267399994656	101.00006901671382
161.17728399997577	101.00006901671382
161.7710949999746	101.00006901671382
162.36551399994642	192.0
162.52106800000183	192.0
162.8325419999892	192.0
163.1456349999644	192.0
163.45752599998377	192.0
163.77066199993715	192.0
164.08205899992026	103.0000480666891
164.12545099994168	103.0000480666891
164.70719799993094	103.0000480666891
165.28975699993316	103.0000480666891
165.87342399999034	103.0000480666891
166.4545119999675	103.0000480666891
167.0368169998983	103.0000480666891
167.619604999898	103.0000480666891
168.20224699995015	218.00028340036843
168.38922599994112	218.00028340036843
168.6648129998939	218.00028340036843
168.93929799995385	218.00028340036843
169.2145929998951	218.00028340036843
169.49013599997852	218.00028340036843
169.76490899990313	218.00028340036843
170.04054799990263	218.00028340036843
170.3152869999176	154.99990958338608
170.42905499995686	154.99990958338608
170.81575899990276	154.99990958338608
171.20280199998524	154.99990958338608
171.59146499994677	154.99990958338608
171.97703099995852	154.99990958338608
172.36427999997977	154.99990958338608
172.7535429999698	154.99990958338608
173.1384469999466	154.99990958338608
173.5257419999689	154.99990958338608
173.91268299997319	154.99990958338608
174.30131299991626	148.000148000148
174.3122719998937	148.000148000148
174.7173349999357	148.000148000148
175.1235769999912	148.000148000148
175.5295599999372	148.000148000148
175.93399900000077	148.000148000148
176.3424249999225	192.0
176.5832189999055	192.0
176.89544699992985	192.0
177.20864599989727	192.0
177.52201199997216	192.0
177.83408299996518	192.0
178.14574999990873	192.0
178.45784899999853	192.0
178.77163499989547	192.0
179.0842339999508	192.0
179.39558599994052	192.0
179.7089079999132	192.0
180.0208959999727	192.0
180.33412799995858	185.000185000185
180.34528899996076	185.000185000185
180.6698659999529	185.000185000185
180.99302699998952	185.000185000185
181.31753000000026	185.000185000185
181.64208999997936	185.000185000185
181.96543599991128	185.000185000185
182.2913319999352	209.0
182.5490479998989	209.0
182.8359599999385	209.0
183.12373899994418	209.0
183.41196399996988	209.0
183.6973729999736	209.0
183.9839389999397	209.0
184.27279399998952	209.0
184.55861099995673	209.0
184.84590199997183	209.0
185.13258799992036	209.0
185.41935300000478	209.0
185.706698999973	209.0
185.99325899989344	209.0
186.28232199989725	213.99987160007703
186.55593899998348	213.99987160007703
186.83658199990168	213.99987160007703
187.11728299991228	213.99987160007703
187.39754499995615	213.99987160007703
187.67703799996525	213.99987160007703
187.95807299995795	213.99987160007703
188.23907399992459	192.99989385005838
188.258302000002	192.99989385005838
188.5707279999042	192.99989385005838
188.8800559999654	192.99989385005838
189.19072199997026	192.99989385005838
189.50185100000817	192.99989385005838
189.81265399989206	192.99989385005838
190.12482499994803	192.99989385005838
190.43445899989456	192.99989385005838
190.7454869999783	192.99989385005838
191.05597399990074	192.99989385005838
191.3678259999724	192.99989385005838
191.67876399995293	192.99989385005838
191.9889049999183	192.99989385005838
192.30110499996226	98.0
192.542458999902	98.0
193.15419299993664	98.0
193.7665809999453	98.0
194.3791659999406	204.9999487500128
194.50182799994946	204.9999487500128
194.79525799991097	204.9999487500128
195.0868269999046	204.9999487500128
195.37893299991265	204.9999487500128
195.67336399992928	204.9999487500128
195.96419699990656	204.9999487500128
196.25693499995396	204.9999487500128
196.5500539999921	204.9999487500128
196.8437209998956	204.9999487500128
197.13532199990004	204.9999487500128
197.42795499996282	204.9999487500128
197.72057799994946	204.9999487500128
198.0152329999255	204.9999487500128
198.30563299998175	204.9999487500128
198.5982639999129	204.9999487500128
198.89101199992	204.9999487500128
199.18470300000627	204.9999487500128
199.47621699993033	204.9999487500128
199.76908599992748	204.9999487500128
200.06175799993798	204.9999487500128
200.35455299995374	204.9999487500128
200.64808600000106	204.9999487500128
200.94103799993172	204.9999487500128
201.23222999996506	204.9999487500128
201.52508599997964	204.9999487500128
201.81775799999014	204.9999487500128
202.11109399993438	204.9999487500128
202.40402299992274	204.9999487500128
202.6962910000002	204.9999487500128
202.98835199989844	204.9999487500128
203.28310699993744	204.9999487500128
203.57363100000657	204.9999487500128
203.86770399997476	204.9999487500128
204.1604529999895	204.9999487500128
204.4517759999726	204.9999487500128
204.7455609999597	204.9999487500128
205.03754900000058	204.9999487500128
205.33012999990024	204.9999487500128
205.62493900000118	204.9999487500128
205.9151589999674	204.9999487500128
206.20848099992145	204.9999487500128
206.50214100000449	204.9999487500128
206.793479999993	204.9999487500128
207.08649099990726	204.9999487500128
207.38013399997726	204.9999487500128
207.67134000000078	204.9999487500128
207.96502599993255	204.9999487500128
208.25785299995914	204.9999487500128
208.54954199993517	204.9999487500128
208.84269699989818	204.9999487500128
209.13504999992438	204.9999487500128
209.4277839999413	204.9999487500128
209.7204039999051	204.9999487500128
210.01274799997918	204.9999487500128
210.30594299989752	204.9999487500128
210.59926399996039	204.9999487500128
210.893056999892	204.9999487500128
211.1835799999535	204.9999487500128
211.4761329999892	204.9999487500128
211.77014199993573	204.9999487500128
212.0637169999536	204.9999487500128
212.3546309999656	204.9999487500128
212.64815499994438	204.9999487500128
212.94116499996744	204.9999487500128
213.23467099992558	204.9999487500128
213.5253579999553	204.9999487500128
213.81803099997342	204.9999487500128
214.11041599989403	204.9999487500128
214.4035290000029	204.9999487500128
214.6957879998954	204.9999487500128
214.98901999997906	204.9999487500128
215.28136299992912	204.9999487500128
215.57428099995013	204.9999487500128
215.8671059999615	204.9999487500128
216.16026899998542	204.9999487500128
216.45376399997622	204.9999487500128
216.74454799992964	204.9999487500128
217.03729499992914	204.9999487500128
217.331906999927	204.9999487500128
217.62335899996106	204.9999487500128
217.91577899991535	204.9999487500128
218.20908899989445	204.9999487500128
218.500682999962	204.9999487500128
218.79352899990045	204.9999487500128
219.08606799994595	204.9999487500128
219.3801889999304	204.9999487500128
219.6723929999862	204.9999487500128
219.9639769999776	204.9999487500128
220.2572499999078	204.9999487500128
220.55035599996336	204.9999487500128
220.84324099996593	204.9999487500128
221.13481999991927	204.9999487500128
221.427997999941	204.9999487500128
221.72201799997129	204.9999487500128
222.01454199990258	204.9999487500128
222.30563499999698	204.9999487500128
222.5994589999318	204.9999487500128
222.8915959999431	204.9999487500128
223.18560099997558	204.9999487500128
223.47679499990772	204.9999487500128
223.76923799992073	204.9999487500128
224.06376199994702	204.9999487500128
224.35513999999966	204.9999487500128
224.64757999998983	204.9999487500128
224.94069099996705	204.9999487500128
225.23259899998084	204.9999487500128
225.525246999925	204.9999487500128
225.81841199996416	204.9999487500128
226.11044799990486	204.9999487500128
226.4050059999572	204.9999487500128
226.69586300000083	204.9999487500128
226.98954399989452	204.9999487500128
227.28196699998807	204.9999487500128
227.57510499993805	204.9999487500128
227.86681599996518	204.9999487500128
228.16031599999405	204.9999487500128
228.45399899990298	204.9999487500128
228.7454419999849	204.9999487500128
229.0379879999673	204.9999487500128
229.331548999995	204.9999487500128
229.62423099996522	204.9999487500128
229.9159899998922	204.9999487500128
230.208668999956	204.9999487500128
230.50092899997253	204.9999487500128
230.794487999985	204.9999487500128
231.08592499990482	204.9999487500128
231.37892599997576	204.9999487500128
231.67281199991703	204.9999487500128
231.9642369999783	204.9999487500128


8.104490999947302	120.0
8.598423999967054	120.0
9.000727999955416	120.0
9.500658000004478	120.0
10.00159299990628	120.0
10.500361999962479	120.0
11.00190399994608	120.0
11.501167999929748	120.0
12.000512999948114	120.0
12.501020999974571	120.0
13.00251199991908	120.0
13.501021999982186	120.0
14.002069999929518	120.0
14.500513999955729	120.0
15.0018459999701	120.0
15.501981999957934	120.0
16.002561999950558	120.0
16.50057499995455	120.0
17.001729999901727	120.0
17.50056199997198	120.0
18.00180799991358	120.0
18.500193999963813	120.0
19.000346999964677	120.0
19.50212299998384	120.0
20.000708999927156	120.0
20.501833999995142	120.0
21.000285999965854	120.0
21.500951999914832	120.0
22.002379999961704	120.0
22.50164999999106	120.0
23.00080599996727	120.0
23.500297999940813	120.0
24.00151299999561	120.0
24.500232999911532	120.0
25.000762999989092	120.0
25.500802999944426	120.0
26.001298999995925	120.0
26.501885999925435	120.0
27.000575999962166	120.0
27.501081999973394	120.0
28.0005189999938	120.0
28.500838999985717	120.0
29.002550999983214	120.0
29.50117299996782	120.0
30.000876999925822	120.0
30.501235999981873	120.0
31.00202699995134	156.000156000156
31.11853399989195	156.000156000156
31.503262999933213	156.000156000156
31.887730999966152	156.000156000156
32.272303999983706	172.99990485005233
32.5779249999905	172.99990485005233
32.92521199991461	172.99990485005233
33.271621999912895	172.99990485005233
33.61847200000193	172.99990485005233
33.965649999910966	172.99990485005233
34.31237499997951	172.99990485005233
34.66038399992976	172.99990485005233
35.00637999991886	172.99990485005233
35.353832999942824	172.99990485005233
35.70095699990634	172.99990485005233
36.04707099997904	172.99990485005233
36.39300699997693	172.99990485005233
36.74106799997389	102.0000510000255
36.75008499994874	102.0000510000255
37.33729499997571	102.0000510000255
37.92609500000253	71.0
37.93144999991637	71.0
38.77698500000406	71.0
39.6231849999167	71.0
40.467443999950774	71.0
41.31188099994324	71.0
42.157689999905415	71.0
43.00384299992584	96.99995311668933
43.32622699998319	96.99995311668933
43.94551699992735	96.99995311668933
44.56343899993226	96.0
44.57540400000289	96.0
45.20183899998665	96.0
45.82580200000666	96.0
46.450293999980204	96.0
47.07582599995658	96.0
47.70029799989425	96.0
48.32538499997463	107.0
48.84735699999146	107.0
49.408152999938466	107.0
49.970302999950945	107.0
50.5310279999394	107.0
51.09239099989645	107.0
51.65162399993278	117.99990166674861
52.00982399994973	117.99990166674861
52.51943999994546	117.99990166674861
53.02756899991073	117.99990166674861
53.5388919999823	117.99990166674861
54.04401199996937	117.99990166674861
54.554475999902934	150.0
54.730036999913864	150.0
55.13039799989201	150.0
55.530537999933586	150.0
55.92981699993834	150.0
56.32972199993674	150.0
56.730137999984436	69.00001725000432
56.80445900000632	69.00001725000432
57.67583399999421	69.00001725000432
58.543889999971725	69.00001725000432
59.4150189999491	69.00001725000432
60.28280199994333	69.00001725000432
61.15261599991936	204.9999487500128
61.33834399993066	204.9999487500128
61.631090999930166	204.9999487500128
61.924421999952756	204.9999487500128
62.21611799998209	204.9999487500128
62.50928899995051	204.9999487500128
62.80191199993715	207.00005175001294
63.0853969999589	207.00005175001294
63.374921999988146	207.00005175001294
63.66507699992508	207.00005175001294
63.95483099995181	207.00005175001294
64.24493199994322	207.00005175001294
64.53439199994318	207.00005175001294
64.82408999989275	207.00005175001294
65.1139339999063	207.00005175001294
65.4039459999185	207.00005175001294
65.69391299993731	207.00005175001294
65.98358000000007	207.00005175001294
66.27489399991464	207.00005175001294
66.5633899999084	207.00005175001294
66.85466700000688	162.000162000162
67.03227500000503	162.000162000162
67.40506599994842	162.000162000162
67.7736819999991	219.0
68.0073159999447	219.0
68.28136699995957	219.0
68.55574300000444	219.0
68.83034599991515	219.0
69.10293699998874	219.0
69.37698399997316	219.0
69.65161399997305	219.0
69.92526199994609	219.0
70.1998269999167	219.0
70.47478599997703	219.0
70.74683799990453	219.0
71.02088500000536	219.0
71.29477599996608	219.0
71.56887399998959	219.0
71.84437700000126	62.99999685000016
72.2568569999421	62.99999685000016
73.21051099989563	62.99999685000016
74.16173199994955	156.000156000156
74.25827899994329	156.000156000156
74.64384699997026	156.000156000156
75.02857099997345	156.000156000156
75.4130329999607	156.000156000156
75.7967049999861	156.000156000156
76.18322899995837	156.000156000156
76.56615799991414	156.000156000156
76.95113899989519	156.000156000156
77.33571199991275	156.000156000156
77.7202319999924	37.0
77.74720699992031	37.0
79.36943099997006	37.0
80.98987099993974	152.99994645001874
81.19651499995962	152.99994645001874
81.58941099990625	152.99994645001874
81.98102899990045	152.99994645001874
82.37473199993838	152.99994645001874
82.76529099990148	152.99994645001874
83.15701999992598	152.99994645001874
83.54945199994836	152.99994645001874
83.94152299989946	72.00002880001152
84.19596099993214	72.00002880001152
85.02978599991184	72.00002880001152
85.86300999997184	57.999986466669824
85.89755100000184	57.999986466669824
86.93351899995469	57.999986466669824
87.96681199991144	57.999986466669824
89.00050999992527	57.999986466669824
90.03490599989891	214.99982083348263
90.08153699990362	214.99982083348263
90.36168899992481	214.99982083348263
90.64067999995314	214.99982083348263
90.91929899994284	214.99982083348263
91.1975589999929	214.99982083348263
91.47707799996715	214.99982083348263
91.75647499994375	202.99965828390856
91.75819699990097	202.99965828390856
92.0541469999589	202.99965828390856
92.3494499999797	202.99965828390856
92.6449989998946	202.99965828390856
92.94046799989883	202.99965828390856
93.23626399994828	202.99965828390856
93.53120699990541	202.99965828390856
93.82732099993154	202.99965828390856
94.12234799994621	202.99965828390856
94.41786599997431	202.99965828390856
94.71418999996968	202.99965828390856
95.01053499989212	202.99965828390856
95.30508600000758	202.99965828390856
95.60043200000655	202.99965828390856
95.89612099993974	180.99984313346928
95.91883099998813	180.99984313346928
96.2493549999781	180.99984313346928
96.5815129999537	180.99984313346928
96.91293899994344	180.99984313346928
97.2444929999765	180.99984313346928
97.57488999993075	180.99984313346928
97.90674599993508	120.0
98.00152199994773	120.0
98.50155399995856	120.0
99.0027579999296	120.0
99.50097499997355	120.0
100.00312099989969	120.0
100.50144699995872	120.0
101.00137600000016	120.0
101.50099599990062	120.0
102.00292399991304	116.00008506672904
102.01050199999008	116.00008506672904
102.52833599993028	116.00008506672904
103.04590699996334	116.00008506672904
103.56220799998846	116.00008506672904
104.0811939999694	152.99994645001874
104.38498599990271	152.99994645001874
104.77737199992407	152.99994645001874
105.17110599996522	152.99994645001874
105.56214699998964	152.99994645001874
105.95487199991476	152.99994645001874
106.34577899996657	152.99994645001874
106.73819999990519	152.99994645001874
107.13136899995152	152.99994645001874
107.522355999914	152.99994645001874
107.91523799998686	152.99994645001874
108.30729599995539	110.0
108.30888699996285	110.0
108.85436199989635	110.0
109.40042499999981	110.0
109.94574399990961	110.0
110.4907869999297	110.0
111.03708199993707	110.0
111.58378599991556	211.00014066676044
111.7891599999275	211.00014066676044
112.07352599990554	211.00014066676044
112.35805099993013	211.00014066676044
112.64232499990612	211.00014066676044
112.92734900000505	211.00014066676044
113.2109749999363	211.00014066676044
113.49564799992368	211.00014066676044
113.78005599998869	211.00014066676044
114.06425799999852	211.00014066676044
114.34822399995755	143.99988480009216
114.63572399993427	143.99988480009216
115.05240299995057	143.99988480009216
115.46862199995667	143.99988480009216
115.88573099998757	143.99988480009216
116.30234599998221	143.99988480009216
116.71930599992629	143.99988480009216
117.13533099996857	137.99987580011177
117.17244799993932	137.99987580011177
117.60690499993507	137.99987580011177
118.04360799991991	137.99987580011177
118.4768449999392	137.99987580011177
118.91078899998683	137.99987580011177
119.34602399996947	137.99987580011177
119.78038299991749	137.99987580011177
120.21586100000422	137.99987580011177
120.65128099999856	137.99987580011177
121.08474500000011	137.99987580011177
121.52077399997506	137.99987580011177
121.95393199997488	123.99999173333389
122.14048699999694	123.99999173333389
122.62473299994599	123.99999173333389
123.10826099989936	140.99997180000565
123.43593999999575	140.99997180000565
123.86093500000425	140.99997180000565
124.28648599993903	140.99997180000565
124.71335099998396	140.99997180000565
125.13887999998406	140.99997180000565
125.56352999992669	140.99997180000565
125.98913999996148	140.99997180000565
126.41406699991785	140.99997180000565
126.84103899996262	140.99997180000565
127.26543599995784	38.99998830000351
128.10823099990375	38.99998830000351
129.64571599999908	65.0
130.01642399991397	65.0
130.94101999991108	65.0
131.86223299999256	65.0
132.7856749999337	65.0
133.709010999999	113.00009605008164
134.18826099997386	113.00009605008164
134.71930999995675	104.00001386666851
134.79356599994935	104.00001386666851
135.37029299989808	104.00001386666851
135.94822099991143	104.00001386666851
136.52539899991825	104.00001386666851
137.10098499991	104.00001386666851
137.67815900000278	104.00001386666851
138.25497599993832	104.00001386666851
138.83207799994852	59.0
139.1889089999022	59.0
140.2067199999001	59.0
141.2232869999716	59.0
142.23968100000639	122.99996925000768
142.70593099994585	122.99996925000768
143.1940319999121	122.99996925000768
143.68299599993043	122.99996925000768
144.17078399995808	122.99996925000768
144.65738599991892	143.000143000143
144.968586999923	143.000143000143
145.3871849999996	143.000143000143
145.8067719999235	143.000143000143
146.22629399993457	143.000143000143
146.64680599991698	143.000143000143
147.06578599999193	215.99982720013824
147.14792499993928	215.99982720013824
147.42485799989663	215.99982720013824
147.70338299998548	215.99982720013824
147.980891999905	215.99982720013824
148.25808299996424	215.99982720013824
148.53638499998488	215.99982720013824
148.8142799999332	215.99982720013824
149.09189399995375	215.99982720013824
149.37052199989557	215.99982720013824
149.64726499991957	215.99982720013824
149.92509699997026	215.99982720013824
150.20264799997676	215.99982720013824
150.48098499991465	215.99982720013824
150.75815599993803	215.99982720013824
151.03622599993832	80.99997165000993
151.29660999996122	80.99997165000993
152.03801399993245	80.99997165000993
152.77823799999896	80.99997165000993
153.51994899997953	115.00002875000719
153.7061419999227	115.00002875000719
154.22812399989925	115.00002875000719
154.75017399992794	115.00002875000719
155.27220599993598	115.00002875000719
155.79613599996082	115.00002875000719
156.3149829999311	115.00002875000719
156.83665199996904	115.00002875000719
157.35893499990925	131.00007641671124
157.7079720000038	131.00007641671124
158.16575699998066	101.0
158.20616199995857	101.0
158.80053899995983	101.0
159.39418999990448	101.0
159.98815999994986	101.0
160.5825059999479	101.0
161.17666799994186	101.0
161.7710949999746	101.0
162.36539900000207	192.0
162.52068600000348	192.0
162.8324019999709	192.0
163.14562399999704	192.0
163.4579289999092	192.0
163.7712229999015	192.0
164.08251599990763	103.0000480666891
164.12576099997386	103.0000480666891
164.70748199999798	103.0000480666891
165.28945399995428	103.0000480666891
165.87370699993335	103.0000480666891
166.45433099998627	103.0000480666891
167.03706099989358	103.0000480666891
167.61917799990624	103.0000480666891
168.202428999939	218.0
168.3894609999843	218.0
168.6649089999264	218.0
168.93907500000205	218.0
169.21502799994778	218.0
169.49013599997852	218.0
169.7646689999383	218.0
170.04034099995624	218.0
170.31503399997018	154.99990958338608
170.42920099990442	154.99990958338608
170.81618899991736	154.99990958338608
171.20327099994756	154.99990958338608
171.59161399991717	154.99990958338608
171.97721199993975	154.99990958338608
172.36472499999218	154.99990958338608
172.75329299992882	154.99990958338608
173.1386309999507	154.99990958338608
173.52572699997108	154.99990958338608
173.9124839999713	154.99990958338608
174.30144299997482	148.000148000148
174.31234999990556	148.000148000148
174.7173349999357	148.000148000148
175.12358699995093	148.000148000148
175.52974099991843	148.000148000148
175.93379899999127	148.000148000148
176.34227299992926	192.0
176.58338699990418	192.0
176.89587099989876	192.0
177.20885799999814	192.0
177.52162399992812	192.0
177.83383599994704	192.0
178.1453919999767	192.0
178.45833900000434	192.0
178.77137099998072	192.0
179.0844769999385	192.0
179.39617599989288	192.0
179.70875399990473	192.0
180.02043399994727	192.0
180.33462099998724	185.000185000185
180.34549399989191	185.000185000185
180.66894499992486	185.000185000185
180.99257599993143	185.000185000185
181.31714999990072	185.000185000185
181.6418559999438	185.000185000185
181.96591299993452	185.000185000185
182.29120300000068	209.00024731695933
182.54860799992457	209.00024731695933
182.83573900000192	209.00024731695933
183.1235699999379	209.00024731695933
183.4114249999402	209.00024731695933
183.6971369999228	209.00024731695933
183.98419200000353	209.00024731695933
184.27292099990882	209.00024731695933
184.55845699994825	209.00024731695933
184.84550199995283	209.00024731695933
185.13214399991557	209.00024731695933
185.4191319999518	209.00024731695933
185.7065269999439	209.00024731695933
185.99354599998333	209.00024731695933
186.28205399995204	213.99987160007703
186.55572999990545	213.99987160007703
186.83655000000726	213.99987160007703
187.11716799996793	213.99987160007703
187.3972439999925	213.99987160007703
187.67751099995803	213.99987160007703
187.95808199991006	213.99987160007703
188.23897599999327	193.0
188.2580359999556	193.0
188.57081399997696	193.0
188.87980899994727	193.0
189.19070399994962	193.0
189.50157799990848	193.0
189.81297799991444	193.0
190.12483499990776	193.0
190.43441499990877	193.0
190.74530299997423	193.0
191.05594200000633	193.0
191.3676259999629	193.0
191.67830399994273	193.0
191.98896799993236	193.0
192.30134799994994	97.9999836666694
192.54288399999496	97.9999836666694
193.1539599999087	97.9999836666694
193.76617600000463	97.9999836666694
194.37890099990182	204.9999487500128
194.50182799994946	204.9999487500128
194.7950309999287	204.9999487500128
195.08658899995498	204.9999487500128
195.37893299991265	204.9999487500128
195.67357599991374	204.9999487500128
195.96391900000162	204.9999487500128
196.2569019999355	204.9999487500128
196.54984999995213	204.9999487500128
196.84353199996985	204.9999487500128
197.13531299994793	204.9999487500128
197.4275299999863	204.9999487500128
197.7201439999044	204.9999487500128
198.01565899990965	204.9999487500128
198.30564999999478	204.9999487500128
198.5984559999779	204.9999487500128
198.8909879999701	204.9999487500128
199.18521199992392	204.9999487500128
199.47642799990717	204.9999487500128
199.7688489999855	204.9999487500128
200.06157899997197	204.9999487500128
200.35431799991056	204.9999487500128
200.64784099999815	204.9999487500128
200.9407179999398	204.9999487500128
201.23244399996474	204.9999487500128
201.52620699990075	204.9999487500128
201.81786499998998	204.9999487500128
202.11066399991978	204.9999487500128
202.4036789999809	204.9999487500128
202.6959509999724	204.9999487500128
202.98835199989844	204.9999487500128
203.283073999919	204.9999487500128
203.57366599992383	204.9999487500128
203.86747099994682	204.9999487500128
204.16073199990205	204.9999487500128
204.45237299997825	204.9999487500128
204.74601599993184	204.9999487500128
205.0377809999045	204.9999487500128
205.32989399996586	204.9999487500128
205.6252969999332	204.9999487500128
205.91577199997846	204.9999487500128
206.20876899990253	204.9999487500128
206.50188499991782	204.9999487500128
206.79325999994762	204.9999487500128
207.08708899992052	204.9999487500128
207.37968999997247	204.9999487500128
207.67171699996106	204.9999487500128
207.96522699994966	204.9999487500128
208.25737299991306	204.9999487500128
208.54930999991484	204.9999487500128
208.8422089999076	204.9999487500128
209.13523099990562	204.9999487500128
209.42760599998292	204.9999487500128
209.72010199993383	204.9999487500128
210.01297099993099	204.9999487500128
210.30570499994792	204.9999487500128
210.5989839999238	204.9999487500128
210.89280999999028	204.9999487500128
211.18393299996387	204.9999487500128
211.4763409999432	204.9999487500128
211.76989299990237	204.9999487500128
212.06381500000134	204.9999487500128
212.35508799995296	204.9999487500128
212.64789299992844	204.9999487500128
212.9411540000001	204.9999487500128
213.2341449999949	204.9999487500128
213.52544299990404	204.9999487500128
213.81793199991807	204.9999487500128
214.11028999998234	204.9999487500128
214.4035290000029	204.9999487500128
214.69577699992806	204.9999487500128
214.98884399991948	204.9999487500128
215.28161499998532	204.9999487500128
215.57382299995515	204.9999487500128
215.86689499998465	204.9999487500128
216.15915799990762	204.9999487500128
216.45342799997889	204.9999487500128
216.7448559999466	204.9999487500128
217.0370829999447	204.9999487500128
217.33136299997568	204.9999487500128
217.62317399994936	204.9999487500128
217.91581599996425	204.9999487500128
218.20908899989445	204.9999487500128
218.50106499996036	204.9999487500128
218.79347799997777	204.9999487500128
219.08606799994595	204.9999487500128
219.37989099998958	204.9999487500128
219.67202899989206	204.9999487500128
219.9641919999849	204.9999487500128
220.25676499994006	204.9999487500128
220.55018299992662	204.9999487500128
220.84307800000533	204.9999487500128
221.1345479999436	204.9999487500128
221.42752499994822	204.9999487500128
221.72245000000112	204.9999487500128
222.01476099994034	204.9999487500128
222.3058079999173	204.9999487500128
222.59983899991494	204.9999487500128
222.8915749998996	204.9999487500128
223.18551099998876	204.9999487500128
223.4764369999757	204.9999487500128
223.76915199996438	204.9999487500128
224.06356599996798	204.9999487500128
224.3549209999619	204.9999487500128
224.64728699997067	204.9999487500128
224.94095199997537	204.9999487500128
225.23254299990367	204.9999487500128
225.52516699989792	204.9999487500128
225.8183569998946	204.9999487500128
226.11033599998336	204.9999487500128
226.40499199996702	204.9999487500128
226.69616900000256	204.9999487500128
226.98927199991886	204.9999487500128
227.28179599996656	204.9999487500128
227.57485099998303	204.9999487500128
227.8665129999863	204.9999487500128
228.16000699996948	204.9999487500128
228.4536079999525	204.9999487500128
228.74530799989589	204.9999487500128
229.03849099995568	204.9999487500128
229.3321799999103	204.9999487500128
229.62489300000016	204.9999487500128
229.9159969999455	204.9999487500128
230.2086619999027	204.9999487500128
230.50050699990243	204.9999487500128
230.79419099993538	204.9999487500128
231.08644699992146	204.9999487500128
231.3790479999734	204.9999487500128
231.67326700000558	204.9999487500128
231.96406999998726	204.9999487500128