0.006876999977976084	120.0
0.5004930000286549	120.0
1.000493999919854	120.0
1.5008799999486655	120.0
2.0002379999496043	120.0
2.5029970000032336	120.0
3.000558999949135	120.0
3.502836999949068	120.0
4.000842000008561	120.0
4.501331000006758	120.0
5.000324000022374	120.0
5.500419999938458	120.0
6.000875000027008	120.0
6.5004079999635	120.0
7.000300999963656	120.0
7.500668999971822	120.0
8.00289999996312	120.0
8.500242999987677	120.0
9.000393999973312	120.0
9.500652999966405	120.0
10.000794999999925	120.0
10.500885999994352	120.0
11.001002999953926	120.0
11.500510999932885	120.0
12.001327999983914	120.0
12.500525999930687	120.0
13.0009269999573	120.0
13.500755999935791	120.0
14.00087099999655	120.0
14.500918000005186	120.0
15.000602999934927	120.0
15.50096700002905	120.0
16.000309000024572	120.0
16.500304999994114	120.0
17.000433999928646	120.0
17.500999999931082	120.0
18.00160199997481	120.0
18.500640999991447	120.0
19.000971999950707	120.0
19.501120000029914	120.0
20.000468999962322	120.0
20.500858000013977	120.0
21.000497999950312	120.0
21.500751000014134	120.0
22.000869999988936	120.0
22.50121399993077	120.0
23.000345999957062	120.0
23.50046599993948	120.0
24.000372999929823	120.0
24.501215999945998	120.0
25.00049999996554	120.0
25.500548999989405	120.0
26.001111999968998	120.0
26.500621999963187	120.0
27.000633999938145	120.0
27.50119199999608	120.0
28.001093999948353	120.0
28.50072899996303	147.0000955500621
28.836776999989524	147.0000955500621
29.242974999942817	147.0000955500621
29.6512540000258	147.0000955500621
30.059826000011526	91.0
30.068894000025466	91.0
30.72865099995397	91.0
31.387189999921247	91.0
32.04538499994669	91.0
32.70603000000119	91.0
33.363986999960616	91.0
34.024267999920994	91.0
34.68241200002376	210.00021000021
34.924546999973245	210.00021000021
35.21032199996989	210.00021000021
35.49757999996655	210.00021000021
35.78223899996374	210.00021000021
36.06708199996501	210.00021000021
36.35310900001787	209.00024731695933
36.354032999952324	209.00024731695933
36.64128099998925	209.00024731695933
36.929578999988735	209.00024731695933
37.21582499996293	209.00024731695933
37.50314799998887	209.00024731695933
37.78975400002673	209.00024731695933
38.07952399994247	209.00024731695933
38.36351499997545	209.00024731695933
38.65059899992775	209.00024731695933
38.9388340000296	209.00024731695933
39.22534300002735	209.00024731695933
39.51198199996725	209.00024731695933
39.79927499999758	209.00024731695933
40.08929299993906	177.0
40.09190699993633	177.0
40.43050299992319	177.0
40.769396999967285	177.0
41.10839499998838	177.0
41.447521999944	177.0
41.78723599994555	177.0
42.12558899994474	177.0
42.464347000001	215.99982720013824
42.681463000015356	215.99982720013824
42.95922600000631	215.99982720013824
43.237008000025526	215.99982720013824
43.515879999962635	215.99982720013824
43.79254799999762	215.99982720013824
44.07054599991534	215.99982720013824
44.34993000002578	215.99982720013824
44.62593300000299	215.99982720013824
44.90375199995469	215.99982720013824
45.18145999999251	215.99982720013824
45.459369999938644	215.99982720013824
45.73701699997764	215.99982720013824
46.01474000001326	215.99982720013824
46.29313699994236	32.99999670000033
47.32794400001876	32.99999670000033
49.14777199993841	64.0
49.59424200002104	64.0
50.53086599998642	64.0
51.46944499993697	64.0
52.405976000009105	204.9999487500128
52.517179999966174	204.9999487500128
52.80900299991481	204.9999487500128
53.10087899991777	204.9999487500128
53.39351700001862	204.9999487500128
53.68715299991891	204.9999487500128
53.97885399998631	204.9999487500128
54.27181700000074	177.00002655000398
54.29796999995597	177.00002655000398
54.63572199991904	177.00002655000398
54.97422899992671	177.00002655000398
55.31336199992802	177.00002655000398
55.65279800002463	177.00002655000398
55.99139300000388	177.00002655000398
56.33008899993729	177.00002655000398
56.66911399993114	177.00002655000398
57.01005699997768	177.00002655000398
57.34705099998973	177.00002655000398
57.68769499997143	177.00002655000398
58.0259209999349	177.00002655000398
58.36518999992404	24.0
59.78372299997136	24.0
62.28437100001611	178.0
62.39719799999148	178.0
62.73396999994293	178.0
63.07097499992233	178.0
63.40785900002811	178.0
63.746341999969445	178.0
64.08201799995732	178.0
64.41953900002409	106.99993580003851
64.64783399994485	106.99993580003851
65.20977999991737	106.99993580003851
65.76864999998361	106.99993580003851
66.32913800003007	46.99999060000188
66.65484899992589	46.99999060000188
67.93823799991515	46.99999060000188
69.20948700001463	46.99999060000188
70.48485899996012	146.0
70.61963299999479	146.0
71.02954499993939	146.0
71.44124900002498	146.0
71.85214999993332	146.0
72.26245799998287	148.000148000148
72.66676900000311	148.000148000148
73.0710309999995	148.000148000148
73.47665299999062	148.000148000148
73.88284099998418	148.000148000148
74.2878100000089	148.000148000148
74.69261099991854	148.000148000148
75.0991909999866	148.000148000148
75.50453299994115	148.000148000148
75.91029099992011	148.000148000148
76.31568200001493	132.9999468000213
76.34037699992768	132.9999468000213
76.79146199999377	132.9999468000213
77.2435589999659	132.9999468000213
77.69518399995286	132.9999468000213
78.14658199995756	132.9999468000213
78.59777499991469	62.99999685000016
79.16573599993717	62.99999685000016
80.11800699995365	62.99999685000016
81.07039300003089	62.99999685000016
82.02334900002461	62.99999685000016
82.9752650000155	71.00003550001774
83.72039799997583	71.00003550001774
84.56649899994954	67.99999546666697
84.5867009999929	67.99999546666697
85.46956100000534	67.99999546666697
86.35130699991714	67.99999546666697
87.23457899992354	67.99999546666697
88.11748200003058	142.0000710000355
88.52479599998333	142.0000710000355
88.94656900002155	142.0000710000355
89.3685369999148	142.0000710000355
89.79093100002501	142.0000710000355
90.21497199998703	195.0
90.48925099999178	195.0
90.79799699992873	195.0
91.10417399997823	195.0
91.41174000001047	195.0
91.7204769999953	195.0
92.02899399993476	195.0
92.33497099997476	195.0
92.65978400001768	195.0
92.95016999996733	195.0
93.25969099998474	195.0
93.565923999995	195.0
93.87373699992895	195.0
94.18066700000782	152.99994645001874
94.20531899994239	152.99994645001874
94.59958199993707	152.99994645001874
94.99013599997852	152.99994645001874
95.38303299993277	152.99994645001874
95.77426400000695	152.99994645001874
96.16683599993121	151.99993920002433
96.56233200000133	151.99993920002433
96.95822999998927	151.99993920002433
97.36861699994188	151.99993920002433
97.74575100000948	151.99993920002433
98.14044400001876	151.99993920002433
98.5351789999986	151.99993920002433
98.93002400000114	151.99993920002433
99.32550599996466	151.99993920002433
99.71945899992716	151.99993920002433
100.11423900001682	74.0
100.13126699998975	74.0
100.94198999996297	74.0
101.75349999999162	74.0
102.56536300003063	204.9999487500128
102.61025999998674	204.9999487500128
102.90286499995273	204.9999487500128
103.19544399995357	204.9999487500128
103.4893269999884	204.9999487500128
103.78059199999552	204.9999487500128
104.07303999993019	204.9999487500128
104.36755500000436	204.9999487500128
104.65851699991617	204.9999487500128
104.95141400001012	204.9999487500128
105.24445799994282	204.9999487500128
105.53779799991753	204.9999487500128
105.82900199992582	204.9999487500128
106.12160900002345	204.9999487500128
106.41617600002792	62.99999685000016
106.95028999994975	62.99999685000016
107.90305800002534	62.99999685000016
108.85463499999605	168.99980283356336
109.14162699994631	168.99980283356336
109.49730799999088	168.99980283356336
109.85169199993834	168.99980283356336
110.20842899999116	168.99980283356336
110.56241799995769	168.99980283356336
110.91706599993631	168.99980283356336
111.27280499995686	168.99980283356336
111.6271499999566	168.99980283356336
111.98242799995933	168.99980283356336
112.3378579999553	67.00002903334591
112.61083399993367	67.00002903334591
113.50379400001839	67.00002903334591
114.3989859999856	177.00002655000398
114.58954399998765	177.00002655000398
114.92923799995333	177.00002655000398
115.2813769999193	177.00002655000398
115.60831299994607	177.00002655000398
115.94763900001999	177.00002655000398
116.28497399995103	177.00002655000398
116.6236149999313	177.00002655000398
116.96392799995374	177.00002655000398
117.30168699997012	177.00002655000398
117.64129800000228	177.00002655000398
117.97950399992988	177.00002655000398
118.31872799992561	186.9997756002693
118.6312410000246	186.9997756002693
118.95281799999066	186.9997756002693
119.27285800001118	186.9997756002693
119.59438499994576	186.9997756002693
119.91602999996394	186.9997756002693
120.23771899996791	138.0
120.2769809999736	138.0
120.71176899992861	138.0
121.14637999993283	138.0
121.581119999988	138.0
122.01634500001092	138.0
122.45061900001019	138.0
122.885718000005	138.0
123.32031500001904	138.0
123.76880099996924	138.0
124.18991399998777	138.0
124.62477200001013	57.999986466669824
125.24003300000913	57.999986466669824
126.27410899999086	57.999986466669824
127.30839699995704	30.99999793333347
128.2880919999443	30.99999793333347
130.21000999992248	135.0
130.58848399994895	135.0
131.0328359999694	135.0
131.47933399991598	135.0
131.92189300002065	135.0
132.36786799994297	93.99998120000376
132.43904700002167	93.99998120000376
133.07993599993642	93.99998120000376
133.71718299994245	93.99998120000376
134.35428700002376	93.99998120000376
134.9960410000058	93.99998120000376
135.63124599994626	93.99998120000376
136.27326199994422	93.99998120000376
136.90781000000425	214.99982083348263
137.07489199994598	214.99982083348263
137.36808699998073	214.99982083348263
137.6358079999918	214.99982083348263
137.91332399996463	214.99982083348263
138.19196700002067	136.0001450668214
138.21098500001244	136.0001450668214
138.65240899997298	136.0001450668214
139.09412599995267	136.0001450668214
139.53427199996077	136.0001450668214
139.97670200001448	136.0001450668214
140.4166419999674	136.0001450668214
140.8591529999394	136.0001450668214
141.2991959999781	136.0001450668214
141.74039099994116	136.0001450668214
142.18146100000013	72.00002880001152
142.19922399998177	72.00002880001152
143.03314199997112	72.00002880001152
143.86772699991707	72.00002880001152
144.69909499993082	165.000165000165
144.76187199994456	165.000165000165
145.1262369999895	165.000165000165
145.4893419999862	165.000165000165
145.85380399995483	165.000165000165
146.21701799996663	165.000165000165
146.58041799999774	165.000165000165
146.94363599992357	165.000165000165
147.3101429999806	165.000165000165
147.67147299996577	165.000165000165
148.0349789999891	165.000165000165
148.3990839999169	137.99987580011177
148.4438889999874	137.99987580011177
148.8775579999201	137.99987580011177
149.31250899995212	137.99987580011177
149.74730599997565	137.99987580011177
150.18202800001018	94.0
150.19982500001788	94.0
150.8378800000064	94.0
151.47621799993794	94.0
152.11431400000583	94.0
152.75294899998698	94.0
153.3908100000117	94.0
154.02929500001483	94.0
154.66764499992132	120.0
155.06053999997675	120.0
155.56005199998617	120.0
156.06022799992934	120.0
156.5604619999649	167.00020318358054
156.80964999995194	167.00020318358054
157.1689319999423	167.00020318358054
157.5284489999758	167.00020318358054
157.88902999996208	167.00020318358054
158.24900900002103	167.00020318358054
158.60826499992982	167.00020318358054
158.96588399994653	167.00020318358054
159.32505400001537	167.00020318358054
159.68508199998178	167.00020318358054
160.04360400000587	167.00020318358054
160.40351700002793	31.0
161.50929700001143	31.0
163.44388399994932	103.0000480666891
163.70949599996675	103.0000480666891
164.28960299992468	103.0000480666891
164.87283899995964	103.0000480666891
165.45512900000904	103.0000480666891
166.03940599993803	103.0000480666891
166.61984699999448	97.9999836666694
166.6430039999541	97.9999836666694
167.25680899992585	97.9999836666694
167.86981299996842	97.9999836666694
168.48048899997957	80.0
168.55229000002146	80.0
169.3017009999603	80.0
170.0528199999826	80.0
170.8015069999965	80.0
171.5520789999282	80.0
172.30405999999493	69.00001725000432
172.32449699996505	69.00001725000432
173.1941869999282	69.00001725000432
174.06360100000165	69.00001725000432
174.93367399997078	57.999986466669824
175.08010000002105	57.999986466669824
176.11438699997962	57.999986466669824
177.14947099995334	57.999986466669824
178.18236799992155	57.999986466669824
179.21689599996898	55.99997760000896
179.2531799999997	55.99997760000896
180.32615199999418	178.0
180.54959099995904	178.0
180.88751599995885	178.0
181.2250869999407	178.0
181.56143100000918	178.0
181.89800899999682	178.0
182.23519599996507	178.0
182.57686899998225	178.0
182.90956800000276	178.0
183.24690499994904	178.0
183.5843079999322	178.0
183.92113899998367	178.0
184.2587470000144	178.0
184.59457499999553	98.99993565004183
184.8982079999987	98.99993565004183
185.50417600001674	98.99993565004183
186.10973399993964	98.99993565004183
186.7157929999521	177.00002655000398
186.83290099992882	177.00002655000398
187.17229199991561	177.00002655000398
187.51068299997132	177.00002655000398
187.84968500002287	177.00002655000398
188.18966699996963	177.00002655000398
188.52768199995626	177.00002655000398
188.86827199999243	177.00002655000398
189.20773099991493	177.00002655000398
189.54501300002448	177.00002655000398
189.88414099998772	177.00002655000398
190.2239549999358	167.0
190.22606000001542	167.0
190.5851879999973	167.0
190.94436099997256	167.0
191.30482399999164	167.0
191.66403799992986	167.0
192.0231119999662	167.0
192.381447999971	167.0
192.7410759999184	167.0
193.10009299998637	167.0
193.45922999992035	167.0
193.81873499997891	167.0
194.17979500000365	167.0
194.53714499995112	167.0
194.89875299995765	167.0
195.25714000000153	167.0
195.61656799993943	167.0
195.9756059999345	167.0
196.33500999992248	167.0
196.69285300001502	167.0
197.0532499999972	167.0
197.41142299992498	167.0
197.77142399991862	167.0
198.13014199992176	167.0
198.48989999992773	167.0
198.84866299992427	167.0
199.20974800002296	167.0
199.5686679999344	167.0
199.92877999995835	167.0
200.28642299992498	167.0
200.64573099999689	167.0
201.0057960000122	167.0
201.36463600001298	167.0
201.7236130000092	167.0
202.08211700001266	167.0
202.44126899994444	167.0
202.80110899999272	167.0
203.16000499995425	167.0
203.5197829999961	167.0
203.87850400002208	167.0
204.23768699995708	167.0
204.599339999957	167.0
204.9563789999811	167.0
205.31570099992678	167.0
205.67620300001	167.0
206.03417400002945	167.0
206.39475899992976	167.0
206.75396200001705	167.0
207.1132969999453	167.0
207.4722709999187	167.0
207.83070099994075	167.0
208.19017999991775	167.0
208.54949699994177	167.0
208.91035799996462	167.0
209.26759499998298	167.0
209.62701099994592	167.0
209.9870949999895	167.0
210.34630899992771	167.0
210.70629300002474	167.0
211.06440799997654	167.0
211.42361399997026	167.0
211.78299300000072	167.0
212.1419899999164	167.0
212.50605700002052	167.0
212.86093700001948	167.0
213.22087399999145	167.0
213.57966499996837	167.0
213.93872600002214	167.0
214.29792499996256	167.0
214.65751599997748	167.0
215.01617999991868	167.0
215.37673000001814	167.0
215.73649399995338	167.0
216.0943069999339	167.0
216.45409299992025	167.0
216.8137749999296	167.0
217.1726769999368	167.0
217.5312139999587	167.0
217.89109399996232	167.0
218.25031499995384	167.0
218.6096719999332	167.0
218.96829500002787	167.0
219.32979599991813	167.0
219.68696199997794	167.0
220.04714599996805	167.0
220.40597299998626	167.0
220.76665699994192	167.0
221.12533099995926	167.0
221.48336800001562	167.0
221.84253299992997	167.0
222.2018270000117	167.0
222.5619439999573	167.0
222.920867000008	167.0
223.2797599999467	167.0
223.63916000002064	167.0
223.99956799997017	167.0
224.3580030000303	167.0
224.71815199998673	167.0
225.07808999996632	167.0
225.436195999966	167.0
225.79587000003085	167.0
226.15394799993373	167.0
226.51451499992982	167.0
226.873517	167.0
227.2322990000248	167.0
227.59189199993853	167.0
227.95049600000493	167.0
228.30996699992102	167.0
228.66999500000384	167.0
229.02836599992588	167.0
229.38785499997903	167.0
229.74730499996804	167.0
230.10719899996184	167.0
230.46641699993052	167.0
230.82480699999724	167.0
231.1839049999835	167.0
231.54330000001937	167.0
231.90347299992573	167.0
232.26213099993765	167.0
232.6209749999689	167.0
232.9806399999652	167.0
233.34001199994236	167.0
233.69892100000288	167.0
234.05939700000454	167.0


2.0057259999448434	120.0
2.50304199999664	120.0
3.0005269999383017	120.0
3.5030629999237135	120.0
4.000842000008561	120.0
4.501570999971591	120.0
5.0005879999371246	120.0
5.500625999993645	120.0
6.000868999981321	120.0
6.500421999953687	120.0
7.000510999932885	120.0
7.5006769999163225	120.0
8.002466999925673	120.0
8.500237999949604	120.0
9.000554999918677	120.0
9.500356999924406	120.0
10.000990999978967	120.0
10.501180000021122	120.0
11.00075000000652	120.0
11.500966000021435	120.0
12.001224000006914	120.0
12.500539999920875	120.0
13.000478000030853	120.0
13.500748999998905	120.0
14.001210000016727	120.0
14.500918000005186	120.0
15.000212999992073	120.0
15.501195000018924	120.0
16.000639999983832	120.0
16.500304999994114	120.0
17.000433999928646	120.0
17.50079600000754	120.0
18.000534999999218	120.0
18.501094999955967	120.0
19.00115799997002	120.0
19.501426999922842	120.0
20.00069000001531	120.0
20.501075999927707	120.0
21.000961999990977	120.0
21.500374999945052	120.0
22.000717999995686	120.0
22.501010000007227	120.0
23.000575999962166	120.0
23.500710999942385	120.0
24.000815999927	120.0
24.5008229999803	120.0
25.000829999917187	120.0
25.50029200001154	120.0
26.00075799995102	120.0
26.500319999991916	120.0
27.000923999934457	120.0
27.500977999996394	120.0
28.000608999980614	120.0
28.5015349999303	147.0
28.83700099994894	147.0
29.243222999968566	147.0
29.651458999956958	147.0
30.05929899995681	90.99995298335763
30.06867599999532	90.99995298335763
30.72936999995727	90.99995298335763
31.387524000019766	90.99995298335763
32.045018999953754	90.99995298335763
32.70578299998306	90.99995298335763
33.363761999993585	90.99995298335763
34.02467800001614	90.99995298335763
34.65844199992716	210.00021000021
34.900599999935366	210.00021000021
35.18579499993939	210.00021000021
35.47155999997631	210.00021000021
35.75897999992594	210.00021000021
36.04286599997431	210.00021000021
36.32861199998297	209.00024731695933
36.32989299995825	209.00024731695933
36.61704499996267	209.00024731695933
36.904316999949515	209.00024731695933
37.19134000001941	209.00024731695933
37.47810099995695	209.00024731695933
37.76520099991467	209.00024731695933
38.0522049999563	209.00024731695933
38.339445999939926	209.00024731695933
38.626615999965	209.00024731695933
38.91448999999557	209.00024731695933
39.20070799998939	209.00024731695933
39.487683999934234	209.00024731695933
39.77601099992171	209.00024731695933
40.06253300001845	177.00002655000398
40.0675259999698	177.00002655000398
40.406714999931864	177.00002655000398
40.74588099995162	177.00002655000398
41.08460499998182	177.00002655000398
41.423525999998674	177.00002655000398
41.76228699996136	177.00002655000398
42.10124999994878	177.00002655000398
42.44019799993839	215.99982720013824
42.65720199991483	215.99982720013824
42.935178000014275	215.99982720013824
43.21288599993568	215.99982720013824
43.49079299997538	215.99982720013824
43.76847299991641	215.99982720013824
44.04728599998634	215.99982720013824
44.32508799992502	215.99982720013824
44.60175099992193	215.99982720013824
44.87991899996996	215.99982720013824
45.15752399992198	215.99982720013824
45.43509499996435	215.99982720013824
45.712913999916054	215.99982720013824
45.990754000027664	215.99982720013824
46.26864199992269	32.99999670000033
47.30395600001793	32.99999670000033
49.122089999960735	64.0
49.56940899998881	64.0
50.507098999922164	64.0
51.445186999975704	64.0
52.382088999962434	204.9999487500128
52.49140699999407	204.9999487500128
52.78474299993832	204.9999487500128
53.07662700000219	204.9999487500128
53.3695000000298	204.9999487500128
53.66207299998496	204.9999487500128
53.95576199993957	204.9999487500128
54.248908999958076	177.00002655000398
54.272144999937154	177.00002655000398
54.61115899996366	177.00002655000398
54.950062999967486	177.00002655000398
55.28932699991856	177.00002655000398
55.628096999949776	177.00002655000398
55.96859299996868	177.00002655000398
56.30764200002886	177.00002655000398
56.6459549999563	177.00002655000398
56.984366999939084	177.00002655000398
57.32299899996724	177.00002655000398
57.66242599999532	177.00002655000398
58.00115199992433	177.00002655000398
58.339910999988206	24.0
59.75949099997524	24.0
62.25963099999353	177.99981606685674
62.397209999966435	177.99981606685674
62.73445200000424	177.99981606685674
63.07084399997257	177.99981606685674
63.40810200001579	177.99981606685674
63.74611099995673	177.99981606685674
64.08201000001281	177.99981606685674
64.41952899994794	106.99993580003851
64.64770799991675	106.99993580003851
65.20977999991737	106.99993580003851
65.7686639999738	106.99993580003851
66.32946999999695	46.99999060000188
66.6544780000113	46.99999060000188
67.9427489999216	46.99999060000188
69.20950699993409	46.99999060000188
70.48524700000416	145.9999659333413
70.61977500002831	145.9999659333413
71.02972899994347	145.9999659333413
71.44123799994122	145.9999659333413
71.85236699995585	145.9999659333413
72.26267600001302	148.000148000148
72.66703000001144	148.000148000148
73.07143100001849	148.000148000148
73.47667200001888	148.000148000148
73.88346399995498	148.000148000148
74.28775299992412	148.000148000148
74.69290199992247	148.000148000148
75.0991909999866	148.000148000148
75.50453299994115	148.000148000148
75.91009499994107	148.000148000148
76.3153610000154	132.9999468000213
76.34037699992768	132.9999468000213
76.79187399998773	132.9999468000213
77.24322699999902	132.9999468000213
77.69549700000789	132.9999468000213
78.14625999995042	63.0
78.21372100000735	63.0
79.16618900001049	63.0
80.11766099999659	63.0
81.07005199999548	63.0
82.02312399994116	63.0
82.97573499998543	71.00003550001774
83.72084299998824	71.00003550001774
84.56635500001721	67.99999546666697
84.58628699998371	67.99999546666697
85.46952499996405	67.99999546666697
86.35139299998991	67.99999546666697
87.23442300001625	67.99999546666697
88.11716099991463	142.0
88.52454899996519	142.0
88.94637000001967	142.0
89.3685369999148	142.0
89.79135199997108	142.0
90.21519599994645	195.000195000195
90.48896999994759	195.000195000195
90.79774099995848	195.000195000195
91.10439999995288	195.000195000195
91.41151799994987	195.000195000195
91.72031399991829	195.000195000195
92.0288859999273	195.000195000195
92.33524699998088	195.000195000195
92.65800399996806	195.000195000195
92.95060300000478	195.000195000195
93.25993099994957	195.000195000195
93.56572999991477	195.000195000195
93.87412399996538	195.000195000195
94.18085000000428	152.99994645001874
94.20551699993666	152.99994645001874
94.59906699997373	152.99994645001874
94.9899789999472	152.99994645001874
95.38323699997272	152.99994645001874
95.77442499995232	152.99994645001874
96.16729699994903	151.99993920002433
96.56246899999678	151.99993920002433
96.95860699994955	151.99993920002433
97.36726299999282	151.99993920002433
97.74579099996481	151.99993920002433
98.14048699999694	151.99993920002433
98.53576899995096	151.99993920002433
98.93031899991911	151.99993920002433
99.32566700002644	151.99993920002433
99.72009399998933	151.99993920002433
100.11670200002845	151.99993920002433
100.51012300001457	73.99998273333736
100.94198999996297	73.99998273333736
101.75348600000143	73.99998273333736
102.5659919999307	204.9999487500128
102.60983899992425	204.9999487500128
102.90232699993066	204.9999487500128
103.19513399992138	204.9999487500128
103.48912799998652	204.9999487500128
103.78057299996726	204.9999487500128
104.0727879999904	204.9999487500128
104.36755500000436	204.9999487500128
104.65865799994208	204.9999487500128
104.95133900002111	204.9999487500128
105.24418899999	204.9999487500128
105.53741200000513	204.9999487500128
105.82926199992653	204.9999487500128
106.12160900002345	204.9999487500128
106.41587599995546	62.99999685000016
106.94985500001349	62.99999685000016
107.9033519999357	62.99999685000016
108.85479699994903	169.0
109.1413889999967	169.0
109.49709700001404	169.0
109.85142800002359	169.0
110.2087809999939	169.0
110.56264999997802	169.0
110.91681199998129	169.0
111.27221500000451	169.0
111.62765599996783	169.0
111.98266500001773	169.0
112.33743700000923	67.00002903334591
112.61064800003078	67.00002903334591
113.50359899993055	67.00002903334591
114.39876200002618	177.00002655000398
114.58954399998765	177.00002655000398
114.92938200000208	177.00002655000398
115.28135699999984	177.00002655000398
115.60847799992189	177.00002655000398
115.94721999997273	177.00002655000398
116.28495599993039	177.00002655000398
116.6236730000237	177.00002655000398
116.96362499997485	177.00002655000398
117.30145899998024	177.00002655000398
117.64105999993626	177.00002655000398
117.97977299999911	177.00002655000398
118.31879799999297	187.0
118.63124699995387	187.0
118.95285999996122	187.0
119.2728669999633	187.0
119.59410799993202	187.0
119.91606999991927	187.0
120.23748000001069	137.99987580011177
120.27699199994095	137.99987580011177
120.71146699995734	137.99987580011177
121.14637999993283	137.99987580011177
121.5809489999665	137.99987580011177
122.01624599995557	137.99987580011177
122.45099199994002	137.99987580011177
122.88564100000076	137.99987580011177
123.32031500001904	137.99987580011177
123.77267299999949	137.99987580011177
124.19032699998934	137.99987580011177
124.62448200001381	57.999986466669824
125.21519899996929	57.999986466669824
126.2497629999416	57.999986466669824
127.28543499996886	30.99999793333347
128.2533510000212	30.99999793333347
130.1861299999291	135.000135000135
130.56391499994788	135.000135000135
131.00838799995836	135.000135000135
131.45398099999875	135.000135000135
131.89722099993378	135.000135000135
132.34229900001083	93.99998120000376
132.41624399996363	93.99998120000376
133.05366600002162	93.99998120000376
133.69147499999963	93.99998120000376
134.32950599992182	93.99998120000376
134.9699069999624	93.99998120000376
135.60607400001027	93.99998120000376
136.24514699995052	93.99998120000376
136.88364000001457	214.99982083348263
137.05047100002412	214.99982083348263
137.33047399995849	214.99982083348263
137.60875799995847	214.99982083348263
137.8890530000208	214.99982083348263
138.1671099999221	136.0
138.18851300003007	136.0
138.62886799999978	136.0
139.06914099992719	136.0
139.5098809999181	136.0
139.95116599998437	136.0
140.39344799995888	136.0
140.8343299999833	136.0
141.27645699994173	136.0
141.71701799996663	136.0
142.15772299992386	136.0
142.6000279999571	72.00002880001152
143.00826399994548	72.00002880001152
143.84143199992832	72.00002880001152
144.67583999992348	165.000165000165
144.73862099996768	165.000165000165
145.10110199998599	165.000165000165
145.4659990000073	165.000165000165
145.8288290000055	165.000165000165
146.19182700000238	165.000165000165
146.55697999999393	165.000165000165
146.91953600000124	165.000165000165
147.28271299996413	165.000165000165
147.6486899999436	165.000165000165
148.00999499997124	165.000165000165
148.3749410000164	138.0
148.41839599993546	138.0
148.8532600000035	138.0
149.28790300001856	138.0
149.72274100000504	138.0
150.15860299998894	138.0
150.59227699995972	93.99998120000376
150.8145459999796	93.99998120000376
151.4525160000194	93.99998120000376
152.08985400001984	93.99998120000376
152.72872100002132	93.99998120000376
152.7529439999489	93.99998120000376
153.3909289999865	93.99998120000376
154.0293019999517	93.99998120000376
154.66765600000508	120.0
155.06035499996506	120.0
155.55983799998648	120.0
156.05999199999496	120.0
156.56015999999363	167.00020318358054
156.8097640000051	167.00020318358054
157.16895299998578	167.00020318358054
157.5284489999758	167.00020318358054
157.88934699993115	167.00020318358054
158.24876899993978	167.00020318358054
158.60837099992204	167.00020318358054
158.96550199994817	167.00020318358054
159.32494099996984	167.00020318358054
159.68482600001153	167.00020318358054
160.04317800002173	167.00020318358054
160.4030260000145	30.99999793333347
161.5093989999732	30.99999793333347
163.4436739999801	103.0000480666891
163.70943499996793	103.0000480666891
164.28930299996864	103.0000480666891
164.8726729999762	103.0000480666891
165.45542599994224	103.0000480666891
166.03960299992468	103.0000480666891
166.61984699999448	97.9999836666694
166.6430039999541	97.9999836666694
167.25653200002853	97.9999836666694
167.8695519999601	97.9999836666694
168.4801720000105	80.0
168.55202399997506	80.0
169.3019449999556	80.0
170.05300999991596	80.0
170.80187700001989	80.0
171.5523520000279	80.0
172.30439299996942	69.00001725000432
172.32794400001876	69.00001725000432
173.1944459999213	69.00001725000432
174.06339299993124	69.00001725000432
174.93334500002675	57.999986466669824
175.08110099995974	57.999986466669824
176.11468799994327	57.999986466669824
177.14973099995404	57.999986466669824
178.182667999994	57.999986466669824
179.21710799995344	56.0
179.2533650000114	56.0
180.3263830000069	177.99981606685674
180.5498389999848	177.99981606685674
180.88771699997596	177.99981606685674
181.2247760000173	177.99981606685674
181.56174299994018	177.99981606685674
181.89832799998112	177.99981606685674
182.2349890000187	177.99981606685674
182.57659499999136	177.99981606685674
182.90975400002208	177.99981606685674
183.24756499996874	177.99981606685674
183.5850990000181	177.99981606685674
183.89645699993707	177.99981606685674
184.23429699998815	177.99981606685674
184.5709589999169	98.99993565004183
184.87360099994112	98.99993565004183
185.47958199994173	98.99993565004183
186.08720900001936	98.99993565004183
186.69163899996784	177.00002655000398
186.80866500001866	177.00002655000398
187.1476440000115	177.00002655000398
187.48643799999263	177.00002655000398
187.82547699997667	177.00002655000398
188.16439199994784	177.00002655000398
188.5034019999439	177.00002655000398
188.84286299999803	177.00002655000398
189.18131299992092	177.00002655000398
189.52047099999618	177.00002655000398
189.85947099991608	177.00002655000398
190.19928099995013	167.00020318358054
190.20174099993892	167.00020318358054
190.56088899995666	167.00020318358054
190.92026899999473	167.00020318358054
191.27963699994143	167.00020318358054
191.63884399994276	167.00020318358054
191.9979559999192	167.00020318358054
192.3581230000127	167.00020318358054
192.7165640000021	167.00020318358054
193.07581399998162	167.00020318358054
193.43508099997416	167.00020318358054
193.79457399994135	167.00020318358054
194.1536269999342	167.00020318358054
194.51308800000697	167.00020318358054
194.87225100002252	167.00020318358054
195.23155699996278	167.00020318358054
195.59088499995414	167.00020318358054
195.95014899992384	167.00020318358054
196.30951599997934	167.00020318358054
196.66959399997722	167.00020318358054
197.0279829999199	167.00020318358054
197.38829399994574	167.00020318358054
197.7465160000138	167.00020318358054
198.10644599993248	167.00020318358054
198.4651549999835	167.00020318358054
198.8243970000185	167.00020318358054
199.18356199993286	167.00020318358054
199.5428139999276	167.00020318358054
199.90232300001662	167.00020318358054
200.26153699995484	167.00020318358054
200.62074099993333	167.00020318358054
200.98021399998106	167.00020318358054
201.33961699996144	167.00020318358054
201.69872799993027	167.00020318358054
202.0578370000003	167.00020318358054
202.41714199993294	167.00020318358054
202.77744299999904	167.00020318358054
203.13647799997125	167.00020318358054
203.49499999999534	167.00020318358054
203.85437099996489	167.00020318358054
204.2137699999148	167.00020318358054
204.5741230000276	167.00020318358054
204.93245099997148	167.00020318358054
205.2914719999535	167.00020318358054
205.65070300002117	167.00020318358054
206.01002699998207	167.00020318358054
206.36934999993537	167.00020318358054
206.728460000013	167.00020318358054
207.08783199999016	167.00020318358054
207.4483069999842	167.00020318358054
207.80650700000115	167.00020318358054
208.16563800000586	167.00020318358054
208.525306000025	167.00020318358054
208.88436699996237	167.00020318358054
209.24360799998976	167.00020318358054
209.6028819999192	167.00020318358054
209.96207699994557	167.00020318358054
210.3212899999926	167.00020318358054
210.6806360000046	167.00020318358054
211.03999499999918	167.00020318358054
211.39931699994486	167.00020318358054
211.75877800001763	167.00020318358054
212.1176999999443	167.00020318358054
212.48942499991972	167.00020318358054
212.8363909999607	167.00020318358054
212.86051499994937	167.00020318358054
213.22052299999632	167.00020318358054
213.5793490000069	167.00020318358054
213.9384129999671	167.00020318358054
214.29761000000872	167.00020318358054
214.65690099995118	167.00020318358054
215.01621399994474	167.00020318358054
215.37684199993964	167.00020318358054
215.7365620000055	167.00020318358054
216.09404100000393	167.00020318358054
216.45412399992347	167.00020318358054
216.81406799994875	167.00020318358054
217.17279699991923	167.00020318358054
217.53122599993367	167.00020318358054
217.89087599993218	167.00020318358054
218.24991499993484	167.00020318358054
218.6096789999865	167.00020318358054
218.9685210000025	167.00020318358054
219.32994600001257	167.00020318358054
219.68696199997794	167.00020318358054
220.04714599996805	167.00020318358054
220.40573799994309	167.00020318358054
220.76617999991868	167.00020318358054
221.12556199997198	167.00020318358054
221.48355899995659	167.00020318358054
221.84256000001915	167.00020318358054
222.2023389999522	167.00020318358054
222.56201499991585	167.00020318358054
222.92041000002064	167.00020318358054
223.28003799996804	167.00020318358054
223.6393799999496	167.00020318358054
223.99981900001876	167.00020318358054
224.35763699992094	167.00020318358054
224.71847399999388	167.00020318358054
225.07783199998084	167.00020318358054
225.4359149999218	167.00020318358054
225.7970610000193	167.00020318358054
226.15422499994747	167.00020318358054
226.51399399992079	167.00020318358054
226.87299399997573	167.00020318358054
227.23173499992117	167.00020318358054
227.5916909999214	167.00020318358054
227.95046999992337	167.00020318358054
228.30994800000917	167.00020318358054
228.67141199996695	167.00020318358054
229.02809799998067	167.00020318358054
229.38753800000995	167.00020318358054
229.74730499996804	167.00020318358054
230.10695399995893	167.00020318358054
230.4658000000054	167.00020318358054
230.82480699999724	167.00020318358054
231.1839049999835	167.00020318358054
231.54330000001937	167.00020318358054
231.90344699996058	167.00020318358054
232.26211799995508	167.00020318358054
232.6214499999769	167.00020318358054
232.9810469999211	167.00020318358054
233.33974600001238	167.00020318358054
233.69873399997596	167.00020318358054
234.05871000001207	167.00020318358054


3.9819140000035986	120.0
4.477949999971315	120.0
4.5013030000263825	120.0
5.000324000022374	120.0
5.500404999940656	120.0
6.001063999952748	120.0
6.500697999959812	120.0
7.000300999963656	120.0
7.500926999957301	120.0
8.017403999925591	120.0
8.500496999942698	120.0
9.000401999917813	120.0
9.500758999958634	120.0
10.000748999998905	120.0
10.500905000022613	120.0
11.000944999977946	120.0
11.500736000016332	120.0
12.001133000012487	120.0
12.500759999966249	120.0
13.00045599997975	120.0
13.501287000020966	120.0
14.00087099999655	120.0
14.50117499998305	120.0
15.000477000023238	120.0
15.501380000030622	120.0
16.000782000017352	120.0
16.500529999961145	120.0
17.001021999982186	120.0
17.500734000001103	120.0
18.000732999993488	120.0
18.500640999991447	120.0
19.000941999955103	120.0
19.500811000005342	120.0
20.000479999929667	120.0
20.50095999997575	120.0
21.00075000000652	120.0
21.50061799993273	120.0
22.0007269999478	120.0
22.501014999928884	120.0
23.000327999936417	120.0
23.500777999986894	120.0
24.000713999965228	120.0
24.501069999998435	120.0
25.000727999955416	120.0
25.50055999995675	120.0
26.00125799991656	120.0
26.50077899999451	120.0
27.000633999938145	120.0
27.50095999997575	120.0
28.00059599999804	120.0
28.501181999919936	147.0000955500621
28.836699999985285	147.0000955500621
29.242974999942817	147.0000955500621
29.65124899998773	147.0000955500621
30.06043099996168	90.99995298335763
30.06867599999532	90.99995298335763
30.729057000018656	90.99995298335763
31.387443999992684	90.99995298335763
32.04596599994693	90.99995298335763
32.706438999972306	90.99995298335763
33.36420199996792	90.99995298335763
34.024503999971785	90.99995298335763
34.6826080000028	210.00021000021
34.92432699992787	210.00021000021
35.21008200000506	210.00021000021
35.49781199998688	210.00021000021
35.78250500001013	210.00021000021
36.04285299999174	210.00021000021
36.32815999991726	209.00024731695933
36.32951299997512	209.00024731695933
36.61714999994729	209.00024731695933
36.904241999960504	209.00024731695933
37.19135199999437	209.00024731695933
37.478222999954596	209.00024731695933
37.76475400000345	209.00024731695933
38.0518559999764	209.00024731695933
38.33892299991567	209.00024731695933
38.62659400003031	209.00024731695933
38.914788999943994	209.00024731695933
39.201001000008546	209.00024731695933
39.48720799991861	209.00024731695933
39.77565299998969	209.00024731695933
40.0613589999266	177.00002655000398
40.06699500000104	177.00002655000398
40.40594199998304	177.00002655000398
40.74546200002078	177.00002655000398
41.08439500001259	177.00002655000398
41.42379199992865	177.00002655000398
41.76211000001058	177.00002655000398
42.10077000001911	177.00002655000398
42.43986399995629	216.0
42.65726399992127	216.0
42.93473799992353	216.0
43.21258900000248	216.0
43.49023400002625	216.0
43.76807500002906	216.0
44.04723000002559	216.0
44.32501599995885	216.0
44.60145700001158	216.0
44.8799299999373	216.0
45.156981999985874	216.0
45.43510699993931	216.0
45.71260800003074	216.0
45.99073399999179	216.0
46.26866299996618	32.99999670000033
47.30395600001793	32.99999670000033
49.12193399993703	64.0
49.56940899998881	64.0
50.507180999964476	64.0
51.44519599992782	64.0
52.38207499997225	205.0
52.49085199995898	205.0
52.78478200000245	205.0
53.07620799995493	205.0
53.36953199992422	205.0
53.66158399998676	205.0
53.95570199994836	205.0
54.24894099996891	177.00002655000398
54.27234699996188	177.00002655000398
54.61059399996884	177.00002655000398
54.94994399999268	177.00002655000398
55.28874599991832	177.00002655000398
55.627650999929756	177.00002655000398
55.96862699999474	177.00002655000398
56.30765400000382	177.00002655000398
56.64597099996172	177.00002655000398
56.98367799993139	177.00002655000398
57.32271099998616	177.00002655000398
57.66242599999532	177.00002655000398
58.00113999994937	177.00002655000398
58.339418999967165	24.0
59.75905100000091	24.0
62.25905100000091	177.99981606685674
62.37260499992408	177.99981606685674
62.70926799997687	177.99981606685674
63.04706699994858	177.99981606685674
63.383345999987796	177.99981606685674
63.72075300000142	177.99981606685674
64.06002099998295	177.99981606685674
64.39474799996242	106.99993580003851
64.64798000000883	106.99993580003851
65.21007899998222	106.99993580003851
65.76841699995566	106.99993580003851
66.32917399995495	46.99999060000188
66.65482799999882	46.99999060000188
67.9437260000268	46.99999060000188
69.20974600000773	46.99999060000188
70.48483299999498	145.9999659333413
70.61957799992524	145.9999659333413
71.02991299994756	145.9999659333413
71.44144099997357	145.9999659333413
71.85213799995836	145.9999659333413
72.26243699993938	148.0
72.66676900000311	148.0
73.07096599997021	148.0
73.47689299995545	148.0
73.88331299996935	148.0
74.28801499994006	148.0
74.69258799997624	148.0
75.09944799996447	148.0
75.5047589999158	148.0
75.91052099992521	148.0
76.31586799991783	132.9999468000213
76.34088499995414	132.9999468000213
76.79171000001952	132.9999468000213
77.24349599995185	132.9999468000213
77.69545499992091	132.9999468000213
78.14650699996855	132.9999468000213
78.59780799993314	62.99999685000016
79.16572499996983	62.99999685000016
80.11766099999659	62.99999685000016
81.07056100002956	62.99999685000016
82.02357299998403	62.99999685000016
82.97560399991926	71.0
83.72063899994828	71.0
84.56629699992482	67.99999546666697
84.58648800000083	67.99999546666697
85.47013099992182	67.99999546666697
86.35102099995129	67.99999546666697
87.23467099992558	67.99999546666697
88.11766599991824	142.0000710000355
88.52462999999989	142.0000710000355
88.94603200000711	142.0000710000355
89.36900099995546	142.0000710000355
89.79113999998663	142.0000710000355
90.21504899999127	195.000195000195
90.48919699992985	195.000195000195
90.79731699998956	195.000195000195
91.10447299992666	195.000195000195
91.4115499999607	195.000195000195
91.72021299996413	195.000195000195
92.02855299995281	195.000195000195
92.33549700002186	195.000195000195
92.65852099994663	195.000195000195
92.95039999997243	195.000195000195
93.2599769999506	195.000195000195
93.5654649999924	195.000195000195
93.87394600000698	195.000195000195
94.18063199997414	152.99994645001874
94.205719999969	152.99994645001874
94.59946099994704	152.99994645001874
94.98980500001926	152.99994645001874
95.3827909999527	152.99994645001874
95.77417200000491	152.99994645001874
96.16711399995256	151.99993920002433
96.56209499994293	151.99993920002433
96.95838999992702	151.99993920002433
97.36767299997155	151.99993920002433
97.74597299995366	151.99993920002433
98.14070500002708	151.99993920002433
98.53574500000104	151.99993920002433
98.9300880000228	151.99993920002433
99.32506499998271	151.99993920002433
99.71990799997002	151.99993920002433
100.11463399999775	151.99993920002433
100.50990499998443	73.99998273333736
100.94224399991799	73.99998273333736
101.75333099998534	73.99998273333736
102.56618099997286	205.0
102.61031299992464	205.0
102.9025959999999	205.0
103.195401999983	205.0
103.48934199998621	205.0
103.78019800002221	205.0
104.07302100001834	205.0
104.36722899996676	205.0
104.65851699991617	205.0
104.95111299993005	205.0
105.24446999991778	205.0
105.53664299997035	205.0
105.82900199992582	205.0
106.12188099999912	205.0
106.41638499998953	62.99999685000016
106.9502639999846	62.99999685000016
107.9029960000189	62.99999685000016
108.85460500000045	168.99980283356336
109.1415440000128	168.99980283356336
109.49729099997785	168.99980283356336
109.851680999971	168.99980283356336
110.20842899999116	168.99980283356336
110.56174499995541	168.99980283356336
110.91649799991865	168.99980283356336
111.27185000001919	168.99980283356336
111.62779599998612	168.99980283356336
111.98234999994747	168.99980283356336
112.33769199997187	67.0
112.61041199997999	67.0
113.50380599999335	67.0
114.39900400000624	177.00002655000398
114.58983499999158	177.00002655000398
114.92859999998473	177.00002655000398
115.27937999996357	177.00002655000398
115.60827399999835	177.00002655000398
115.94753100001253	177.00002655000398
116.2852009999333	177.00002655000398
116.62342700001318	177.00002655000398
116.96392799995374	177.00002655000398
117.30172500002664	177.00002655000398
117.64132799999788	177.00002655000398
117.97950399992988	177.00002655000398
118.31848299992271	186.9997756002693
118.63147799996659	186.9997756002693
118.95261299994309	186.9997756002693
119.27306799998041	186.9997756002693
119.59481399995275	186.9997756002693
119.91636499995366	186.9997756002693
120.23771899996791	137.99987580011177
120.27717100002337	137.99987580011177
120.71176899992861	137.99987580011177
121.14613799995277	137.99987580011177
121.58118099998683	137.99987580011177
122.01645699993242	137.99987580011177
122.45063700003084	137.99987580011177
122.88541699992493	137.99987580011177
123.32010799995624	137.99987580011177
123.76870599994436	137.99987580011177
124.19017299998086	137.99987580011177
124.62443899991922	57.999986466669824
125.24037299992051	57.999986466669824
126.2497629999416	30.99999793333347
126.31401400000323	30.99999793333347
128.26000200002454	30.99999793333347
130.18611799995415	135.000135000135
130.56387299997732	135.000135000135
131.00835599994753	135.000135000135
131.4539929999737	135.000135000135
131.89723399991635	135.000135000135
132.342267	94.0
132.41617199999746	94.0
133.05356399994344	94.0
133.69122999999672	94.0
134.3294899999164	94.0
134.96960800001398	94.0
135.60612200002652	94.0
136.24514699995052	214.99982083348263
136.49223099998198	214.99982083348263
136.77171399991494	214.99982083348263
137.05106099997647	214.99982083348263
137.33049399999436	214.99982083348263
137.61065399996005	214.99982083348263
137.88953899999615	214.99982083348263
138.16705899999943	136.0001450668214
138.18818499997724	136.0001450668214
138.62885099998675	136.0001450668214
139.06916800001636	136.0001450668214
139.5098579999758	136.0001450668214
139.95113499998115	136.0001450668214
140.3935460000066	136.0001450668214
140.83459199999925	136.0001450668214
141.27649499999825	136.0001450668214
141.7172019999707	136.0001450668214
142.15784899995197	72.0
142.1761379999807	72.0
143.00813600001857	72.0
143.84143199992832	72.0
144.67558999999892	165.000165000165
144.73785099992529	165.000165000165
145.10110199998599	165.000165000165
145.4659259999171	165.000165000165
145.82886299991515	165.000165000165
146.1918059999589	165.000165000165
146.55726199992932	165.000165000165
146.9195779999718	165.000165000165
147.28273099998478	165.000165000165
147.64850799995475	165.000165000165
148.01000599993858	165.000165000165
148.37524800002575	137.99987580011177
148.4183699999703	137.99987580011177
148.85306999995373	137.99987580011177
149.28784100001212	137.99987580011177
149.72274100000504	137.99987580011177
150.15851400000975	137.99987580011177
150.59224899997935	93.99998120000376
150.8147909999825	93.99998120000376
151.4525160000194	93.99998120000376
152.08979599992745	93.99998120000376
152.72872100002132	93.99998120000376
153.3680610000156	93.99998120000376
154.00479099992663	93.99998120000376
154.64387399994303	120.0
155.06031999993138	120.0
155.55987100000493	120.0
156.0599500000244	120.0
156.5598179999506	167.00020318358054
156.8098769999342	167.00020318358054
157.16918899992015	167.00020318358054
157.52822899993043	167.00020318358054
157.8893649999518	167.00020318358054
158.24876899993978	167.00020318358054
158.6080349999247	167.00020318358054
158.965666999924	167.00020318358054
159.32470400002785	167.00020318358054
159.6853509999346	167.00020318358054
160.04342300002463	167.00020318358054
160.4033219999401	30.99999793333347
161.50985499995295	30.99999793333347
163.44398099998944	103.0
163.7090489999391	103.0
164.28955799993128	103.0
164.87242699996568	103.0
165.4556389999343	103.0
166.0391749999253	103.0
166.6201080000028	97.9999836666694
166.64351399999578	97.9999836666694
167.25677799992263	97.9999836666694
167.8695679999655	97.9999836666694
168.4804239999503	80.0
168.5522349999519	80.0
169.30171299993526	80.0
170.0527539999457	80.0
170.80161500000395	80.0
171.5520789999282	80.0
172.30511600000318	69.0
172.32447300001513	69.0
173.19505099998787	69.0
174.06338099995628	69.0
174.9330019999761	57.999986466669824
175.08041299995966	57.999986466669824
176.11464399995748	57.999986466669824
177.1498910000082	57.999986466669824
178.18290399992839	57.999986466669824
179.2173059999477	55.99997760000896
179.2531350000063	55.99997760000896
180.32590399996843	177.99981606685674
180.5495809999993	177.99981606685674
180.88752599991858	177.99981606685674
181.22503899992444	177.99981606685674
181.56194599997252	177.99981606685674
181.8985339999199	177.99981606685674
182.2354129999876	177.99981606685674
182.57717299996875	177.99981606685674
182.91181800002232	177.99981606685674
183.2472569999518	177.99981606685674
183.58456300001126	177.99981606685674
183.92083900002763	177.99981606685674
184.25898099993356	177.99981606685674
184.5948259999277	98.99993565004183
184.89801899995655	98.99993565004183
185.5044619999826	98.99993565004183
186.1099159999285	98.99993565004183
186.6914439999964	177.00002655000398
186.80762699991465	177.00002655000398
187.14667499996722	177.00002655000398
187.48625399998855	177.00002655000398
187.82521099993028	177.00002655000398
188.16460599994753	177.00002655000398
188.50365600001533	177.00002655000398
188.84255900001153	177.00002655000398
189.18055399996229	177.00002655000398
189.51960999995936	177.00002655000398
189.85841599991545	177.00002655000398
190.19952699996065	167.00020318358054
190.20072899991646	167.00020318358054
190.56035599997267	167.00020318358054
190.91966999997385	167.00020318358054
191.27880799991544	167.00020318358054
191.63788499997463	167.00020318358054
191.99776699999347	167.00020318358054
192.35819900000934	167.00020318358054
192.71596499998122	167.00020318358054
193.07508199999575	167.00020318358054
193.43435300001875	167.00020318358054
193.79363700002432	167.00020318358054
194.15332799998578	167.00020318358054
194.51210099994205	167.00020318358054
194.87179300002754	167.00020318358054
195.2307949999813	167.00020318358054
195.59008300001733	167.00020318358054
195.94965700001922	167.00020318358054
196.30852099996991	167.00020318358054
196.6698140000226	167.00020318358054
197.02728299994487	167.00020318358054
197.38804099999834	167.00020318358054
197.74605299998075	167.00020318358054
198.10668199998327	167.00020318358054
198.46436699992046	167.00020318358054
198.82349500001874	167.00020318358054
199.18388000002597	167.00020318358054
199.54197499994189	167.00020318358054
199.9013730000006	167.00020318358054
200.260746999993	167.00020318358054
200.61995700001717	167.00020318358054
200.979171999963	167.00020318358054
201.34092400001828	167.00020318358054
201.6976550000254	167.00020318358054
202.05710899992846	167.00020318358054
202.41639999998733	167.00020318358054
202.77772799995728	167.00020318358054
203.1362159999553	167.00020318358054
203.49413899995852	167.00020318358054
203.853460000013	167.00020318358054
204.21278699999675	167.00020318358054
204.57702299999073	167.00020318358054
204.93218499992508	167.00020318358054
205.29072599997744	167.00020318358054
205.64988199993968	167.00020318358054
206.00915199995507	167.00020318358054
206.36856400000397	167.00020318358054
206.72836199996527	167.00020318358054
207.0870860000141	167.00020318358054
207.4482919999864	167.00020318358054
207.80650700000115	167.00020318358054
208.16476999991573	167.00020318358054
208.52533199999016	167.00020318358054
208.8834430000279	167.00020318358054
209.2428249999648	167.00020318358054
209.60213699995074	167.00020318358054
209.96198499994352	167.00020318358054
210.32103699992876	167.00020318358054
210.68032099993434	167.00020318358054
211.03918700001668	167.00020318358054
211.3983719999669	167.00020318358054
211.75876499991864	167.00020318358054
212.117069000029	167.00020318358054
212.48014400003012	167.00020318358054
212.83656199998222	167.00020318358054
213.19488800002728	167.00020318358054
213.5540950000286	167.00020318358054
213.91473499999847	167.00020318358054
214.27379100001417	167.00020318358054
214.29792499996256	167.00020318358054
214.65714599995408	167.00020318358054
215.01648099999875	167.00020318358054
215.37640399998054	167.00020318358054
215.73681599996053	167.00020318358054
216.0943350000307	167.00020318358054
216.45432100002654	167.00020318358054
216.81437299994286	167.00020318358054
217.1726090000011	167.00020318358054
217.53150699997786	167.00020318358054
217.8906399999978	167.00020318358054
218.25014599994756	167.00020318358054
218.60944499995094	167.00020318358054
218.96828499995172	167.00020318358054
219.3295419999631	167.00020318358054
219.6867510000011	167.00020318358054
220.04689999995753	167.00020318358054
220.40677200001664	167.00020318358054
220.76651200000197	167.00020318358054
221.12531999999192	167.00020318358054
221.483174999943	167.00020318358054
221.84287399996538	167.00020318358054
222.20214099995792	167.00020318358054
222.56174899998587	167.00020318358054
222.92065400001593	167.00020318358054
223.28019299998414	167.00020318358054
223.63945799996145	167.00020318358054
223.99978299997747	167.00020318358054
224.35759299993515	167.00020318358054
224.71855599991977	167.00020318358054
225.07808999996632	167.00020318358054
225.43642299994826	167.00020318358054
225.79630699998233	167.00020318358054
226.15432500001043	167.00020318358054
226.5139809999382	167.00020318358054
226.87325299996883	167.00020318358054
227.23195399995893	167.00020318358054
227.59210000000894	167.00020318358054
227.95069199998397	167.00020318358054
228.31023699999787	167.00020318358054
228.6700229999842	167.00020318358054
229.02834299998358	167.00020318358054
229.38779599999543	167.00020318358054
229.74761500000022	167.00020318358054
230.1067069999408	167.00020318358054
230.46613800001796	167.00020318358054
230.82454199995846	167.00020318358054
231.1841869999189	167.00020318358054
231.5435239999788	167.00020318358054
231.9036859999178	167.00020318358054
232.26236699998844	167.00020318358054
232.62128899991512	167.00020318358054
232.9808549999725	167.00020318358054
233.33974600001238	167.00020318358054
233.69878500001505	167.00020318358054
234.05826900003012	167.00020318358054


6.012080000014976	120.0
6.506517999921925	120.0
7.000510999932885	120.0
7.500980000011623	120.0
8.003111999947578	120.0
8.500476000015624	120.0
9.000561999971978	120.0
9.500365999992937	120.0
10.000396999996156	120.0
10.501166000030935	120.0
11.00077699997928	120.0
11.500724999932572	120.0
12.001026000012644	120.0
12.500814999919385	120.0
13.000756999943405	120.0
13.500989999971353	120.0
14.001300000003539	120.0
14.501347000012174	120.0
15.000664999941364	120.0
15.50096700002905	120.0
16.000309000024572	120.0
16.500572999939322	120.0
17.000722000026144	120.0
17.50052899995353	120.0
18.00088099995628	120.0
18.500903000007384	120.0
19.000664999941364	120.0
19.500811000005342	120.0
20.000251999939792	120.0
20.5006159999175	120.0
21.000737000023946	120.0
21.500560999964364	120.0
22.00048499996774	120.0
22.5007269999478	120.0
23.00073899992276	120.0
23.5009190000128	120.0
24.000659000012092	120.0
24.501019999966957	120.0
25.00092499994207	120.0
25.50029200001154	120.0
26.001012000022456	120.0
26.500985999940895	120.0
27.000370000023395	120.0
27.501366999931633	120.0
28.000833999947645	120.0
28.500281999935396	147.0000955500621
28.836507000029087	147.0000955500621
29.24345299997367	147.0000955500621
29.651451000012457	147.0000955500621
30.059262999915518	147.0000955500621
30.467533999937586	90.99995298335763
30.729034999967553	90.99995298335763
31.38762900000438	90.99995298335763
32.0470750000095	90.99995298335763
32.705775999929756	90.99995298335763
33.36378200002946	90.99995298335763
34.024455999955535	90.99995298335763
34.68265199998859	210.0
34.9243209999986	210.0
35.20997600001283	210.0
35.497637999942526	210.0
35.78251599997748	210.0
36.06744599994272	210.0
36.35312799992971	209.00024731695933
36.35401599993929	209.00024731695933
36.641299000009894	209.00024731695933
36.929598000016995	209.00024731695933
37.215786000015214	209.00024731695933
37.50292100000661	209.00024731695933
37.78976399998646	209.00024731695933
38.0786369999405	209.00024731695933
38.36354599997867	209.00024731695933
38.65019700000994	209.00024731695933
38.9388340000296	209.00024731695933
39.22531999996863	209.00024731695933
39.51200099999551	209.00024731695933
39.799300999962725	209.00024731695933
40.088641999987885	209.00024731695933
40.37322399998084	177.00002655000398
40.430148000014015	177.00002655000398
40.769387000007555	177.00002655000398
41.10808499995619	177.00002655000398
41.44713099999353	177.00002655000398
41.78723599994555	177.00002655000398
42.12558899994474	177.00002655000398
42.46425399999134	215.99982720013824
42.681113000027835	215.99982720013824
42.959369999938644	215.99982720013824
43.23671299999114	215.99982720013824
43.515879999962635	215.99982720013824
43.792368000024	215.99982720013824
44.07054599991534	215.99982720013824
44.3502950000111	215.99982720013824
44.62552399991546	215.99982720013824
44.903274999931455	215.99982720013824
45.18165699997917	215.99982720013824
45.458867999957874	215.99982720013824
45.736723999958485	215.99982720013824
46.01437300001271	215.99982720013824
46.29313699994236	32.99999670000033
47.327925999998115	32.99999670000033
49.14752499992028	64.0
49.5944690000033	64.0
50.5305389999412	64.0
51.46968300000299	64.0
52.40548600000329	204.9999487500128
52.516921999980696	204.9999487500128
52.80868899996858	204.9999487500128
53.10040300001856	204.9999487500128
53.39314800000284	204.9999487500128
53.686933999997564	204.9999487500128
53.97857799998019	204.9999487500128
54.272103999974206	177.0
54.2977209999226	177.0
54.635514999972656	177.0
54.973807999980636	177.0
55.31359399994835	177.0
55.65248399996199	177.0
55.99115499993786	177.0
56.32989099994302	177.0
56.66883799992502	177.0
57.009826999972574	177.0
57.34677699999884	177.0
57.688060999964364	177.0
58.02590499992948	177.0
58.365209999959916	24.0
59.78330599993933	24.0
62.28440200001933	177.99981606685674
62.39753199997358	177.99981606685674
62.73396999994293	177.99981606685674
63.070722999982536	177.99981606685674
63.40808500000276	177.99981606685674
63.74608099996112	177.99981606685674
64.08183499996085	107.0
64.08709199994337	107.0
64.64758799993433	107.0
65.21003999991808	107.0
65.76811199996155	107.0
66.32959199999459	46.99999060000188
66.65451699995901	46.99999060000188
67.9375	46.99999060000188
69.20981299993582	46.99999060000188
70.48516499996185	145.9999659333413
70.61945899995044	145.9999659333413
71.02981400000863	145.9999659333413
71.4414809999289	145.9999659333413
71.85189499997068	145.9999659333413
72.26281500002369	148.000148000148
72.66705499996897	148.000148000148
73.07130900002085	148.000148000148
73.47689299995545	148.000148000148
73.88265799998771	148.000148000148
74.28806699998677	148.000148000148
74.69290199992247	148.000148000148
75.0995689999545	148.000148000148
75.50423099996988	148.000148000148
75.91002800001297	148.000148000148
76.3153610000154	132.9999468000213
76.34065799997188	132.9999468000213
76.79166500002611	132.9999468000213
77.24373200000264	132.9999468000213
77.6956689999206	132.9999468000213
78.14627699996345	132.9999468000213
78.5980119999731	62.99999685000016
79.16596299991943	62.99999685000016
80.11811899999157	62.99999685000016
81.07033199991565	62.99999685000016
82.02308700000867	62.99999685000016
82.97524399997201	71.00003550001774
83.72040799993556	71.00003550001774
84.5666879999917	68.0
84.58623200003058	68.0
85.46981399995275	68.0
86.35105299996212	68.0
87.2341899999883	68.0
88.11712299997453	142.0000710000355
88.52426600002218	142.0000710000355
88.94631699996535	142.0000710000355
89.36889499996323	142.0000710000355
89.79111099999864	142.0000710000355
90.21476300002541	195.000195000195
90.48936100001447	195.000195000195
90.79882999998517	195.000195000195
91.10465899994597	195.000195000195
91.41127799998503	195.000195000195
91.71997199999169	195.000195000195
92.02853299991693	195.000195000195
92.33498099993449	195.000195000195
92.65822699991986	195.000195000195
92.95016999996733	195.000195000195
93.25963599991519	195.000195000195
93.56527599995025	195.000195000195
93.87372599996161	195.000195000195
94.18040399998426	153.0
94.20521399995778	153.0
94.59932499995921	153.0
94.98980500001926	153.0
95.3827909999527	153.0
95.77392399997916	153.0
96.16710099996999	151.99993920002433
96.56211599998642	151.99993920002433
96.95803899993189	151.99993920002433
97.3682779999217	151.99993920002433
97.74554199993145	151.99993920002433
98.14023799996357	151.99993920002433
98.53549399995245	151.99993920002433
98.9298209999688	151.99993920002433
99.32604700000957	151.99993920002433
99.7197219999507	151.99993920002433
100.11432299995795	151.99993920002433
100.50988599995617	73.99998273333736
100.94223399995826	73.99998273333736
101.75333099998534	73.99998273333736
102.56565399991814	204.9999487500128
102.60996199992951	204.9999487500128
102.90252200001851	204.9999487500128
103.19512799999211	204.9999487500128
103.48914199997671	204.9999487500128
103.78021899994928	204.9999487500128
104.0727879999904	204.9999487500128
104.36724900000263	204.9999487500128
104.6586739999475	204.9999487500128
104.95111299993005	204.9999487500128
105.24420099996496	204.9999487500128
105.53713900002185	204.9999487500128
105.82923499995377	204.9999487500128
106.12189499998931	204.9999487500128
106.4158939999761	62.99999685000016
106.9498710000189	62.99999685000016
107.90340499999002	62.99999685000016
108.85488699993584	168.99980283356336
109.1413889999967	168.99980283356336
109.49709700001404	168.99980283356336
109.8514369999757	168.99980283356336
110.20864399999846	168.99980283356336
110.5618549999781	168.99980283356336
110.91652099997737	168.99980283356336
111.27181800000835	168.99980283356336
111.62713899998926	168.99980283356336
111.98266500001773	168.99980283356336
112.33751199999824	67.00002903334591
112.61062900000252	67.00002903334591
113.50361699995119	67.00002903334591
114.3987489999272	177.0
114.58979699993506	177.0
114.92859999998473	177.0
115.2803820000263	177.0
115.60811000003014	177.0
115.94726099993568	177.0
116.2852009999333	177.0
116.62339700001758	177.0
116.96362499997485	177.0
117.30145899998024	177.0
117.64102799992543	177.0
117.97974099998828	177.0
118.31849999993574	177.0
118.66172500001267	186.9997756002693
118.95259000000078	186.9997756002693
119.27301499992609	186.9997756002693
119.59409399994183	186.9997756002693
119.91626099997666	186.9997756002693
120.23748000001069	186.9997756002693
120.55729799997061	137.99987580011177
120.71145699999761	137.99987580011177
121.14613799995277	137.99987580011177
121.58088499994483	137.99987580011177
122.01592499995604	137.99987580011177
122.45097399991937	137.99987580011177
122.88586999999825	137.99987580011177
123.32004100002814	137.99987580011177
123.76805800001603	137.99987580011177
124.19047499995213	58.0
124.20503099996131	58.0
125.2395559999859	58.0
126.27389900002163	30.99999793333347
126.33871099993121	30.99999793333347
128.29343299998436	30.99999793333347
130.18588799994905	30.99999793333347
132.12267099996097	135.000135000135
132.34246900002472	93.99998120000376
132.41593299992383	93.99998120000376
133.05384700000286	93.99998120000376
133.69190700002946	93.99998120000376
134.33011699991766	93.99998120000376
134.96984499995597	93.99998120000376
135.60664499993436	93.99998120000376
136.24541600001976	214.99982083348263
136.49315499991644	214.99982083348263
136.77211499994155	214.99982083348263
137.0521230000304	214.99982083348263
137.38089699996635	214.99982083348263
137.6103759999387	214.99982083348263
137.8890390000306	214.99982083348263
138.167575999978	136.0001450668214
138.18838800000958	136.0001450668214
138.62859999993816	136.0001450668214
139.06939800002147	136.0001450668214
139.5107399999397	136.0001450668214
139.9519020000007	136.0001450668214
140.3931960000191	136.0001450668214
140.83435399993323	136.0001450668214
141.27620800002478	136.0001450668214
141.71701799996663	136.0001450668214
142.15761899994686	136.0001450668214
142.59996699995827	72.00002880001152
143.00860099995043	72.00002880001152
143.84181100002024	72.00002880001152
144.67587199993432	165.0
144.73884699994233	165.0
145.10172699997202	165.0
145.4663419999415	165.0
145.8290659999475	165.0
146.19250899995677	165.0
146.55728099995758	165.0
146.91989799996372	165.0
147.28355099994224	165.0
147.64844799996354	165.0
148.01081300002988	165.0
148.37530099996366	137.99987580011177
148.41920300002676	137.99987580011177
148.8539500000188	137.99987580011177
149.28904299996793	137.99987580011177
149.72361500002444	137.99987580011177
150.15883500000928	137.99987580011177
150.59296599996742	93.99998120000376
150.8145319999894	93.99998120000376
151.4528360000113	93.99998120000376
152.09079099993687	93.99998120000376
152.72896099998616	93.99998120000376
153.36827199999243	93.99998120000376
154.00545699999202	93.99998120000376
154.6441169999307	120.0
155.03754699998535	120.0
155.53772499994375	120.0
156.03753899992444	120.0
156.53763499995694	167.00020318358054
156.81007100001443	167.00020318358054
157.16921899991576	167.00020318358054
157.52822899993043	167.00020318358054
157.88902999996208	167.00020318358054
158.24908199999481	167.00020318358054
158.60804399999324	167.00020318358054
158.96583999996074	167.00020318358054
159.32470400002785	167.00020318358054
159.68508199998178	167.00020318358054
160.04340099997353	167.00020318358054
160.40341599995736	30.99999793333347
161.5096139999805	30.99999793333347
163.4440739999991	103.0000480666891
163.70929699996486	103.0000480666891
164.28972799994517	103.0000480666891
164.87289300002158	103.0000480666891
165.45510699995793	103.0000480666891
166.03939399996307	103.0000480666891
166.61962399992626	97.9999836666694
166.64370200003032	97.9999836666694
167.256997999968	97.9999836666694
167.86982000002172	97.9999836666694
168.48066000000108	80.0
168.55246699997224	80.0
169.30213399999775	80.0
170.0525389999384	80.0
170.80188899999484	80.0
171.55254699999932	80.0
172.30470699991565	69.00001725000432
172.32472799997777	69.00001725000432
173.19528400001582	69.00001725000432
174.06316499994136	69.00001725000432
174.93336599995382	58.0
175.08062000002246	58.0
176.11486299999524	58.0
177.1496829999378	58.0
178.18265700002667	58.0
179.21715499996208	55.99997760000896
179.2528610000154	55.99997760000896
180.3258930000011	177.99981606685674
180.55001200002152	177.99981606685674
180.88771699997596	177.99981606685674
181.22474500001408	177.99981606685674
181.56168899999466	177.99981606685674
181.89800899999682	177.99981606685674
182.2349890000187	177.99981606685674
182.57454699999653	177.99981606685674
182.90990299999248	177.99981606685674
183.24672699999064	177.99981606685674
183.58619499998167	177.99981606685674
183.92085799993947	177.99981606685674
184.25905599992257	99.0
184.29154300002847	99.0
184.89776700001676	99.0
185.50441499997396	99.0
186.10998700000346	99.0
186.71601799991913	177.00002655000398
186.83268799993675	177.00002655000398
187.17229199991561	177.00002655000398
187.51090200000908	177.00002655000398
187.84961599996313	177.00002655000398
188.18991800001822	177.00002655000398
188.52799299999606	177.00002655000398
188.8685149999801	177.00002655000398
189.20731700002216	177.00002655000398
189.54506199993193	177.00002655000398
189.88393699994776	177.00002655000398
190.2237399999285	177.00002655000398
190.56205099995714	167.00020318358054
190.58552800002508	167.00020318358054
190.94487000000663	167.00020318358054
191.30453700001817	167.00020318358054
191.66371699993033	167.00020318358054
192.0228890000144	167.00020318358054
192.381951999967	167.00020318358054
192.74132299993653	167.00020318358054
193.10057599993888	167.00020318358054
193.4597879999783	167.00020318358054
193.81902199995238	167.00020318358054
194.17998999997508	167.00020318358054
194.53770099999383	167.00020318358054
194.89848700002767	167.00020318358054
195.25717200001236	167.00020318358054
195.61626499996055	167.00020318358054
195.975347999949	167.00020318358054
196.33525300002657	167.00020318358054
196.69332199997734	167.00020318358054
197.05340099998284	167.00020318358054
197.411986000021	167.00020318358054
197.7713470000308	167.00020318358054
198.13048099994194	167.00020318358054
198.4901120000286	167.00020318358054
198.84903699997813	167.00020318358054
199.2094489999581	167.00020318358054
199.56848599994555	167.00020318358054
199.9285029999446	167.00020318358054
200.286868999945	167.00020318358054
200.64600099995732	167.00020318358054
201.00582900003064	167.00020318358054
201.36435899999924	167.00020318358054
201.7237909999676	167.00020318358054
202.08253200002946	167.00020318358054
202.4417849999154	167.00020318358054
202.80116499995347	167.00020318358054
203.160385999945	167.00020318358054
203.51959499996156	167.00020318358054
203.87896499992348	167.00020318358054
204.23828399996273	167.00020318358054
204.5975300000282	167.00020318358054
204.95674599998165	167.00020318358054
205.31605499994475	167.00020318358054
205.67597500002012	167.00020318358054
206.03462699998636	167.00020318358054
206.39526399993338	167.00020318358054
206.75396200001705	167.00020318358054
207.1124510000227	167.00020318358054
207.47197900002357	167.00020318358054
207.8310089999577	167.00020318358054
208.1904649999924	167.00020318358054
208.54979800002184	167.00020318358054
208.91042099997867	167.00020318358054
209.26824300002772	167.00020318358054
209.6275649999734	167.00020318358054
209.98699300002772	167.00020318358054
210.34632000001147	167.00020318358054
210.7058609999949	167.00020318358054
211.06462900002953	167.00020318358054
211.42402199993376	167.00020318358054
211.783162000007	167.00020318358054
212.1424109999789	167.00020318358054
212.50167399994098	167.00020318358054
212.86098799994215	167.00020318358054
213.22023600002285	167.00020318358054
213.57963399996515	167.00020318358054
213.9387379999971	167.00020318358054
214.29827000002842	167.00020318358054
214.657229000004	167.00020318358054
215.01676000002772	167.00020318358054
215.37663399998564	167.00020318358054
215.73619700002018	167.00020318358054
216.09468099998776	167.00020318358054
216.45453500002623	167.00020318358054
216.8137519999873	167.00020318358054
217.17238999996334	167.00020318358054
217.53172800003085	167.00020318358054
217.8906399999978	167.00020318358054
218.2500969999237	167.00020318358054
218.6098929999862	167.00020318358054
218.96853199996985	167.00020318358054
219.32952799997292	167.00020318358054
219.68717199994717	167.00020318358054
220.047304000007	167.00020318358054
220.40686699992511	167.00020318358054
220.7661969999317	167.00020318358054
221.12578799994662	167.00020318358054
221.48314699996263	167.00020318358054
221.84275800001342	167.00020318358054
222.20203899999615	167.00020318358054
222.56176399998367	167.00020318358054
222.92043599998578	167.00020318358054
223.27969200001098	167.00020318358054
223.63916000002064	167.00020318358054
223.99954300001264	167.00020318358054
224.35785999998916	167.00020318358054
224.71815199998673	167.00020318358054
225.07783199998084	167.00020318358054
225.43616199993994	167.00020318358054
225.79584699997213	167.00020318358054
226.15416199993342	167.00020318358054
226.51428799994756	167.00020318358054
226.87299399997573	167.00020318358054
227.23171999992337	167.00020318358054
227.5916740000248	167.00020318358054
227.95025100000203	167.00020318358054
228.3102090000175	167.00020318358054
228.6701630000025	167.00020318358054
229.02812699996866	167.00020318358054
229.38753800000995	167.00020318358054
229.74761500000022	167.00020318358054
230.10701299994253	167.00020318358054
230.4658000000054	167.00020318358054
230.8245529999258	167.00020318358054
231.18433600000571	167.00020318358054
231.5435239999788	167.00020318358054
231.90386700001545	167.00020318358054
232.26255300000776	167.00020318358054
232.62093500001356	167.00020318358054
232.9806399999652	167.00020318358054
233.3400289999554	167.00020318358054
233.69896499998868	167.00020318358054
234.05801899998914	167.00020318358054


8.12625199998729	120.0
8.614975999924354	120.0
9.000707999919541	120.0
9.500593999982812	120.0
10.000364999985322	120.0
10.501385999959894	120.0
11.001191999996081	120.0
11.50049200002104	120.0
12.0009269999573	120.0
12.500971999950707	120.0
13.000756999943405	120.0
13.501011000014842	120.0
14.00109999999404	120.0
14.501142999972217	120.0
15.000439999974333	120.0
15.501179000013508	120.0
16.000563999987207	120.0
16.500772999948822	120.0
17.000722000026144	120.0
17.500517999986187	120.0
18.00045799999498	120.0
18.500857000006363	120.0
19.000664999941364	120.0
19.501058999914676	120.0
20.000240999972448	120.0
20.500698999967426	120.0
21.00046599993948	120.0
21.500421999953687	120.0
22.000466999947093	120.0
22.5007269999478	120.0
23.000638999976218	120.0
23.50046599993948	120.0
24.000393999973312	120.0
24.500794999999925	120.0
25.00049999996554	120.0
25.50076500000432	120.0
26.000744999968447	120.0
26.50099600001704	120.0
27.000370000023395	120.0
27.50123499997426	120.0
28.000931999995373	120.0
28.500281999935396	147.0000955500621
28.836430000024848	147.0000955500621
29.243213000008836	147.0000955500621
29.651629999978468	147.0000955500621
30.059833999956027	147.0000955500621
30.46743499999866	90.99995298335763
30.72865099995397	90.99995298335763
31.38717799994629	90.99995298335763
32.04572900000494	90.99995298335763
32.7060010000132	90.99995298335763
33.36409399996046	90.99995298335763
34.02423400001135	90.99995298335763
34.68240299995523	210.00021000021
34.924566000001505	210.00021000021
35.21033899998292	210.00021000021
35.49794299993664	210.00021000021
35.782279999926686	210.00021000021
36.06708199996501	210.00021000021
36.35336800001096	209.0
36.354201999958605	209.0
36.64155599998776	209.0
36.92983799998183	209.0
37.216058999998495	209.0
37.50292100000661	209.0
37.78998100000899	209.0
38.07981799996924	209.0
38.36396699992474	209.0
38.650839000009	209.0
38.93907899991609	209.0
39.22557200002484	209.0
39.5122379999375	209.0
39.79961500002537	209.0
40.088897999958135	209.0
40.37342700001318	177.00002655000398
40.430447999970056	177.00002655000398
40.769604999921285	177.00002655000398
41.10840499994811	177.00002655000398
41.44742699991912	177.00002655000398
41.78754499997012	177.00002655000398
42.12580399995204	177.00002655000398
42.46454499999527	215.99982720013824
42.68137399991974	215.99982720013824
42.95914599997923	215.99982720013824
43.23699200002011	215.99982720013824
43.51614099997096	215.99982720013824
43.792659000027925	215.99982720013824
44.070865000016056	215.99982720013824
44.34995499998331	215.99982720013824
44.62595000001602	215.99982720013824
44.90376299992204	215.99982720013824
45.18133199994918	215.99982720013824
45.459258000017144	215.99982720013824
45.73700700001791	215.99982720013824
46.014716999954544	215.99982720013824
46.29342799994629	33.0
47.32827499997802	33.0
49.147534999996424	64.0
49.59421100001782	64.0
50.53081199992448	64.0
51.46944499993697	64.0
52.40592199994717	204.9999487500128
52.516902999952435	204.9999487500128
52.808672999963164	204.9999487500128
53.100863999919966	204.9999487500128
53.39354800002184	204.9999487500128
53.68692100001499	204.9999487500128
53.97889899997972	204.9999487500128
54.27181700000074	177.00002655000398
54.297689000028186	177.00002655000398
54.63547999993898	177.00002655000398
54.974215999944136	177.00002655000398
55.313369999988936	177.00002655000398
55.65248399996199	177.00002655000398
55.99118599994108	177.00002655000398
56.33013100002427	177.00002655000398
56.669203000026755	177.00002655000398
57.009826999972574	177.00002655000398
57.34708199999295	177.00002655000398
57.68776200001594	177.00002655000398
58.02615099994	177.00002655000398
58.365438999957405	24.0
59.783902999944985	24.0
62.28471099992748	177.99981606685674
62.397501999977976	177.99981606685674
62.73426900000777	177.99981606685674
63.071169000002556	177.99981606685674
63.407925999956205	177.99981606685674
63.74640800000634	177.99981606685674
64.08219599991571	177.99981606685674
64.41976700001396	106.99993580003851
64.6480899999151	106.99993580003851
65.21018799999729	106.99993580003851
65.76841699995566	106.99993580003851
66.32942500000354	47.0
66.65502299997024	47.0
67.93865899997763	47.0
69.20994299999438	47.0
70.48506799992174	145.9999659333413
70.61937199998647	145.9999659333413
71.02952699991874	145.9999659333413
71.44163100002334	145.9999659333413
71.85189499997068	145.9999659333413
72.26290799991693	148.000148000148
72.66728499997407	148.000148000148
73.0712170000188	148.000148000148
73.47708300000522	148.000148000148
73.88312799995765	148.000148000148
74.2882409999147	148.000148000148
74.69309999991674	148.000148000148
75.09963700000662	148.000148000148
75.50423099996988	148.000148000148
75.91042700002436	148.000148000148
76.31565399991814	133.0
76.34066799993161	133.0
76.79148399992846	133.0
77.24322699999902	133.0
77.69521499995608	133.0
78.14671300002374	62.99999685000016
78.21373700001277	62.99999685000016
79.16596299991943	62.99999685000016
80.11789599992335	62.99999685000016
81.07007000001613	62.99999685000016
82.02335999999195	62.99999685000016
82.97552600002382	71.00003550001774
83.72062799998093	71.00003550001774
84.56658300000709	67.99999546666697
84.58650700002909	67.99999546666697
85.46988999994937	67.99999546666697
86.35121699993033	67.99999546666697
87.23417900002096	67.99999546666697
88.11752199998591	142.0000710000355
88.52426600002218	142.0000710000355
88.94604499998968	142.0000710000355
89.36877900001127	142.0000710000355
89.79090499994345	142.0000710000355
90.21479599992745	195.000195000195
90.48893400002271	195.000195000195
90.79824099992402	195.000195000195
91.10415399994235	195.000195000195
91.41125799994916	195.000195000195
91.71996100002434	195.000195000195
92.0287969999481	195.000195000195
92.3352779999841	195.000195000195
92.66016799991485	195.000195000195
92.9503829999594	195.000195000195
93.26013399998192	195.000195000195
93.5651089999592	195.000195000195
93.87395299994387	195.000195000195
94.18042799993418	152.99994645001874
94.20552499999758	152.99994645001874
94.5991099999519	152.99994645001874
94.99005100002978	152.99994645001874
95.38301099999808	152.99994645001874
95.77392399997916	152.99994645001874
96.16683599993121	152.0
96.56229899998289	152.0
96.95873099996243	152.0
97.36683800001629	152.0
97.74557199992705	152.0
98.14022199995816	152.0
98.53547399991658	152.0
98.9298730000155	152.0
99.32529800001066	152.0
99.71919999993406	152.0
100.09037300001364	152.0
100.48601699993014	73.99998273333736
100.91813000000548	73.99998273333736
101.72885499999393	73.99998273333736
102.53978300001472	204.9999487500128
102.58549199998379	204.9999487500128
102.87817399995402	204.9999487500128
103.17263399995863	204.9999487500128
103.46389100002125	204.9999487500128
103.75669800001197	204.9999487500128
104.04895399999805	204.9999487500128
104.34153999993578	204.9999487500128
104.63487900001928	204.9999487500128
104.92937799997162	204.9999487500128
105.21998299995903	204.9999487500128
105.5125339999795	204.9999487500128
105.80518099991605	204.9999487500128
106.09762299992144	204.9999487500128
106.39088999992236	63.0
106.92599000001792	63.0
107.87834900000598	63.0
108.83063400001265	168.99980283356336
109.11859399999958	168.99980283356336
109.47314799996093	168.99980283356336
109.82753499993123	168.99980283356336
110.1832970000105	168.99980283356336
110.53902499994729	168.99980283356336
110.89267199998721	168.99980283356336
111.24779599998146	168.99980283356336
111.60338200000115	168.99980283356336
111.9577659999486	168.99980283356336
112.31268199998885	67.00002903334591
112.58363899996039	67.00002903334591
113.47919799992815	67.00002903334591
114.37561899994034	177.00002655000398
114.56565300002694	177.00002655000398
114.905642000027	177.00002655000398
115.24425999994855	177.00002655000398
115.58322999998927	177.00002655000398
115.92258299991954	177.00002655000398
116.26070600003004	177.00002655000398
116.59982799994759	177.00002655000398
116.93865799997002	177.00002655000398
117.27967700001318	177.00002655000398
117.61734699993394	177.00002655000398
117.95546500000637	177.00002655000398
118.29521799995564	177.00002655000398
118.63391600002069	186.9997756002693
118.92817899992224	186.9997756002693
119.24912299995776	186.9997756002693
119.57027199992444	186.9997756002693
119.89160199998878	186.9997756002693
120.21196500002407	186.9997756002693
120.53281300002709	137.99987580011177
120.68758099991828	137.99987580011177
121.12230299995281	137.99987580011177
121.55758499994408	137.99987580011177
121.99273299996275	137.99987580011177
122.4270269999979	137.99987580011177
122.86145700002089	137.99987580011177
123.29617699992377	137.99987580011177
123.73110400000587	137.99987580011177
124.16566099994816	137.99987580011177
124.60103299992625	57.999986466669824
125.21550799999386	57.999986466669824
126.25014699995518	31.0
126.31469299993478	31.0
128.25403599999845	31.0
130.18590899999253	31.0
132.1218139999546	135.000135000135
132.3425409999909	93.99998120000376
132.41594099998474	93.99998120000376
133.0539989999961	93.99998120000376
133.69198300002608	93.99998120000376
134.33031999995	93.99998120000376
134.9695869999705	93.99998120000376
135.60671299998648	93.99998120000376
136.24537999997847	215.0
136.49314799997956	215.0
136.77214699995238	215.0
137.0511299999198	215.0
137.3311129999347	215.0
137.60975900001358	215.0
137.889453999931	215.0
138.16759299999103	136.0001450668214
138.1882259999402	136.0001450668214
138.62859999993816	136.0001450668214
139.06939800002147	136.0001450668214
139.5107190000126	136.0001450668214
139.95186000003014	136.0001450668214
140.3931960000191	136.0001450668214
140.8346629999578	136.0001450668214
141.27618599997368	136.0001450668214
141.7172019999707	136.0001450668214
142.15796799992677	136.0001450668214
142.59978599997703	72.00002880001152
143.00860099995043	72.00002880001152
143.8417929999996	72.00002880001152
144.67558999999892	165.000165000165
144.73807999992277	165.000165000165
145.10189399996307	165.000165000165
145.46620199992321	165.000165000165
145.82910199998878	165.000165000165
146.19249199994374	165.000165000165
146.55697999999393	165.000165000165
146.91981200000737	165.000165000165
147.2835629999172	165.000165000165
147.64885100000538	165.000165000165
148.01084899995476	165.000165000165
148.37494599993806	137.99987580011177
148.41923200001474	137.99987580011177
148.85422199999448	137.99987580011177
149.28880099998787	137.99987580011177
149.72342599998228	137.99987580011177
150.15891699993517	137.99987580011177
150.59299599996302	93.99998120000376
150.8147909999825	93.99998120000376
151.45275900000706	93.99998120000376
152.09135999996215	93.99998120000376
152.72896099998616	93.99998120000376
153.3680760000134	93.99998120000376
154.00549000001047	93.99998120000376
154.64390499994624	120.0
155.03754699998535	120.0
155.53767599991988	120.0
156.0375589999603	120.0
156.53755399992224	167.0
156.786986000021	167.0
157.14653599995654	167.0
157.5045369999716	167.0
157.86380900000222	167.0
158.2243539999472	167.0
158.5834109999705	167.0
158.6084859999828	167.0
158.96543400001246	167.0
159.3248860000167	167.0
159.68484499992337	167.0
160.043183999951	167.0
160.40301200002432	30.99999793333347
161.50974499993026	30.99999793333347
163.44363999995403	103.0000480666891
163.70903599995654	103.0000480666891
164.28926400002092	103.0000480666891
164.87244599999394	103.0000480666891
165.4554379999172	103.0000480666891
166.03915500000585	103.0000480666891
166.61959299992304	98.0
166.6432189999614	98.0
167.25655499997083	98.0
167.86998800002038	98.0
168.48021199996583	80.0
168.5520109999925	80.0
169.30197099992074	80.0
170.05249599996023	80.0
170.80211699998472	80.0
171.55240599997342	80.0
172.30525600002147	69.00001725000432
172.32472799997777	69.00001725000432
173.19472899998073	69.00001725000432
174.06315399997402	69.00001725000432
174.93301199993584	57.999986466669824
175.08041799999774	57.999986466669824
176.11435199994594	57.999986466669824
177.14947099995334	57.999986466669824
178.1823790000053	57.999986466669824
179.21695399994496	55.99997760000896
179.2528989999555	55.99997760000896
180.32621799991466	177.99981606685674
180.54981400002725	177.99981606685674
180.88790099998005	177.99981606685674
181.2252579999622	177.99981606685674
181.56142099993303	177.99981606685674
181.89833699993324	177.99981606685674
182.23526200000197	177.99981606685674
182.57492499996442	177.99981606685674
182.9093400000129	177.99981606685674
183.24707499996293	177.99981606685674
183.58487199991941	177.99981606685674
183.9211779999314	177.99981606685674
184.25867799995467	177.99981606685674
184.594594999915	98.99993565004183
184.89772799995262	98.99993565004183
185.50418699998409	98.99993565004183
186.10970599995926	98.99993565004183
186.7157929999521	177.0
186.83295199996792	177.0
187.1725269999588	177.0
187.51068299997132	177.0
187.8498510000063	177.0
188.18965499999467	177.0
188.527737999917	177.0
188.86826000001747	177.0
189.20731700002216	177.0
189.54473899991717	177.0
189.88392599998042	177.0
190.2237399999285	177.0
190.56152500002645	167.00020318358054
190.5853379999753	167.00020318358054
190.9446819999721	167.00020318358054
191.30453700001817	167.00020318358054
191.6637069999706	167.00020318358054
192.02290899993386	167.00020318358054
192.38154700002633	167.00020318358054
192.74106599995866	167.00020318358054
193.10010499996133	167.00020318358054
193.45922099996824	167.00020318358054
193.81873499997891	167.00020318358054
194.1797619999852	167.00020318358054
194.53733299998567	167.00020318358054
194.89849799999502	167.00020318358054
195.25751199992374	167.00020318358054
195.61626499996055	167.00020318358054
195.97539099992719	167.00020318358054
196.33499799994752	167.00020318358054
196.6927630000282	167.00020318358054
197.05317999992985	167.00020318358054
197.41145299992058	167.00020318358054
197.77161599998362	167.00020318358054
198.13014199992176	167.00020318358054
198.48991000000387	167.00020318358054
198.84863799996674	167.00020318358054
199.20943599997554	167.00020318358054
199.5684519999195	167.00020318358054
199.92856299993582	167.00020318358054
200.28641099995002	167.00020318358054
200.64565900003072	167.00020318358054
201.00604599993676	167.00020318358054
201.36435899999924	167.00020318358054
201.7235319999745	167.00020318358054
202.08209499996156	167.00020318358054
202.44126899994444	167.00020318358054
202.8013009999413	167.00020318358054
203.15999199997168	167.00020318358054
203.51950499997474	167.00020318358054
203.87853400001768	167.00020318358054
204.23768699995708	167.00020318358054
204.60081099998206	167.00020318358054
204.9563789999811	167.00020318358054
205.31576499994844	167.00020318358054
205.67596299992874	167.00020318358054
206.03459599998314	167.00020318358054
206.39499499998055	167.00020318358054
206.75424299994484	167.00020318358054
207.1122139999643	167.00020318358054
207.47197900002357	167.00020318358054
207.83070099994075	167.00020318358054
208.1901679999428	167.00020318358054
208.5494029999245	167.00020318358054
208.91017499996815	167.00020318358054
209.26777099992614	167.00020318358054
209.62724099995103	167.00020318358054
209.9873039999511	167.00020318358054
210.34653500001878	167.00020318358054
210.7058609999949	167.00020318358054
211.06413399998564	167.00020318358054
211.42341299995314	167.00020318358054
211.7826809999533	167.00020318358054
212.14217000000644	167.00020318358054
212.50631199998315	167.00020318358054
212.86075100000016	167.00020318358054
213.21981299994513	167.00020318358054
213.5790229999693	167.00020318358054
213.93893900001422	167.00020318358054
214.29762800002936	167.00020318358054
214.65690099995118	167.00020318358054
215.01639399991836	167.00020318358054
215.37641499994788	167.00020318358054
215.7361619999865	167.00020318358054
216.09404100000393	167.00020318358054
216.45432100002654	167.00020318358054
216.81406799994875	167.00020318358054
217.17240599996876	167.00020318358054
217.53144799999427	167.00020318358054
217.89087599993218	167.00020318358054
218.249836999923	167.00020318358054
218.60946299997158	167.00020318358054
218.9687139999587	167.00020318358054
219.33003199996892	167.00020318358054
219.68676800001413	167.00020318358054
220.04693900002167	167.00020318358054
220.40573799994309	167.00020318358054
220.7664479999803	167.00020318358054
221.125578999985	167.00020318358054
221.48359299998265	167.00020318358054
221.84308100002818	167.00020318358054
222.20230100001208	167.00020318358054
222.56291799992323	167.00020318358054
222.92066499998327	167.00020318358054
223.27993900002912	167.00020318358054
223.63965999998618	167.00020318358054
224.0000069999369	167.00020318358054
224.35807399998885	167.00020318358054
224.71839699998964	167.00020318358054
225.07829700002912	167.00020318358054
225.43592399999034	167.00020318358054
225.7960820000153	167.00020318358054
226.15400500001851	167.00020318358054
226.51428799994756	167.00020318358054
226.87326499994379	167.00020318358054
227.2320859999163	167.00020318358054
227.5919559999602	167.00020318358054
227.95025100000203	167.00020318358054
228.3104259999236	167.00020318358054
228.6710960000055	167.00020318358054
229.02854099997785	167.00020318358054
229.3879579999484	167.00020318358054
229.7478519999422	167.00020318358054
230.1067069999408	167.00020318358054
230.46613800001796	167.00020318358054
230.8250579999294	167.00020318358054
231.184133999981	167.00020318358054
231.54367899999488	167.00020318358054
231.9037369999569	167.00020318358054
232.2624079999514	167.00020318358054
232.62125899991952	167.00020318358054
232.9808549999725	167.00020318358054
233.34029199997894	167.00020318358054
233.69907199998852	167.00020318358054
234.05981399992015	167.00020318358054