7.820887999958359	120.0
8.301455999957398	120.0
8.50097499997355	120.0
9.00040599994827	120.0
9.501163000008091	120.0
10.00080599996727	120.0
10.501454000012018	120.0
11.000849999953061	120.0
11.501486000022851	120.0
12.000891999923624	120.0
12.501306999940425	120.0
13.001199999940582	120.0
13.500631999922916	120.0
14.000508000026457	120.0
14.501020999974571	120.0
15.00087300001178	120.0
15.500990999978967	120.0
16.000599000020884	120.0
16.501822999911383	120.0
17.001665999996476	120.0
17.50189199997112	120.0
18.001206999993883	120.0
18.501431999960914	120.0
19.001047999947332	120.0
19.50094800000079	120.0
20.00061799993273	120.0
20.500400000019	120.0
21.000252999947406	120.0
21.50074599997606	120.0
22.00213099992834	120.0
22.501123999943957	22.0
22.629504999960773	22.0
25.358290000003763	48.0
26.12687499995809	48.0
27.37627899996005	48.0
28.626870999927633	48.0
29.87655599997379	171.00009405005173
29.918774999910966	171.00009405005173
30.269295000005513	171.00009405005173
30.62086799996905	120.0
30.682216999935918	120.0
31.182700000004843	120.0
31.68306800001301	120.0
32.18187600001693	120.0
32.68294600001536	120.0
33.18224300001748	120.0
33.682961000013165	120.0
34.184806999983266	83.99996640001343
34.26973099994939	83.99996640001343
34.98348799999803	83.99996640001343
35.69795800000429	83.99996640001343
36.412880999967456	113.00009605008164
36.834000999922864	113.00009605008164
37.367247999995016	113.00009605008164
37.89801299991086	113.00009605008164
38.42778099991847	113.00009605008164
38.95774999994319	113.00009605008164
39.488552999915555	113.00009605008164
40.02000100002624	113.00009605008164
40.55092800001148	113.00009605008164
41.08290199993644	187.99996240000752
41.16253700002562	187.99996240000752
41.48208699992392	187.99996240000752
41.80015000002459	187.99996240000752
42.12069200002588	187.99996240000752
42.437937999959104	187.99996240000752
42.75721299997531	187.99996240000752
43.076408999972045	187.99996240000752
43.39628999994602	187.99996240000752
43.71540999994613	213.99987160007703
43.84676500002388	213.99987160007703
44.12619099998847	213.99987160007703
44.40664599998854	213.99987160007703
44.687687999918126	213.99987160007703
44.96668099996168	213.99987160007703
45.247801000019535	213.99987160007703
45.52810499991756	213.99987160007703
45.80799599993043	213.99987160007703
46.08863199991174	213.99987160007703
46.36910499993246	213.99987160007703
46.65007400000468	115.0
46.78710099996533	115.0
47.309430999914184	115.0
47.83154899999499	115.0
48.352230999968015	115.0
48.876067999983206	60.99997255001235
49.2160739999963	60.99997255001235
50.19807199994102	60.99997255001235
51.18224499991629	60.99997255001235
52.166634999914095	135.000135000135
52.51690399996005	135.000135000135
52.962138999952	135.000135000135
53.40515399992	135.000135000135
53.85028199991211	135.000135000135
54.29604299995117	70.0
54.56975399993826	70.0
55.42668099992443	70.0
56.28378299996257	70.0
57.141706999973394	70.0
57.9984659999609	70.0
58.85634800000116	70.0
59.712855999940075	40.0
60.61777799995616	40.0
62.11711099999957	210.00021000021
62.23785499995574	210.00021000021
62.52565600001253	210.00021000021
62.80991700000595	210.00021000021
63.09580200002529	210.00021000021
63.38068900001235	210.00021000021
63.66746299993247	210.00021000021
63.95337499992456	210.00021000021
64.23842399998102	210.00021000021
64.5240899999626	210.00021000021
64.80973999993876	210.00021000021
65.0961149999639	120.99994353335968
65.52402899996378	120.99994353335968
66.01821699994616	120.99994353335968
66.51407099992502	24.0
68.55167900002562	24.0
71.05243099993095	135.0
71.09311899996828	135.0
71.53803499997593	135.0
71.98121699993499	135.0
72.42772199993487	135.0
72.87095100001898	135.0
73.31495699996594	154.99990958338608
73.5995179999154	154.99990958338608
73.98846499994397	154.99990958338608
74.37489999993704	154.99990958338608
74.76158900000155	154.99990958338608
75.14847799995914	154.99990958338608
75.53671799995936	154.99990958338608
75.92266199993901	154.99990958338608
76.30896900000516	154.99990958338608
76.69784499995876	154.99990958338608
77.0841889999574	180.00018000018
77.33999499992933	180.00018000018
77.67473500000779	180.00018000018
78.00681399996392	180.00018000018
78.34185399999842	180.00018000018
78.67365399992559	79.0
78.85803000000305	79.0
79.61740300001111	79.0
80.37869599997066	79.0
81.13601199991535	79.0
81.89659000001848	79.0
82.65754299995024	79.0
83.41568299999926	28.999993233334912
84.94003800000064	64.0
85.38168799993582	64.0
86.31902299996	64.0
87.25674099999014	64.0
88.19408699998166	27.00000270000027
88.41463499993552	27.00000270000027
90.6369039999554	96.0
90.83397199993487	96.0
91.4580469999928	96.0
92.08349999994971	96.0
92.70755900000222	96.0
93.33365699998103	96.0
93.95766700000968	96.0
94.58399999991525	193.0
94.87028099992312	193.0
95.18118600000162	193.0
95.49263300001621	193.0
95.80434599996079	193.0
96.11498900002334	193.0
96.42699399997946	193.0
96.73933000001125	193.0
97.04669400001876	193.0
97.35777999996208	193.0
97.66812799999025	177.99981606685674
97.76446999993641	177.99981606685674
98.10043999995105	177.99981606685674
98.43770299991593	177.99981606685674
98.7755579999648	177.99981606685674
99.1123629999347	177.99981606685674
99.4482629999984	177.99981606685674
99.78566599998157	177.99981606685674
100.12326199992094	177.99981606685674
100.46085799997672	177.99981606685674
100.7968300000066	177.99981606685674
101.1337689999491	113.00009605008164
101.47309400001541	113.00009605008164
102.00334099994507	113.00009605008164
102.53437699994538	133.0
102.91129999991972	133.0
103.36281700001564	133.0
103.81429999996908	133.0
104.26485099992715	133.0
104.7170819999883	133.0
105.16736399999354	133.0
105.61777299991809	133.0
106.06869999994524	133.0
106.52074599999469	36.99999136666868
107.73374599998351	36.99999136666868
109.35678499995265	102.0000510000255
109.69903999997769	102.0000510000255
110.28709699993487	102.0000510000255
110.87777099991217	102.0000510000255
111.46537699992768	102.0000510000255
112.05274999991525	102.0000510000255
112.64045700000133	102.0000510000255
113.22854499996174	102.0000510000255
113.81634199991822	118.99992463338107
114.14183500001673	118.99992463338107
114.64452199998777	118.99992463338107
115.14956499997061	105.99995053335641
115.22343999997247	105.99995053335641
115.79004999995232	105.99995053335641
116.35404899995774	105.99995053335641
116.91968900000211	105.99995053335641
117.48637199995574	105.99995053335641
118.05196399998385	105.99995053335641
118.61750699998811	170.0
118.94853499997407	170.0
119.3019370000111	170.0
119.65610399993602	170.0
120.00709799991455	170.0
120.36036199994851	73.99998273333736
120.75573099998292	73.99998273333736
121.56466799997725	73.99998273333736
122.37721700000111	73.99998273333736
123.18623899994418	73.99998273333736
123.99781099997927	73.99998273333736
124.80792099994142	136.0001450668214
124.9085699999705	136.0001450668214
125.34952199994586	136.0001450668214
125.79128000000492	136.0001450668214
126.23228899994865	190.0
126.49873099999968	190.0
126.81529399997089	190.0
127.13007900002412	190.0
127.44674099993426	190.0
127.76221199997235	190.0
128.07735999999568	190.0
128.39490700000897	190.0
128.70961999997962	190.0
129.03032699995674	190.0
129.34235499997158	190.0
129.6590089999372	190.0
129.97378000000026	190.0
130.28791499999352	190.0
130.60616799991112	190.0
130.92040499998257	190.0
131.23736499994993	78.9999657666815
131.4171159999678	78.9999657666815
132.17827599996235	78.9999657666815
132.93789199995808	78.9999657666815
133.69739799993113	55.00000458333371
134.18816299992613	55.00000458333371
135.27983799995854	55.00000458333371
136.37018500000704	55.00000458333371
137.4615370000247	201.999798000202
137.7073659999296	201.999798000202
138.002594999969	201.999798000202
138.299202999915	192.99989385005838
138.31027899996843	192.99989385005838
138.621530000004	192.99989385005838
138.9318300000159	192.99989385005838
139.2428330000257	192.99989385005838
139.55451499996707	192.99989385005838
139.8650299999863	192.99989385005838
140.1755589999957	192.99989385005838
140.4868349999888	192.99989385005838
140.79618299996946	192.99989385005838
141.10824299999513	192.99989385005838
141.41831899993122	192.99989385005838
141.73000799992587	192.99989385005838
142.04069199995138	192.99989385005838
142.35208599991165	185.0
142.36390200001188	185.0
142.687632999965	185.0
143.01300599996466	185.0
143.33645199995954	185.0
143.6604449999286	185.0
143.98425199999474	185.0
144.30861499998719	185.0
144.63288299995475	185.0
144.95755499997176	77.99997660000702
145.3782479999354	77.99997660000702
146.14819699991494	77.99997660000702
146.91477099992335	77.99997660000702
147.68570999999065	77.99997660000702
148.45440299995244	77.99997660000702
149.2226939999964	77.99997660000702
149.9930109999841	108.99994368336243
150.14047300000675	108.99994368336243
150.69022599991877	138.0
151.10338799993042	138.0
151.53717799996957	138.0
151.97235499997623	138.0
152.40654200001154	138.0
152.8412900000112	138.0
153.27654599992093	138.0
153.71189199993387	138.0
154.1469179999549	138.0
154.58053099992685	138.0
155.01628699991852	138.0
155.44950500002597	86.00005160003096
155.97405499999877	86.00005160003096
156.67187099996954	189.000189000189
156.98916699993424	189.000189000189
157.30838299996685	189.000189000189
157.6250979999313	189.000189000189
157.94228399998974	189.000189000189
158.25900299998466	189.000189000189
158.57658999995328	189.000189000189
158.89516499999445	189.000189000189
159.2117529999232	189.000189000189
159.52871999994386	189.000189000189
159.8464339999482	189.000189000189
160.16539300000295	33.99999773333349
160.47942500002682	33.99999773333349
162.24423800001387	28.000001866666793
162.2776109999977	28.000001866666793
164.4182209999999	28.000001866666793
166.56243499997072	28.000001866666793
168.7037269999273	28.000001866666793
170.8466929999413	28.000001866666793


8.266177000012249	120.0
8.760253999964334	120.0
9.000617999932729	120.0
9.50076700001955	120.0
10.001214999938384	120.0
10.501678999979049	120.0
11.001101000001654	120.0
11.501533999922685	120.0
12.00078499992378	120.0
12.501206999993883	120.0
13.000841000000946	120.0
13.50101399992127	120.0
14.001026000012644	120.0
14.50056900002528	120.0
15.002329999930225	120.0
15.50066199991852	120.0
16.000912999967113	120.0
16.501508999965154	120.0
17.002080000005662	120.0
17.50152499997057	120.0
18.00144099991303	120.0
18.500592999975197	120.0
19.001327999983914	120.0
19.50094800000079	120.0
20.00106899999082	120.0
20.500961999990977	120.0
21.006634999997914	120.0
21.501137999934144	120.0
22.001718999934383	120.0
22.500833999947645	120.0
23.001342999981716	120.0
23.50069000001531	21.99999780000022
25.357297000009567	48.0
26.12687499995809	48.0
27.37627899996005	48.0
28.62675399996806	48.0
29.876506999949925	171.00009405005173
29.919055999955162	171.00009405005173
30.26893299992662	171.00009405005173
30.620552000007592	120.0
30.682018999941647	120.0
31.182384999934584	120.0
31.682734999922104	120.0
32.18141199997626	120.0
32.68323199998122	120.0
33.181615000008605	120.0
33.682343999971636	120.0
34.18276999995578	84.0
34.26959199993871	84.0
34.98346199991647	84.0
35.697597999940626	84.0
36.41319200000726	113.00009605008164
36.8346700000111	113.00009605008164
37.366625999915414	113.00009605008164
37.897392999962904	113.00009605008164
38.4285089999903	113.00009605008164
38.957929000025615	113.00009605008164
39.48879799991846	113.00009605008164
40.01977199991234	113.00009605008164
40.551177999936044	113.00009605008164
41.08260299998801	187.99996240000752
41.16221899993252	187.99996240000752
41.48175499995705	187.99996240000752
41.79961500002537	187.99996240000752
42.121088000014424	187.99996240000752
42.43817600002512	187.99996240000752
42.756982999970205	187.99996240000752
43.07615699991584	187.99996240000752
43.39604099991266	187.99996240000752
43.71561399998609	213.99987160007703
43.84644799993839	213.99987160007703
44.12576799991075	213.99987160007703
44.40634999994654	213.99987160007703
44.6873229999328	213.99987160007703
44.966920999926515	213.99987160007703
45.247489999979734	213.99987160007703
45.527695999946445	213.99987160007703
45.80831499991473	213.99987160007703
46.08900099992752	213.99987160007703
46.36887499992736	213.99987160007703
46.649728999938816	213.99987160007703
46.92973600002006	213.99987160007703
47.209702000021935	115.00002875000719
47.30972699995618	115.00002875000719
47.830950999981724	115.00002875000719
48.3524370000232	115.00002875000719
48.87627499992959	60.99997255001235
49.21585699997377	60.99997255001235
50.19768199999817	60.99997255001235
51.181926999939606	60.99997255001235
52.16500799998175	135.000135000135
52.51627199992072	135.000135000135
52.96151299995836	135.000135000135
53.40527300001122	135.000135000135
53.849953999975696	135.000135000135
54.29574600001797	69.99998833333528
54.56940499995835	69.99998833333528
55.426969999913126	69.99998833333528
56.28460100002121	69.99998833333528
57.142290999996476	69.99998833333528
57.99767999991309	69.99998833333528
58.856652999995276	69.99998833333528
59.712855999940075	40.0
60.61785099992994	40.0
62.11709499999415	210.00021000021
62.238221999956295	210.00021000021
62.52511099993717	210.00021000021
62.809847999946214	210.00021000021
63.09580200002529	210.00021000021
63.38043999997899	210.00021000021
63.66746299993247	210.00021000021
63.95307399996091	210.00021000021
64.23760699993	210.00021000021
64.52386499999557	210.00021000021
64.80941999994684	210.00021000021
65.09573399997316	120.99994353335968
65.52370899997186	120.99994353335968
66.01817599998321	24.0
66.0510559999384	24.0
68.55137899995316	24.0
71.05212200002279	135.000135000135
71.09340299991891	135.000135000135
71.53771599999163	135.000135000135
71.9807289999444	135.000135000135
72.42741100001149	135.000135000135
72.87051499995869	135.000135000135
73.31527199991979	154.99990958338608
73.5991989999311	154.99990958338608
73.98877299996093	154.99990958338608
74.37445699993987	154.99990958338608
74.76191399991512	154.99990958338608
75.14819699991494	154.99990958338608
75.53638599999249	154.99990958338608
75.92204600002151	154.99990958338608
76.30830799997784	154.99990958338608
76.69787099992391	154.99990958338608
77.08522000000812	180.00018000018
77.34022599994205	180.00018000018
77.67471199994907	180.00018000018
78.00719899998512	180.00018000018
78.33997199998703	180.00018000018
78.6742549999617	180.00018000018
79.00620199996047	180.00018000018
79.34002399991732	78.9999657666815
79.61709499999415	78.9999657666815
80.37810999993235	78.9999657666815
81.13592299993616	78.9999657666815
81.89659000001848	78.9999657666815
82.65782600000966	29.0
82.87090600002557	29.0
84.94003800000064	64.0
85.38228399993386	64.0
86.31932399992365	64.0
87.25642999995034	64.0
88.19387299998198	27.00000270000027
88.41435799992178	27.00000270000027
90.63659299991559	96.0
90.83368899999186	96.0
91.45773299993016	96.0
92.08379699999932	96.0
92.70719599991571	96.0
93.33397099992726	96.0
93.95785399992019	96.0
94.58393500000238	96.0
95.20798900001682	192.99989385005838
95.49263300001621	192.99989385005838
95.80434599996079	192.99989385005838
96.11504900001455	192.99989385005838
96.42679800000042	192.99989385005838
96.73752600001171	192.99989385005838
97.04858499998227	192.99989385005838
97.35777999996208	192.99989385005838
97.66812799999025	177.99981606685674
97.76448499993421	177.99981606685674
98.10006999992765	177.99981606685674
98.43704099999741	177.99981606685674
98.77508499997202	177.99981606685674
99.11204299994279	177.99981606685674
99.44807499996386	177.99981606685674
99.78605400002562	177.99981606685674
100.12252299999818	177.99981606685674
100.4606859999476	177.99981606685674
100.79708399996161	177.99981606685674
101.1337689999491	113.00009605008164
101.47277499991469	113.00009605008164
102.00360199995339	113.00009605008164
102.53478200000245	132.9999468000213
102.91119199991226	132.9999468000213
103.36281700001564	132.9999468000213
103.81463199993595	132.9999468000213
104.26563899999019	132.9999468000213
104.7170819999883	132.9999468000213
105.16704700002447	132.9999468000213
105.6180779999122	132.9999468000213
106.06869999994524	132.9999468000213
106.52042700001039	36.99999136666868
107.73376500001177	36.99999136666868
109.35644200001843	102.0000510000255
109.69911199994385	102.0000510000255
110.28709699993487	102.0000510000255
110.87784799991641	102.0000510000255
111.46476499992423	102.0000510000255
112.05191999999806	102.0000510000255
112.64057199994568	102.0000510000255
113.22854499996174	102.0000510000255
113.81635699991602	118.99992463338107
114.14213799999561	118.99992463338107
114.64514499995857	106.0
114.65758599992841	106.0
115.22266299999319	106.0
115.78970399999525	106.0
116.35370799992234	106.0
116.91935199999716	106.0
117.48605900001712	106.0
118.05132500000764	106.0
118.6181739999447	106.0
119.18499899993185	170.0000850000425
119.30134100001305	170.0000850000425
119.65531399997417	170.0000850000425
120.0069829999702	170.0000850000425
120.36069699993823	73.99998273333736
120.75527899991721	73.99998273333736
121.56435599992983	73.99998273333736
122.37890100001823	73.99998273333736
123.18584599997848	73.99998273333736
123.99812000000384	73.99998273333736
124.80760699999519	136.0001450668214
124.9082299999427	136.0001450668214
125.34919999993872	136.0001450668214
125.79089199996088	136.0001450668214
126.23167299991474	190.0002850004275
126.49832000001334	190.0002850004275
126.81581099994946	190.0002850004275
127.13007900002412	190.0002850004275
127.44676700001583	190.0002850004275
127.76219499995932	190.0002850004275
128.0770739999134	190.0002850004275
128.39426600001752	190.0002850004275
128.70928900002036	190.0002850004275
129.03162299992982	190.0002850004275
129.3411119999364	190.0002850004275
129.65930299996398	190.0002850004275
129.97410799993668	190.0002850004275
130.28851199999917	190.0002850004275
130.60585900000297	79.0
130.65769000002183	79.0
131.4167969999835	79.0
132.17796699993778	79.0
132.93759400001727	79.0
133.69705999991857	55.00000458333371
134.18784999998752	55.00000458333371
135.27954399993178	55.00000458333371
136.36957699991763	55.00000458333371
137.46162399998866	201.999798000202
137.70715599996038	201.999798000202
138.002594999969	201.999798000202
138.29886300000362	192.99989385005838
138.30965700000525	192.99989385005838
138.62087400001474	192.99989385005838
138.93215100001544	192.99989385005838
139.24346499994863	192.99989385005838
139.55481999996118	192.99989385005838
139.86534799996298	192.99989385005838
140.1758709999267	192.99989385005838
140.4868349999888	192.99989385005838
140.79618299996946	192.99989385005838
141.10846499993932	192.99989385005838
141.4183029999258	192.99989385005838
141.73000799992587	192.99989385005838
142.04072799999267	192.99989385005838
142.35176799993496	185.000185000185
142.3642809999874	185.000185000185
142.68735799996648	185.000185000185
143.01238099997863	185.000185000185
143.33561499998905	185.000185000185
143.6608090000227	185.000185000185
143.98515800002497	185.000185000185
144.30850699997973	185.000185000185
144.63258600002155	185.000185000185
144.95788799994625	77.99997660000702
145.3785659999121	77.99997660000702
146.14758999994956	77.99997660000702
146.91445899999235	77.99997660000702
147.6859949999489	77.99997660000702
148.4547199999215	77.99997660000702
149.222219999996	77.99997660000702
149.99269300000742	108.99994368336243
150.14108899992425	108.99994368336243
150.68993499991484	108.99994368336243
151.24075899994932	137.99987580011177
151.53653799998574	137.99987580011177
151.9719749999931	137.99987580011177
152.40625599992927	137.99987580011177
152.8409409999149	137.99987580011177
153.2762540000258	137.99987580011177
153.71157099993434	137.99987580011177
154.14738199999556	137.99987580011177
154.58020999992732	137.99987580011177
155.01662899996154	137.99987580011177
155.4494120000163	86.00005160003096
155.97405499999877	86.00005160003096
156.67153099994175	189.000189000189
156.98916699993424	189.000189000189
157.3086899999762	189.000189000189
157.62487199995667	189.000189000189
157.94197299994994	189.000189000189
158.25869599997532	189.000189000189
158.57744199992158	189.000189000189
158.89571999991313	189.000189000189
159.21204599994235	189.000189000189
159.52909600001294	189.000189000189
159.84717099997215	189.000189000189
160.16522099997383	33.99999773333349
160.47916300001089	33.99999773333349
162.2436039999593	28.0
162.2772549999645	28.0
164.41852700000163	28.0
166.5621060000267	28.0
168.70444399991538	28.0
170.84664999996312	28.0


8.861955999978818	120.0
9.357395999948494	120.0
9.50152499997057	120.0
10.001264999969862	120.0
10.501735999947414	120.0
11.000431999913417	120.0
11.501856999937445	120.0
12.000474000000395	120.0
12.501500000013039	120.0
13.001158999977633	120.0
13.500568000017665	120.0
14.000867999973707	120.0
14.500778999994509	120.0
15.00187699997332	120.0
15.501023999997415	120.0
16.001151999924332	120.0
16.501508999965154	120.0
17.00125400000252	120.0
17.501094999955967	120.0
18.001654000021517	120.0
18.500997000024654	120.0
19.001416999963112	120.0
19.50126900000032	120.0
20.00089799996931	120.0
20.50069000001531	120.0
21.00054999999702	120.0
21.502042999956757	120.0
22.001925999997184	120.0
22.501691999961622	120.0
23.001121999928728	120.0
23.50128099997528	21.99999780000022
25.3566179999616	48.0
26.12715999991633	48.0
27.37657299998682	48.0
28.627227999968454	171.0
28.86555899993982	171.0
29.21616999991238	171.0
29.567473999923095	171.0
29.9183179999236	171.0
30.269598999992013	171.0
30.621163000003435	120.0
30.682405999978073	120.0
31.182993999915197	120.0
31.68336799996905	120.0
32.18162899999879	120.0
32.68263199995272	120.0
33.18197899998631	120.0
33.68265400000382	120.0
34.18443299992941	83.99996640001343
34.26913099992089	83.99996640001343
34.983155000023544	83.99996640001343
35.69847800000571	83.99996640001343
36.412550000008196	113.00009605008164
36.834396000020206	113.00009605008164
37.366946000023745	113.00009605008164
37.89729200000875	113.00009605008164
38.42675899993628	113.00009605008164
38.95811899995897	113.00009605008164
39.4887859999435	113.00009605008164
40.019544999930076	113.00009605008164
40.55094200000167	188.0
40.84377499995753	188.0
41.162827000021935	188.0
41.48208699992392	188.0
41.800740999984555	188.0
42.121068999986164	188.0
42.43832800001837	188.0
42.757428999990225	188.0
43.07617799995933	213.99987160007703
43.284843000001274	213.99987160007703
43.56511299998965	213.99987160007703
43.84706099994946	213.99987160007703
44.12607599992771	213.99987160007703
44.40664599998854	213.99987160007703
44.68757999991067	213.99987160007703
44.96703299996443	213.99987160007703
45.248093999922276	213.99987160007703
45.528322999947704	213.99987160007703
45.80860400001984	213.99987160007703
46.08926999999676	213.99987160007703
46.368820999981835	213.99987160007703
46.65036400000099	213.99987160007703
46.9301249999553	213.99987160007703
47.210049999994226	115.00002875000719
47.30947799992282	115.00002875000719
47.83125699998345	115.00002875000719
48.35200499999337	115.00002875000719
48.876067999983206	60.99997255001235
49.21583300002385	60.99997255001235
50.19797799992375	60.99997255001235
51.18254800001159	60.99997255001235
52.1669530000072	135.000135000135
52.516639999928884	135.000135000135
52.961902000010014	135.000135000135
53.405718000023626	135.000135000135
53.85029999993276	135.000135000135
54.29604299995117	69.99998833333528
54.57001299993135	69.99998833333528
55.426365999970585	69.99998833333528
56.284956999938004	69.99998833333528
57.14198499999475	69.99998833333528
57.99949099996593	69.99998833333528
58.85668299999088	69.99998833333528
59.713280999916606	40.0
60.61751499993261	210.0
60.81182399997488	210.0
61.095558999921195	210.0
61.38247299997602	210.0
61.66758599993773	210.0
61.953237999929115	210.0
62.23790199996438	210.0
62.52560499997344	210.0
62.809536000015214	210.0
63.09557299991138	210.0
63.38068900001235	210.0
63.66777900001034	210.0
63.95275799999945	210.0
64.238006999949	210.0
64.52443699992727	210.0
64.80976899992675	210.0
65.09604600002058	120.99994353335968
65.52431899996009	120.99994353335968
66.0186860000249	120.99994353335968
66.51404199993704	24.0
68.55200799996965	24.0
71.05212200002279	135.000135000135
71.09317699994426	135.000135000135
71.53801699995529	135.000135000135
71.98095399991143	135.000135000135
72.42800099996384	135.000135000135
72.87127599993255	155.0
73.21231500001159	155.0
73.59980899991933	155.0
73.98810499999672	155.0
74.3739109999733	155.0
74.76128600002266	155.0
75.14791299996432	155.0
75.5372910000151	155.0
75.92322599992622	155.0
76.30860400001984	155.0
76.69817899994086	180.0
77.00792899995577	180.0
77.33996499993373	180.0
77.67504699993879	180.0
78.00744800001848	180.0
78.33993000001647	180.0
78.67363799992017	180.0
79.00620199996047	180.0
79.34007699997164	78.9999657666815
79.61707899998873	78.9999657666815
80.37836999993306	78.9999657666815
81.13666600000579	78.9999657666815
81.89622699993197	78.9999657666815
82.65723699994851	78.9999657666815
83.41600700002164	28.999993233334912
84.93971800000872	64.0
85.38201299996581	64.0
86.31871399993543	64.0
87.25642999995034	64.0
88.19380100001581	27.0
88.41490500001237	27.0
90.63720499991905	96.0
90.83368899999186	96.0
91.45741999999154	96.0
92.08410799992271	96.0
92.70750399993267	96.0
93.3342629999388	96.0
93.95817499991972	96.0
94.58350700000301	96.0
95.20830800000113	192.99989385005838
95.49303699994925	192.99989385005838
95.80466799996793	192.99989385005838
96.11562799999956	192.99989385005838
96.42655600002035	192.99989385005838
96.73871099995449	192.99989385005838
97.05061299994122	177.99981606685674
97.0894959999714	177.99981606685674
97.4281600000104	177.99981606685674
97.76415399997495	177.99981606685674
98.10055799991824	177.99981606685674
98.43735499994364	177.99981606685674
98.77585799992085	177.99981606685674
99.11268099991139	177.99981606685674
99.44807499996386	177.99981606685674
99.78580900002271	177.99981606685674
100.12247900001239	177.99981606685674
100.460551999975	177.99981606685674
100.79739999992307	177.99981606685674
101.13398299994878	113.00009605008164
101.47309400001541	113.00009605008164
102.00391799991485	113.00009605008164
102.53514499997254	132.9999468000213
102.91143199999351	132.9999468000213
103.36313800001517	132.9999468000213
103.81494999991264	132.9999468000213
104.26485099992715	132.9999468000213
104.71739499992691	132.9999468000213
105.16736399999354	132.9999468000213
105.61775799992029	132.9999468000213
106.06898599991109	132.9999468000213
106.52074599999469	36.99999136666868
107.73338300001342	36.99999136666868
109.35682099999394	102.0
109.6994039999554	102.0
110.28685899998527	102.0
110.87745299993549	102.0
111.46508499991614	102.0
112.05304599995725	102.0
112.64014499995392	102.0
113.2288609999232	118.99992463338107
113.63607299991418	118.99992463338107
114.14151599991601	118.99992463338107
114.64484099997208	118.99992463338107
115.14922199991997	105.99995053335641
115.22308799996972	105.99995053335641
115.79061299993191	105.99995053335641
116.35423199995421	105.99995053335641
116.9200149999233	105.99995053335641
117.48666299995966	105.99995053335641
118.05166999995708	105.99995053335641
118.61784099997021	105.99995053335641
119.18455399991944	170.0000850000425
119.30165099992882	170.0000850000425
119.65584599995054	170.0000850000425
120.0067450000206	170.0000850000425
120.36036199994851	74.0
120.75489799992647	74.0
121.56404500000644	74.0
122.3778760000132	74.0
123.18647999991663	74.0
123.99814799998421	74.0
124.80760699999519	136.0
124.9082299999427	136.0
125.34955099993385	136.0
125.79048899991903	136.0
126.23199000000022	190.0002850004275
126.49857399996836	190.0002850004275
126.81529399997089	190.0002850004275
127.13039199996274	190.0002850004275
127.4473439999856	190.0002850004275
127.76251999998931	190.0002850004275
128.07760399999097	190.0002850004275
128.3945759999333	190.0002850004275
128.70990999997593	190.0002850004275
129.03004400001373	190.0002850004275
129.34171700000297	190.0002850004275
129.658666000003	190.0002850004275
129.97293899999931	190.0002850004275
130.28867999999784	190.0002850004275
130.60585900000297	190.0002850004275
130.92038899997715	190.0002850004275
131.2370579999406	78.9999657666815
131.41677299991716	78.9999657666815
132.17789799999446	78.9999657666815
132.93845899996813	78.9999657666815
133.69753499992657	55.00000458333371
134.1880259999307	55.00000458333371
135.27918800001498	55.00000458333371
136.3698629999999	55.00000458333371
137.46114999998827	202.0
137.70708899991587	202.0
138.0022749999771	202.0
138.29886300000362	192.99989385005838
138.310009000008	192.99989385005838
138.62119500001427	192.99989385005838
138.93215100001544	192.99989385005838
139.24314999999478	192.99989385005838
139.55415599991102	192.99989385005838
139.86534799996298	192.99989385005838
140.17513200000394	192.99989385005838
140.48650499992073	192.99989385005838
140.79678999993484	192.99989385005838
141.10855499992613	192.99989385005838
141.41861099994276	192.99989385005838
141.7303199999733	192.99989385005838
142.04034700000193	192.99989385005838
142.35184299992397	185.000185000185
142.36390200001188	185.000185000185
142.68701200000942	185.000185000185
143.01236499997322	185.000185000185
143.33686299994588	185.000185000185
143.66108599992003	185.000185000185
143.98518700001296	185.000185000185
144.30876299994998	185.000185000185
144.63265399995726	185.000185000185
144.95788799994625	77.99997660000702
145.37793899991084	77.99997660000702
146.14790599991102	77.99997660000702
146.91508800000884	77.99997660000702
147.68524899997283	77.99997660000702
148.4550299999537	77.99997660000702
149.22240700002294	108.99994368336243
149.59026500000618	108.99994368336243
150.1408839999931	108.99994368336243
150.689798999927	108.99994368336243
151.241119000013	137.99987580011177
151.53687299997546	137.99987580011177
151.97256399993785	137.99987580011177
152.40652600000612	137.99987580011177
152.84158499992918	137.99987580011177
153.27654599992093	137.99987580011177
153.71219999995083	137.99987580011177
154.1472379999468	137.99987580011177
154.58020999992732	137.99987580011177
155.0168919999851	137.99987580011177
155.44981099991128	86.00005160003096
155.97365499997977	86.00005160003096
156.67154599993955	189.0
156.98872399993706	189.0
157.3080670000054	189.0
157.6251639999682	189.0
157.94199099997059	189.0
158.25889099994674	189.0
158.5766280000098	189.0
158.89516499999445	189.0
159.21143299993128	189.0
159.5286990000168	189.0
159.8458559999708	189.0
160.16581399994902	33.99999773333349
160.47916300001089	33.99999773333349
162.2436039999593	28.000001866666793
162.27763199992478	28.000001866666793
164.4179989999393	28.000001866666793
166.5617599999532	28.000001866666793
168.704058000003	28.000001866666793
170.84693399991374	28.000001866666793


0.03624399995896965	120.0
0.5002979999408126	120.0
1.0014429999282584	120.0
1.5012129999231547	120.0
2.000969999935478	120.0
2.500774999964051	120.0
3.000859000021592	120.0
3.5009490000084043	120.0
4.000509999925271	120.0
4.5002809999277815	120.0
5.00056900002528	120.0
5.5007869999390095	120.0
6.0005029999883845	120.0
6.500765000004321	120.0
7.000219999928959	120.0
7.501083999988623	120.0
8.000459000002593	120.0
8.500949000008404	120.0
9.000392999965698	120.0
9.50076700001955	120.0
10.000774999964051	120.0
10.501454000012018	120.0
11.000744999968447	120.0
11.502138999989256	120.0
12.001075999927707	120.0
12.500894999946468	120.0
13.001444999943487	120.0
13.501398999942467	120.0
14.000508000026457	120.0
14.500527999945916	120.0
15.001197999925353	120.0
15.500588999944739	120.0
16.000570999924093	120.0
16.502131999935955	120.0
17.00122899992857	120.0
17.501094999955967	120.0
18.001206999993883	120.0
18.500997000024654	120.0
19.001012000022456	120.0
19.501533999922685	120.0
20.00061799993273	120.0
20.500400000019	120.0
21.018784999963827	120.0
21.501754999975674	120.0
22.001494999974966	120.0
22.50140900001861	120.0
23.000419999938458	120.0
23.50038099999074	120.0
24.000816999934614	21.99999780000022
25.358659999910742	48.0
26.12652499997057	48.0
27.37645199999679	48.0
28.627110000001267	48.0
29.877022999920882	171.00009405005173
29.91854699992109	171.00009405005173
30.26887499995064	171.00009405005173
30.620579999987967	120.0
30.682018999941647	120.0
31.182384999934584	120.0
31.68306800001301	120.0
32.18162899999879	120.0
32.68263199995272	120.0
33.181615000008605	120.0
33.682722999947146	120.0
34.18514499999583	83.99996640001343
34.269481000024825	83.99996640001343
34.983170999912545	83.99996640001343
35.69753899995703	83.99996640001343
36.412511999951676	113.00009605008164
36.83435499994084	113.00009605008164
37.3670249999268	113.00009605008164
37.89772200002335	113.00009605008164
38.426865999936126	113.00009605008164
38.9576399999205	113.00009605008164
39.488552999915555	113.00009605008164
40.019544999930076	113.00009605008164
40.55145499994978	113.00009605008164
41.082929000025615	187.99996240000752
41.16221899993252	187.99996240000752
41.48237500002142	187.99996240000752
41.79954099992756	187.99996240000752
42.12057599995751	187.99996240000752
42.437937999959104	187.99996240000752
42.756982999970205	214.0
43.004167999955826	214.0
43.2846229999559	214.0
43.56472099991515	214.0
43.84646499995142	214.0
44.12643699999899	214.0
44.40693099994678	214.0
44.687281999969855	214.0
44.96686099993531	214.0
45.247489999979734	214.0
45.527695999946445	214.0
45.80831499991473	214.0
46.08863199991174	214.0
46.369032999966294	214.0
46.65007400000468	214.0
46.930203999974765	214.0
47.210006000008434	115.00002875000719
47.30910299997777	115.00002875000719
47.83125699998345	115.00002875000719
48.35200499999337	115.00002875000719
48.87583299994003	60.99997255001235
49.21621199999936	60.99997255001235
50.197659999947064	60.99997255001235
51.18195699993521	60.99997255001235
52.16640200000256	135.000135000135
52.516287999926135	135.000135000135
52.96151299995836	135.000135000135
53.4059689999558	135.000135000135
53.85057999996934	135.000135000135
54.29574600001797	69.99998833333528
54.56945099995937	69.99998833333528
55.426382999983616	69.99998833333528
56.28422699996736	69.99998833333528
57.14140700001735	69.99998833333528
57.998645999934524	69.99998833333528
58.856020999955945	40.0
59.11720600002445	40.0
60.61720500001684	40.0
62.11740300001111	210.00021000021
62.2381629999727	210.00021000021
62.52594800002407	210.00021000021
62.809536000015214	210.00021000021
63.09559399995487	210.00021000021
63.380892999935895	210.00021000021
63.66777900001034	210.00021000021
63.952776000020094	210.00021000021
64.23760699993	210.00021000021
64.52333400002681	210.00021000021
64.80941999994684	210.00021000021
65.09576099994592	120.99994353335968
65.52372599998489	120.99994353335968
66.0180859999964	120.99994353335968
66.51443300000392	24.0
68.55132600001525	24.0
71.05180899996776	135.000135000135
71.09280999994371	135.000135000135
71.53769000002649	135.000135000135
71.98075999994762	135.000135000135
72.42767999996431	135.000135000135
72.87096999993082	135.000135000135
73.31495699996594	154.99990958338608
73.59964599995874	154.99990958338608
73.98846499994397	154.99990958338608
74.37550299998838	154.99990958338608
74.76096999994479	154.99990958338608
75.14762499998324	154.99990958338608
75.53757499996573	154.99990958338608
75.92235799995251	154.99990958338608
76.30924500001129	154.99990958338608
76.69753200002015	154.99990958338608
77.08351099991705	180.00018000018
77.33966199995484	180.00018000018
77.67430199997034	180.00018000018
78.00714699993841	180.00018000018
78.34027699998114	180.00018000018
78.67395600001328	180.00018000018
79.00659599993378	180.00018000018
79.34033799997997	180.00018000018
79.67376499995589	78.9999657666815
80.37841299991123	78.9999657666815
81.13625300000422	78.9999657666815
81.89687699999195	78.9999657666815
82.65754299995024	78.9999657666815
83.41600700002164	28.999993233334912
84.94032099994365	64.0
85.38168799993582	64.0
86.31868699996267	64.0
87.25706500001252	64.0
88.19349400000647	27.00000270000027
88.41435799992178	27.00000270000027
90.63660999992862	96.0
90.8333739999216	96.0
91.45773299993016	96.0
92.08388599997852	96.0
92.70724000001792	96.0
93.33399700000882	96.0
93.95813099993393	96.0
94.58350700000301	96.0
95.20773899997585	96.0
95.83384300000034	192.99989385005838
96.11588599998504	192.99989385005838
96.42676499998197	192.99989385005838
96.73726500000339	192.99989385005838
97.04699599999003	177.99981606685674
97.08920699998271	177.99981606685674
97.42784899997059	177.99981606685674
97.76477000000887	177.99981606685674
98.10071199992672	177.99981606685674
98.43742199998815	177.99981606685674
98.775142999948	177.99981606685674
99.1123629999347	177.99981606685674
99.4482629999984	177.99981606685674
99.78611599991564	177.99981606685674
100.12279599998146	177.99981606685674
100.46024499996565	177.99981606685674
100.7971279999474	177.99981606685674
101.13398299994878	113.00009605008164
101.47277499991469	113.00009605008164
102.0038179999683	113.00009605008164
102.53478200000245	132.9999468000213
102.91091699991375	132.9999468000213
103.36313800001517	132.9999468000213
103.81465900002513	132.9999468000213
104.26519399997778	132.9999468000213
104.71739499992691	132.9999468000213
105.16764300002251	132.9999468000213
105.61835999996401	132.9999468000213
106.06900999997742	37.0
106.1126289999811	37.0
107.73338300001342	37.0
109.35633099998813	102.0000510000255
109.69872899993788	102.0000510000255
110.28730399999768	102.0000510000255
110.87804999994114	102.0000510000255
111.46476499992423	102.0000510000255
112.0529010000173	102.0000510000255
112.64076999993995	102.0000510000255
113.22890699992422	118.99992463338107
113.63639100000728	118.99992463338107
114.14183500001673	118.99992463338107
114.64491199993063	118.99992463338107
115.14956499997061	118.99992463338107
115.65493199997582	105.99995053335641
115.79036500002258	105.99995053335641
116.35389999998733	105.99995053335641
116.91961699991953	105.99995053335641
117.48641599994153	105.99995053335641
118.05339199991431	105.99995053335641
118.61749099998269	105.99995053335641
119.18455399991944	170.0000850000425
119.30174000002444	170.0000850000425
119.65529099991545	170.0000850000425
120.00691300001927	170.0000850000425
120.36098200001288	73.99998273333736
120.75607999996282	73.99998273333736
121.56438400002662	73.99998273333736
122.37751399993431	73.99998273333736
123.18608799995854	73.99998273333736
123.99781099997927	73.99998273333736
124.80824799998663	136.0001450668214
124.90885599993635	136.0001450668214
125.34921699995175	136.0001450668214
125.79089199996088	136.0001450668214
126.23165700002573	190.0002850004275
126.49832000001334	190.0002850004275
126.81491900002584	190.0002850004275
127.1306779999286	190.0002850004275
127.44706099992618	190.0002850004275
127.76251999998931	190.0002850004275
128.07733499992173	190.0002850004275
128.39461899991147	190.0002850004275
128.70961999997962	190.0002850004275
129.03137300000526	190.0002850004275
129.34142599999905	190.0002850004275
129.65795899997465	190.0002850004275
129.97407499991823	190.0002850004275
130.288305999944	190.0002850004275
130.60552199999802	190.0002850004275
130.92006699997	190.0002850004275
131.23738199996296	190.0002850004275
131.55134000000544	190.0002850004275
131.86764599999879	78.9999657666815
132.17758199991658	78.9999657666815
132.9375529999379	78.9999657666815
133.69705999991857	55.00000458333371
134.18843899993226	55.00000458333371
135.27950399997644	55.00000458333371
136.36955099995248	55.00000458333371
137.46188999991864	201.999798000202
137.70678200002294	201.999798000202
138.0029060000088	201.999798000202
138.2995070000179	193.0
138.3096989999758	193.0
138.62085800000932	193.0
138.93245899991598	193.0
139.24284999992233	193.0
139.55447099998128	193.0
139.8650459999917	193.0
140.17560099996626	193.0
140.48714599991217	193.0
140.79650099994615	193.0
141.10793599998578	193.0
141.41797299997415	193.0
141.7296909999568	193.0
142.04097999993246	193.0
142.35150599991903	185.000185000185
142.36353500001132	185.000185000185
142.687411999912	185.000185000185
143.01269599993248	185.000185000185
143.33559899998363	185.000185000185
143.66078299994115	185.000185000185
143.98451999993995	185.000185000185
144.30845599994063	185.000185000185
144.63290799991228	185.000185000185
144.9575719999848	77.99997660000702
145.37841100001242	77.99997660000702
146.14790599991102	77.99997660000702
146.91495499992743	77.99997660000702
147.68575299996883	77.99997660000702
148.45440299995244	77.99997660000702
149.22309500002302	108.99994368336243
149.58988699992187	108.99994368336243
150.1404469999252	108.99994368336243
150.6900879999157	108.99994368336243
151.2410919999238	108.99994368336243
151.79134200001135	137.99987580011177
151.97193599992897	137.99987580011177
152.406828999985	137.99987580011177
152.8412900000112	137.99987580011177
153.27685699996073	137.99987580011177
153.71191999991424	137.99987580011177
154.14647499995772	137.99987580011177
154.58053099992685	137.99987580011177
155.01693399995565	86.0
155.27654999995138	86.0
155.97365499997977	86.0
156.67207400000188	189.000189000189
156.98946599999908	189.000189000189
157.30829499999527	189.000189000189
157.62470099993516	189.000189000189
157.9425920000067	189.000189000189
158.25929600000381	189.000189000189
158.57704799994826	189.000189000189
158.89474499993958	189.000189000189
159.2117529999232	189.000189000189
159.5282989999978	189.000189000189
159.84627500001807	189.000189000189
160.1649960000068	33.99999773333349
160.4796319999732	33.99999773333349
162.24394700000994	28.000001866666793
162.2772989999503	28.000001866666793
164.41884699999355	28.000001866666793
166.561803999939	28.000001866666793
168.704058000003	28.000001866666793
170.84636299998965	28.000001866666793


8.979688999941573	120.0
9.466611000010744	120.0
9.501163000008091	120.0
10.0010309999343	120.0
10.501890999963507	120.0
11.000471999985166	120.0
11.501856999937445	120.0
12.000510999932885	120.0
12.500894999946468	120.0
13.000903000007384	120.0
13.50101399992127	120.0
14.00077699997928	120.0
14.500860999920405	120.0
15.002365999971516	120.0
15.500809999997728	120.0
16.00083999999333	120.0
16.501883000019006	120.0
17.001665999996476	120.0
17.50149399996735	120.0
18.00144099991303	120.0
18.500592999975197	120.0
19.00163299997803	120.0
19.50126900000032	120.0
20.000862999935634	120.0
20.50069000001531	120.0
21.007602999918163	120.0
21.501454000012018	120.0
22.002331999945454	120.0
22.500515999970958	120.0
23.000816999934614	120.0
23.50099400000181	120.0
24.001487999921665	21.99999780000022
25.35792500001844	48.0
26.12652499997057	48.0
27.37667499994859	48.0
28.627439999952912	48.0
29.876791000016965	171.00009405005173
29.91804499994032	171.00009405005173
30.26925100001972	171.00009405005173
30.62086799996905	120.0
30.682216999935918	120.0
31.182700000004843	120.0
31.682734999922104	120.0
32.18140100000892	120.0
32.68294600001536	120.0
33.18193299998529	120.0
33.68236099998467	120.0
34.18276999995578	83.99996640001343
34.26919999998063	83.99996640001343
34.9837679999182	83.99996640001343
35.697980999946594	83.99996640001343
36.41305099998135	113.0
36.834000999922864	113.0
37.366625999915414	113.0
37.897704000002705	113.0
38.428694000002	113.0
38.95817200001329	113.0
39.489005999988876	113.0
40.019831000012346	113.0
40.55120599991642	113.0
41.08258799999021	187.99996240000752
41.16253700002562	187.99996240000752
41.48175499995705	187.99996240000752
41.79984599992167	187.99996240000752
42.120839999988675	187.99996240000752
42.438145999913104	187.99996240000752
42.75721299997531	187.99996240000752
43.076408999972045	213.99987160007703
43.28501300001517	213.99987160007703
43.564918000018224	213.99987160007703
43.84676500002388	213.99987160007703
44.125671999994665	213.99987160007703
44.406308999983594	213.99987160007703
44.68786399997771	213.99987160007703
44.96667100000195	213.99987160007703
45.247801000019535	213.99987160007703
45.52803399995901	213.99987160007703
45.80799599993043	213.99987160007703
46.088945999974385	213.99987160007703
46.36862999992445	213.99987160007703
46.649728999938816	213.99987160007703
46.929709999938495	213.99987160007703
47.20974500000011	115.00002875000719
47.309147999971174	115.00002875000719
47.83093499997631	115.00002875000719
48.35224699997343	115.00002875000719
48.87583299994003	61.0
49.21602399996482	61.0
50.19826799992006	61.0
51.18224499991629	61.0
52.166730999946594	135.0
52.51662299991585	135.0
52.96184399991762	135.0
53.4056279999204	135.0
53.849953999975696	135.0
54.29633499996271	69.99998833333528
54.569711999967694	69.99998833333528
55.42668099992443	69.99998833333528
56.28491399995983	69.99998833333528
57.14270999992732	69.99998833333528
58.0010159999365	69.99998833333528
58.856037999968976	69.99998833333528
59.71322899998631	40.0
60.61757499992382	40.0
62.11740300001111	210.00021000021
62.238465999951586	210.00021000021
62.52511099993717	210.00021000021
62.810204999987036	210.00021000021
63.09599199995864	210.00021000021
63.38045199995395	210.00021000021
63.66807599994354	210.00021000021
63.95307399996091	210.00021000021
64.2380290000001	210.00021000021
64.52377600001637	121.0
64.53182199993171	121.0
65.02654200000688	121.0
65.52402899996378	121.0
66.01843900000677	121.0
66.51435099996161	24.0
68.5517080000136	24.0
71.05180899996776	135.000135000135
71.09280999994371	135.000135000135
71.5383219999494	135.000135000135
71.98138599994127	135.000135000135
72.42734099994414	135.000135000135
72.87051499995869	135.000135000135
73.3152879999252	154.99990958338608
73.59925299999304	154.99990958338608
73.98810499999672	154.99990958338608
74.37391999992542	154.99990958338608
74.76219499995932	154.99990958338608
75.14730999991298	154.99990958338608
75.5370029999176	154.99990958338608
75.92294499999844	154.99990958338608
76.3094389999751	154.99990958338608
76.69755799998529	154.99990958338608
77.08401999995112	180.00018000018
77.33963800000492	180.00018000018
77.67430199997034	180.00018000018
78.00681399996392	180.00018000018
78.33964699995704	180.00018000018
78.67398199997842	180.00018000018
79.00656899996102	180.00018000018
79.34038099995814	180.00018000018
79.67376499995589	78.9999657666815
80.37806599994656	78.9999657666815
81.13659100001678	78.9999657666815
81.89628300000913	78.9999657666815
82.65721899992786	78.9999657666815
83.4157000000123	28.999993233334912
84.93972599995323	64.0
85.38199499994516	64.0
86.31902299996	64.0
87.25674099999014	64.0
88.19349400000647	27.00000270000027
88.41463499993552	27.00000270000027
90.6369039999554	96.0
90.8333739999216	96.0
91.45741999999154	96.0
92.08345899998676	96.0
92.70778799999971	96.0
93.33365699998103	96.0
93.95842399995308	96.0
94.58445099997334	96.0
95.20808000001125	96.0
95.83418200002052	192.99989385005838
96.11558999994304	192.99989385005838
96.42651699995622	192.99989385005838
96.73905799991917	178.0
96.75276399997529	178.0
97.08889399992768	178.0
97.42782099999022	178.0
97.76416999998037	178.0
98.10010399995372	178.0
98.43709599995054	178.0
98.77567999996245	178.0
99.11204299994279	178.0
99.4484480000101	178.0
99.78637799993157	178.0
100.12282199994661	178.0
100.46038299996872	178.0
100.79676900000777	113.0
100.9425559999654	113.0
101.4733909999486	113.0
102.00325700000394	113.0
102.53437699994538	132.9999468000213
102.91091699991375	132.9999468000213
103.36342700000387	132.9999468000213
103.81429999996908	132.9999468000213
104.26516700000502	132.9999468000213
104.71769899991341	132.9999468000213
105.16704700002447	132.9999468000213
105.6180779999122	132.9999468000213
106.06920299993362	132.9999468000213
106.52042700001039	36.99999136666868
107.73402299999725	36.99999136666868
109.35717699991073	102.0000510000255
109.69877699995413	102.0000510000255
110.28685899998527	102.0000510000255
110.87745299993549	102.0000510000255
111.46508499991614	102.0000510000255
112.05157599993981	102.0000510000255
112.64014499995392	119.0
113.13191499991808	119.0
113.63607299991418	119.0
114.14151599991601	119.0
114.64456899999641	119.0
115.14922199991997	119.0
115.6546119999839	105.99995053335641
115.78991900000256	105.99995053335641
116.35359199997038	105.99995053335641
116.91985299997032	105.99995053335641
117.48608599998988	105.99995053335641
118.05149799992796	105.99995053335641
118.6177959999768	105.99995053335641
119.18490200000815	170.0000850000425
119.30134100001305	170.0000850000425
119.65579999994952	170.0000850000425
120.00672900001518	170.0000850000425
120.36069699993823	73.99998273333736
120.75487299996894	73.99998273333736
121.56404500000644	73.99998273333736
122.3772009999957	73.99998273333736
123.18568200001027	73.99998273333736
123.99842600000557	73.99998273333736
124.80796599993482	136.0001450668214
124.90854400000535	136.0001450668214
125.34982699993998	136.0001450668214
125.79048899991903	136.0001450668214
126.23199000000022	190.0002850004275
126.49854599998798	190.0002850004275
126.81486599997152	190.0002850004275
127.13039199996274	190.0002850004275
127.44704499992076	190.0002850004275
127.762808999978	190.0002850004275
128.0770739999134	190.0002850004275
128.39426600001752	190.0002850004275
128.70930599991698	190.0002850004275
129.0305759999901	190.0002850004275
129.34205400000792	190.0002850004275
129.65829699998721	190.0002850004275
129.97375299991108	190.0002850004275
130.28789399995003	190.0002850004275
130.60556399996858	190.0002850004275
130.92006699997	190.0002850004275
131.2370660000015	190.0002850004275
131.55130900000222	190.0002850004275
131.86764599999879	78.9999657666815
132.1776260000188	78.9999657666815
132.93789199995808	55.0
133.0979009999428	55.0
134.18843899993226	55.0
135.27921399998013	55.0
136.3698629999999	55.0
137.46120699995663	201.999798000202
137.7068529999815	201.999798000202
138.0022749999771	201.999798000202
138.299202999915	192.99989385005838
138.3099650000222	192.99989385005838
138.62119500001427	192.99989385005838
138.9318300000159	192.99989385005838
139.24314999999478	192.99989385005838
139.55415599991102	192.99989385005838
139.86574699997436	192.99989385005838
140.17513200000394	192.99989385005838
140.48652299994137	192.99989385005838
140.79658700001892	192.99989385005838
141.10804600000847	192.99989385005838
141.41797299997415	192.99989385005838
141.72970699996222	192.99989385005838
142.04034700000193	192.99989385005838
142.3514590000268	185.000185000185
142.36347999994177	185.000185000185
142.68701200000942	185.000185000185
143.01273800001945	185.000185000185
143.3374649999896	185.000185000185
143.6604449999286	185.000185000185
143.98464099992998	185.000185000185
144.30834500002675	78.0
144.60659899993334	78.0
145.37802099995315	78.0
146.14758999994956	78.0
146.91466899996158	78.0
147.68524899997283	78.0
148.4547199999215	78.0
149.22271100000944	109.0
149.58996000001207	109.0
150.14079299999867	109.0
150.69036599993706	109.0
151.24077599996235	109.0
151.79171899997164	137.99987580011177
151.97224999999162	137.99987580011177
152.4062129999511	137.99987580011177
152.84096900001168	137.99987580011177
153.27622899995185	137.99987580011177
153.71161399991252	137.99987580011177
154.1468889999669	137.99987580011177
154.58081999991555	137.99987580011177
155.01628699991852	137.99987580011177
155.44972099992447	86.00005160003096
155.9744139999384	86.00005160003096
156.6718379999511	189.000189000189
156.98872399993706	189.000189000189
157.30867399997078	189.000189000189
157.62492700002622	189.000189000189
157.94228399998974	189.000189000189
158.259338999982	189.000189000189
158.57702500000596	189.000189000189
158.89474499993958	189.000189000189
159.21143299993128	189.000189000189
159.5282989999978	189.000189000189
159.8458559999708	189.000189000189
160.16477999999188	34.0
160.47949900000822	34.0
162.24392599996645	28.000001866666793
162.27792699995916	28.000001866666793
164.4178799999645	28.000001866666793
166.56214299995918	28.000001866666793
168.7037269999273	28.000001866666793
170.84634599997662	28.000001866666793