0.005895000067539513	120.0
0.5013340000296012	120.0
1.0032540000975132	120.0
1.502567999996245	120.0
2.00171500002034	120.0
2.5022159999934956	120.0
3.000650000059977	120.0
3.5008730000117794	120.0
4.0005050000036135	120.0
4.502587000024505	120.0
5.001277000061236	120.0
5.5004160000244156	120.0
6.0015930000226945	120.0
6.500266000046395	120.0
7.001229000044987	120.0
7.502159000025131	120.0
8.000432000029832	120.0
8.500380999990739	120.0
9.002343000029214	120.0
9.500698000076227	120.0
10.002519000088796	120.0
10.50054200005252	120.0
11.001720000058413	120.0
11.501983000081964	120.0
12.002254000050016	120.0
12.50050100008957	120.0
13.000372000038624	120.0
13.501645000069402	120.0
14.00186700001359	120.0
14.500367000000551	120.0
15.001007999991998	120.0
15.50083400006406	120.0
16.000563000096008	120.0
16.501190999988467	120.0
17.002642000094056	120.0
17.50121100002434	120.0
18.00210300006438	120.0
18.501891000079922	120.0
19.002256000065245	120.0
19.5022530000424	120.0
20.002290000091307	120.0
20.50231300003361	120.0
21.002150000073016	120.0
21.50023600005079	120.0
22.001004000077955	120.0
22.50124000001233	120.0
23.00036300008651	120.0
23.500121999997646	120.0
24.000725000048988	120.0
24.500799000030383	120.0
25.000364999985322	120.0
25.501547000021674	120.0
26.001173000084236	120.0
26.50067500001751	120.0
27.000555000035092	120.0
27.50161899998784	120.0
28.00239000003785	120.0
28.500745000084862	120.0
29.00212200009264	20.0
29.41096800006926	20.0
32.41041100001894	67.00002903334591
32.721850000089034	67.00002903334591
33.61687400005758	67.00002903334591
34.51252200000454	204.0
34.64855300006457	204.0
34.94259300001431	204.0
35.23701400007121	204.0
35.530541000072844	204.0
35.82476500002667	204.0
36.11997300002258	204.0
36.41267099999823	204.0
36.707712000003085	204.0
37.001200000057	64.0
37.462845000089146	64.0
38.39991400006693	64.0
39.33730200002901	64.0
40.27567700005602	64.0
41.21222700004	72.99998296667064
41.93321100005414	72.99998296667064
42.75431700004265	72.99998296667064
43.57707300002221	186.9997756002693
43.75830700004008	186.9997756002693
44.080610000062734	186.9997756002693
44.400422999984585	186.9997756002693
44.72117400006391	186.9997756002693
45.0418860000791	186.9997756002693
45.36259200004861	186.9997756002693
45.68426000000909	186.9997756002693
46.00438200007193	186.9997756002693
46.32494600000791	186.9997756002693
46.64610700006597	186.9997756002693
46.966693000053056	186.9997756002693
47.28805800003465	73.99998273333736
47.767029999988154	73.99998273333736
48.578014000086114	73.99998273333736
49.38807300000917	61.99999586666694
49.55478100001346	61.99999586666694
50.52268500009086	61.99999586666694
51.4916090000188	61.99999586666694
52.45847200008575	61.99999586666694
53.42549200006761	115.00002875000719
53.48328100005165	115.00002875000719
54.004850000026636	70.0
54.0147870000219	70.0
54.87236200005282	70.0
55.7293710000813	70.0
56.58681000000797	70.0
57.44399100006558	70.0
58.30085800006054	70.0
59.1583030000329	160.99991681670966
59.18817900004797	160.99991681670966
59.56127200007904	160.99991681670966
59.93244700005744	160.99991681670966
60.30590100004338	160.99991681670966
60.67813700006809	160.99991681670966
61.050571000087075	160.99991681670966
61.4234010000946	62.99999685000016
61.61761600000318	62.99999685000016
62.56960600009188	62.99999685000016
63.522807000088505	62.99999685000016
64.47428200009745	84.0
65.09758599998895	84.0
65.81055300007574	84.0
66.52550200000405	67.00002903334591
66.63271100004204	67.00002903334591
67.5278470000485	67.00002903334591
68.42268499999773	67.00002903334591
69.31826500000898	67.00002903334591
70.21334500005469	67.00002903334591
71.10907900007442	67.99999546666697
71.9795640000375	67.99999546666697
72.86264499998651	185.000185000185
73.12194199999794	185.000185000185
73.44632600003388	185.000185000185
73.7711840000702	185.000185000185
74.0951210000785	185.000185000185
74.41928600007668	185.000185000185
74.74369500007015	185.000185000185
75.06793900008779	185.000185000185
75.3948420000961	185.000185000185
75.71695200004615	185.000185000185
76.04364899999928	185.000185000185
76.36544800002594	207.99966720053249
76.64167899999302	207.99966720053249
76.92992000002414	207.99966720053249
77.21997600002214	207.99966720053249
77.50758100009989	207.99966720053249
77.79533700004686	207.99966720053249
78.08351000002585	207.99966720053249
78.3744140000781	201.999798000202
78.37580800009891	201.999798000202
78.67450700001791	201.999798000202
78.96994800004177	201.999798000202
79.26647400006186	201.999798000202
79.56411600008141	201.999798000202
79.8623690000968	201.999798000202
80.15918000007514	201.999798000202
80.45476200000849	201.999798000202
80.75159400003031	201.999798000202
81.04952200001571	201.999798000202
81.34633299999405	201.999798000202
81.64289400004782	201.999798000202
81.93981500004884	201.999798000202
82.23811400006525	201.999798000202
82.53462400007993	186.9997756002693
82.55620300001465	186.9997756002693
82.87717700004578	186.9997756002693
83.19864700001199	186.9997756002693
83.52092600008473	186.9997756002693
83.83972899999935	186.9997756002693
84.16114700003527	186.9997756002693
84.48358100000769	138.0
84.55852600000799	138.0
84.99318500002846	138.0
85.42781600006856	138.0
85.86433700006455	138.0
86.29784800007474	138.0
86.73267699999269	138.0
87.16740899998695	138.0
87.60403200006112	138.0
88.03696200007107	138.0
88.47365500009619	202.99965828390856
88.7015980000142	202.99965828390856
88.99651399999857	202.99965828390856
89.29328500002157	202.99965828390856
89.58726599998772	202.99965828390856
89.8837610000046	202.99965828390856
90.17853500007186	202.99965828390856
90.47377799998503	46.99999060000188
91.17157300002873	46.99999060000188
92.44837100000586	46.99999060000188
93.72519900009502	46.99999060000188
95.00159900006838	36.0
95.22623100003693	36.0
96.89406700001564	154.99990958338608
97.18948400008958	154.99990958338608
97.57636100007221	154.99990958338608
97.96301800000947	154.99990958338608
98.35149600007571	154.99990958338608
98.7384290000191	154.99990958338608
99.12419500004034	154.99990958338608
99.5113780000247	154.99990958338608
99.89811700000428	154.99990958338608
100.28551200008951	75.0
100.30457100004423	75.0
101.10361600003671	75.0
101.90475200000219	75.0
102.70283700001892	75.0
103.50241200008895	38.000008866668736
104.23270000005141	38.000008866668736
105.8121430000756	38.000008866668736
107.3919740000274	67.00002903334591
107.99936000001617	67.00002903334591
108.89447699999437	67.00002903334591
109.79006600007415	103.0000480666891
110.03624100005254	103.0000480666891
110.61866899998859	103.0000480666891
111.20143100002315	103.0000480666891
111.78378900000826	103.0000480666891
112.36673600005452	103.0000480666891
112.94897300004959	103.0000480666891
113.53287800005637	152.99994645001874
113.68865400005598	152.99994645001874
114.08001000003424	152.99994645001874
114.47181700007059	160.0
114.83875200001057	160.0
115.21400300005917	160.0
115.58995500009041	160.0
115.96364900004119	160.0
116.3406580000883	160.0
116.71365500008687	160.0
117.08959800004959	160.0
117.46457000006922	160.0
117.83854700007942	160.0
118.21379700000398	160.0
118.58906100003514	160.0
118.96365600009449	160.0
119.3393170000054	160.0
119.71349100000225	182.000182000182
119.9551040000515	182.000182000182
120.28544900007546	182.000182000182
120.61483199999202	182.000182000182
120.94444200000726	182.000182000182
121.27384200005326	182.000182000182
121.60365499998443	42.99999498333392
122.78733700001612	42.99999498333392
124.1830150000751	42.99999498333392
125.57803400000557	214.0
125.74821600003634	214.0
126.02886600000784	214.0
126.30910600000061	214.0
126.58956300001591	214.0
126.87132700008806	214.0
127.15283800009638	214.0
127.43041000002995	214.0
127.71094900008757	38.99998830000351
128.10526700003538	38.99998830000351
129.6423890000442	38.99998830000351
131.18289500009269	38.99998830000351
132.72100100002717	211.00014066676044
132.8130550000351	211.00014066676044
133.09774800005835	211.00014066676044
133.3823300000513	211.00014066676044
133.66688300005626	211.00014066676044
133.9523240000708	145.00003625000906
134.3432230000617	145.00003625000906
134.75745100004133	145.00003625000906
135.17150200007018	145.00003625000906
135.5845210000407	145.00003625000906
135.99874300009105	145.00003625000906
136.41409000009298	145.00003625000906
136.82621800003108	145.00003625000906
137.23965400003362	145.00003625000906
137.65342300001066	211.00014066676044
137.75053700001445	211.00014066676044
138.03475300001446	211.00014066676044
138.31843900005333	211.00014066676044
138.60332100000232	211.00014066676044
138.88829500006977	211.00014066676044
139.17190200008918	211.00014066676044
139.45670300000347	211.00014066676044
139.74028700008057	55.99997760000896
140.4075690000318	55.99997760000896
141.4805270000361	55.99997760000896
142.55114900006447	55.99997760000896
143.62452399998438	201.999798000202
143.82864700001664	201.999798000202
144.1261940000113	201.999798000202
144.4231190000428	201.999798000202
144.72192799998447	192.0
145.03492200002074	192.0
145.34825899999123	192.0
145.6602229999844	192.0
145.97221700008959	192.0
146.28547000000253	192.0
146.59787200007122	192.0
146.91105400002562	192.0
147.22321800002828	192.0
147.53581300005317	192.0
147.84810400009155	192.0
148.1594510000432	192.0
148.47237900004257	192.0
148.784970000037	32.0
149.27288400009274	32.0
151.14626800001133	32.0
153.02110800007358	96.0
153.1553230000427	96.0
153.78055100003257	96.0
154.40506100002676	96.0
155.03228500008117	96.0
155.65558700007387	87.0
155.6870099999942	87.0
156.37733899999876	87.0
157.06646400003228	87.0
157.755632000044	57.999986466669824
157.9582030000165	57.999986466669824
158.9927500000922	57.999986466669824
160.0272840000689	57.999986466669824
161.06294199998956	57.999986466669824
162.0962930000387	135.000135000135
162.1163420000812	135.000135000135
162.56087899999693	135.000135000135
163.00494500005152	135.000135000135
163.4499749999959	207.99966720053249
163.7044590000296	207.99966720053249
163.99356400000397	207.99966720053249
164.281842000084	207.99966720053249
164.5698090000078	207.99966720053249
164.8597610000288	207.99966720053249
165.14706800004933	207.99966720053249
165.43606500001624	207.99966720053249
165.7236850000918	207.99966720053249
166.01436999998987	207.99966720053249
166.30105400003958	207.99966720053249
166.58984800009057	207.99966720053249
166.87781400000677	207.99966720053249
167.16727000009269	207.99966720053249
167.45516200002749	137.00006393336318
167.50570500001777	137.00006393336318
167.9443200000096	137.00006393336318
168.38359900005162	137.00006393336318
168.82016800006386	137.00006393336318
169.2584270000225	137.00006393336318
169.69574700004887	126.000126000126
169.72565999999642	126.000126000126
170.2029399999883	126.000126000126
170.6784050000133	126.000126000126
171.15411600004882	126.000126000126
171.63140600000042	126.000126000126
172.10606700007338	126.000126000126
172.58242500002962	126.000126000126
173.0581100001	126.000126000126
173.53469900006894	194.00021986691584
173.78415399999358	194.00021986691584
174.09353800001554	194.00021986691584
174.4028690000996	194.00021986691584
174.71231800003443	194.00021986691584
175.02106900000945	194.00021986691584
175.33015000005253	194.00021986691584
175.64079199999105	44.0
176.59035900002345	44.0
177.95432000001892	44.0
179.3184070000425	44.0
180.6814299999969	190.0002850004275
180.93312000005972	190.0002850004275
181.24855200003367	190.0002850004275
181.56489800009876	190.0002850004275
181.88105299999006	190.0002850004275
182.19601300009526	190.0002850004275
182.51258700003382	53.000022083342536
182.9345360000152	53.000022083342536
184.06714500009548	53.000022083342536
185.20016200002283	53.000022083342536
186.33136800001375	38.0
186.71108400006779	38.0
188.29034200008027	116.00008506672904
188.45165300008375	116.00008506672904
188.97032600000966	116.00008506672904
189.4868430000497	116.00008506672904
190.00349400006235	116.00008506672904
190.5205180000048	116.00008506672904
191.0386770000914	116.00008506672904
191.55519400001504	116.00008506672904
192.07227800006513	116.00008506672904
192.5898430000525	116.00008506672904
193.10697600001004	80.99997165000993
193.57336700009182	80.99997165000993
194.3138480000198	80.99997165000993
195.05446700006723	104.99992125005906
195.39489600004163	104.99992125005906
195.9665939999977	104.99992125005906
196.5375730000669	104.99992125005906
197.10868900001515	104.99992125005906
197.68010600004345	104.99992125005906
198.25153200002387	104.99992125005906
198.82514400000218	104.99992125005906
199.39448900008574	104.99992125005906
199.9658370000543	104.99992125005906
200.53748100006487	104.99992125005906
201.10870600002818	104.99992125005906
201.68066300009377	104.99992125005906
202.25188800005708	104.99992125005906
202.82354500005022	104.99992125005906
203.3944270000793	104.99992125005906
203.9666440000292	104.99992125005906
204.5374380000867	104.99992125005906
205.10941300005652	104.99992125005906
205.68089200009126	104.99992125005906
206.25228400004562	104.99992125005906
206.82503800000995	104.99992125005906
207.39686300000176	104.99992125005906
207.96602600009646	104.99992125005906
208.53872300009243	104.99992125005906
209.10934299998917	104.99992125005906
209.68134300003294	104.99992125005906
210.2536970000947	104.99992125005906
210.82306600001175	104.99992125005906
211.3948790000286	104.99992125005906
211.96716700005345	104.99992125005906
212.53786799998488	104.99992125005906
213.1089080000529	104.99992125005906
213.68061500007752	104.99992125005906
214.25197700003628	104.99992125005906
214.82364399998914	104.99992125005906
215.39532500004862	104.99992125005906
215.96617900009733	104.99992125005906
216.5382250000257	104.99992125005906
217.10889100003988	104.99992125005906


2.0178790000500157	120.0
2.5121810000855476	120.0
3.000419000047259	120.0
3.5006300000241026	120.0
4.000279000028968	120.0
4.502307999995537	120.0
5.001568000065163	120.0
5.5004160000244156	120.0
6.001597000053152	120.0
6.500253000063822	120.0
7.00125100009609	120.0
7.501845000078902	120.0
8.005369000020437	120.0
8.500326000037603	120.0
9.002574000041932	120.0
9.50034200004302	120.0
10.002243000082672	120.0
10.500324000022374	120.0
11.001720000058413	120.0
11.502389000030234	120.0
12.002254000050016	120.0
12.500693000038154	120.0
13.000360000063665	120.0
13.502269000047818	120.0
14.001879999996163	120.0
14.500334000098519	120.0
15.000756000052206	120.0
15.500760000082664	120.0
16.00041900004726	120.0
16.500987000064924	120.0
17.002350000082515	120.0
17.501243000035174	120.0
18.002464000019245	120.0
18.5016380000161	120.0
19.001558999996632	120.0
19.50226500001736	120.0
20.00251800008118	120.0
20.502729000058025	120.0
21.002237000036985	120.0
21.500708000035957	120.0
22.000802000053227	120.0
22.500997000024654	120.0
23.00073000008706	120.0
23.500517999986187	120.0
24.0002880000975	120.0
24.500316000077873	120.0
25.000326000037603	120.0
25.501233000075445	120.0
26.001350000035018	120.0
26.500262000015937	120.0
27.00078800006304	120.0
27.5011340000201	120.0
28.002433000016026	120.0
28.500536000006832	120.0
29.002408000058495	20.0
29.41049300006125	20.0
32.41019900003448	67.00002903334591
32.721612000023015	67.00002903334591
33.61710200004745	67.00002903334591
34.51230800000485	203.99975520029375
34.64887700008694	203.99975520029375
34.94215100002475	203.99975520029375
35.23678700008895	203.99975520029375
35.53072600008454	203.99975520029375
35.82447700004559	203.99975520029375
36.12063100002706	203.99975520029375
36.41295300005004	64.0
36.52468100003898	64.0
37.46285600005649	64.0
38.39966800005641	64.0
39.33730200002901	64.0
40.27530400000978	64.0
41.21259100001771	72.99998296667064
41.93294500000775	72.99998296667064
42.75414600002114	72.99998296667064
43.57685200008564	186.9997756002693
43.75905300001614	186.9997756002693
44.081093000015244	186.9997756002693
44.39993900002446	186.9997756002693
44.72141600004397	186.9997756002693
45.0416860000696	186.9997756002693
45.36258300009649	186.9997756002693
45.684485999983735	186.9997756002693
46.00412200007122	186.9997756002693
46.32494600000791	186.9997756002693
46.64593400002923	74.0
46.956423000083305	74.0
47.766964000067674	74.0
48.57844800001476	74.0
49.388114000088535	61.99999586666694
49.55457600008231	61.99999586666694
50.52250800002366	61.99999586666694
51.49162800004706	61.99999586666694
52.45845500007272	61.99999586666694
53.42517900001258	115.00002875000719
53.48305400006939	115.00002875000719
54.00519900000654	69.99998833333528
54.01523400004953	69.99998833333528
54.871976000024006	69.99998833333528
55.729117000009865	69.99998833333528
56.58719500002917	69.99998833333528
57.443613000097685	69.99998833333528
58.30058700009249	69.99998833333528
59.157691000029445	160.99991681670966
59.188391000032425	160.99991681670966
59.561068000039086	160.99991681670966
59.933110999991186	160.99991681670966
60.30567999999039	160.99991681670966
60.67791000008583	160.99991681670966
61.050550000043586	160.99991681670966
61.423494999995455	62.99999685000016
61.6172319999896	62.99999685000016
62.56931799999438	62.99999685000016
63.52312000002712	62.99999685000016
64.4743230000604	83.99996640001343
65.09709500009194	83.99996640001343
65.81053100002464	83.99996640001343
66.52548300009221	67.0
66.63294000003953	67.0
67.52746000001207	67.0
68.42213200009428	67.0
69.318103000056	67.0
70.21360400004778	67.0
71.10878800007049	67.99999546666697
71.97985600004904	67.99999546666697
72.86209599999711	185.000185000185
73.12229600001592	185.000185000185
73.44625800009817	185.000185000185
73.77143399999477	185.000185000185
74.09560700005386	185.000185000185
74.41968200006522	185.000185000185
74.74420700001065	185.000185000185
75.06790100003127	185.000185000185
75.39506500004791	185.000185000185
75.71679900004528	185.000185000185
76.04311600001529	185.000185000185
76.36717800004408	208.0
76.64116100000683	208.0
76.93039300001692	208.0
77.21953400003258	208.0
77.50812100002076	208.0
77.79505300009623	208.0
78.08379200007766	208.0
78.37416700005997	201.999798000202
78.37550800002646	201.999798000202
78.67440400004853	201.999798000202
78.9695120000979	201.999798000202
79.26676100003533	201.999798000202
79.56443000002764	201.999798000202
79.86196500004735	201.999798000202
80.158933000057	201.999798000202
80.45490300003439	201.999798000202
80.75220300001092	201.999798000202
81.04909600003157	201.999798000202
81.346566000022	201.999798000202
81.64271700009704	201.999798000202
81.94006799999624	201.999798000202
82.23780800006352	201.999798000202
82.53462400007993	186.9997756002693
82.5562210000353	186.9997756002693
82.87692200008314	186.9997756002693
83.19864700001199	186.9997756002693
83.52025400009006	186.9997756002693
83.84019000001717	186.9997756002693
84.16047200001776	186.9997756002693
84.48358100000769	137.99987580011177
84.55867100006435	137.99987580011177
84.99317600007635	137.99987580011177
85.4277670000447	137.99987580011177
85.86406500008889	137.99987580011177
86.29826100007631	137.99987580011177
86.73285300005227	137.99987580011177
87.16721400001552	137.99987580011177
87.60416600003373	137.99987580011177
88.03696200007107	137.99987580011177
88.47330300009344	202.99965828390856
88.70167700003367	202.99965828390856
88.99601300002541	202.99965828390856
89.29282500001136	202.99965828390856
89.58680300007109	202.99965828390856
89.88324500003364	202.99965828390856
90.17889700003434	202.99965828390856
90.47325300006196	46.99999060000188
91.17133500007913	46.99999060000188
92.44784800009802	46.99999060000188
93.72516600007657	46.99999060000188
95.00118900008965	35.99999280000144
95.22619800001848	35.99999280000144
96.8943600000348	155.0
97.1897759999847	155.0
97.57641600002535	155.0
97.96263600001112	155.0
98.35193900007289	155.0
98.7382060000673	155.0
99.12435300007928	155.0
99.51103500009049	155.0
99.89836700004525	155.0
100.28527800005395	75.0
100.30429900006857	75.0
101.10338800004683	75.0
101.90500000002794	75.0
102.70334800006822	75.0
103.50259899999946	38.000008866668736
104.23290300008375	38.000008866668736
105.81250600004569	38.000008866668736
107.3938930000877	67.0
107.99915300006978	67.0
108.8949160000775	67.0
109.78980100003537	103.0000480666891
110.03600299998652	103.0000480666891
110.6192550000269	103.0000480666891
111.20124700001907	103.0000480666891
111.78356600005645	103.0000480666891
112.36663800000679	103.0000480666891
112.94876900000963	103.0000480666891
113.53314399998635	152.99994645001874
113.6883450000314	152.99994645001874
114.08044699998572	152.99994645001874
114.4721370000625	160.0
114.83904400002211	160.0
115.2137840000214	160.0
115.5902660000138	160.0
115.96406800008845	160.0
116.3403030000627	160.0
116.71389400004409	160.0
117.08905599999707	160.0
117.46342400007416	160.0
117.83945400000084	160.0
118.21377500006929	160.0
118.58899300009944	160.0
118.96362200006843	160.0
119.33954000007361	160.0
119.7137840000214	182.000182000182
119.9557860000059	182.000182000182
120.28557400009595	182.000182000182
120.61500300001353	182.000182000182
120.9442070000805	182.000182000182
121.27382700005546	182.000182000182
121.6038220000919	42.99999498333392
122.78745800000615	42.99999498333392
124.18308300001081	42.99999498333392
125.57788100000471	213.99987160007703
125.74827900005039	213.99987160007703
126.02841700008139	213.99987160007703
126.30883200000972	213.99987160007703
126.58926400006749	213.99987160007703
126.87073299998883	213.99987160007703
127.1521070000017	39.0
128.1046970000025	39.0
129.64219100004993	39.0
131.18319200002588	39.0
132.72093800001312	211.00014066676044
132.8131590000121	211.00014066676044
133.09834700007923	211.00014066676044
133.38193300005514	211.00014066676044
133.6666940000141	211.00014066676044
133.95231200009584	145.00003625000906
134.3438160000369	145.00003625000906
134.75801500002854	145.00003625000906
135.17169500002638	145.00003625000906
135.58494700002484	145.00003625000906
135.99827500001993	145.00003625000906
136.41354099998716	145.00003625000906
136.82588800007943	145.00003625000906
137.2400590000907	211.0
137.4654590000864	211.0
137.7503049999941	211.0
138.03453599999193	211.0
138.31941900006495	211.0
138.60288500005845	211.0
138.88828399998602	211.0
139.17222100007348	211.0
139.4564520000713	211.0
139.74061300000176	55.99997760000896
140.4077479999978	55.99997760000896
141.480343000032	55.99997760000896
142.55098400008865	55.99997760000896
143.62418799998704	201.999798000202
143.82867700001225	201.999798000202
144.12574300006963	201.999798000202
144.42299700004514	201.999798000202
144.72237800003495	192.0
145.0354240000015	192.0
145.34821000008378	192.0
145.65978099999484	192.0
145.9724479999859	192.0
146.28535000002012	192.0
146.59769000008237	192.0
146.91095000004862	192.0
147.2231390000088	192.0
147.53531599999405	192.0
147.84837100002915	192.0
148.15973499999382	192.0
148.47262800007593	192.0
148.78474999999162	32.0
149.2726590000093	32.0
151.1465920000337	32.0
153.02086600009352	96.0
153.15506100002676	96.0
153.78039400000125	96.0
154.40521400002763	96.0
155.03178499999922	96.0
155.655242000008	87.00002175000543
155.68730900005903	87.00002175000543
156.37761100009084	87.00002175000543
157.06634900008794	87.00002175000543
157.75596500001848	58.0
157.95792300009634	58.0
158.9927790000802	58.0
160.02709300001152	58.0
161.0627139999997	58.0
162.09602900000755	135.000135000135
162.11683600000106	135.000135000135
162.5613510000985	135.000135000135
163.00519000005443	135.000135000135
163.44976800004952	207.99966720053249
163.7044590000296	207.99966720053249
163.99363600008655	207.99966720053249
164.28177300002426	207.99966720053249
164.5701269999845	207.99966720053249
164.85927200003061	207.99966720053249
165.14674500003457	207.99966720053249
165.4356830000179	207.99966720053249
165.7237530000275	207.99966720053249
166.01400200009812	207.99966720053249
166.30124200007413	207.99966720053249
166.59018699999433	207.99966720053249
166.8775120000355	207.99966720053249
167.16697000002023	207.99966720053249
167.4553640000522	137.0
167.50553000008222	137.0
167.94409200001974	137.0
168.3832120000152	137.0
168.8200380000053	137.0
169.25863000005484	137.0
169.69542100001127	126.000126000126
169.7251910000341	126.000126000126
170.20278900000267	126.000126000126
170.67842900007963	126.000126000126
171.15385800006334	126.000126000126
171.63119099999312	126.000126000126
172.10586600005627	126.000126000126
172.58354700007476	126.000126000126
173.0584450000897	126.000126000126
173.5347470000852	194.00021986691584
173.78376800008118	194.00021986691584
174.093334000092	194.00021986691584
174.4026480000466	194.00021986691584
174.71211200009566	194.00021986691584
175.0207680000458	194.00021986691584
175.33052900002804	194.00021986691584
175.64049400005024	44.000011733336464
176.59060800005682	44.000011733336464
177.95461800007615	44.000011733336464
179.3175770000089	44.000011733336464
180.6810660000192	190.0002850004275
180.9326450000517	190.0002850004275
181.24834100005683	190.0002850004275
181.56446600006893	190.0002850004275
181.88071800000034	190.0002850004275
182.19577500002924	190.0002850004275
182.51235100009944	53.000022083342536
182.93480400007684	53.000022083342536
184.06716700003017	53.000022083342536
185.20014199998695	53.000022083342536
186.33153600001242	38.000008866668736
186.71145000006072	38.000008866668736
188.28997100004926	116.0
188.45161600003485	116.0
188.97006600000896	116.0
189.48654399998486	116.0
190.00335200002883	116.0
190.52055000001565	116.0
191.03867200005334	116.0
191.55503400007728	116.0
192.07236800005194	116.0
192.58953700005077	116.0
193.10661200003233	80.99997165000993
193.57319700007793	80.99997165000993
194.31416900001932	80.99997165000993
195.05469300004188	104.99992125005906
195.39529100002255	104.99992125005906
195.9665939999977	104.99992125005906
196.5375730000669	104.99992125005906
197.10884500003885	104.99992125005906
197.68031299998984	104.99992125005906
198.25173600006383	104.99992125005906
198.82517900003586	104.99992125005906
199.39447000005748	104.99992125005906
199.9658510000445	104.99992125005906
200.53755400003865	104.99992125005906
201.10870600002818	104.99992125005906
201.68067400006112	104.99992125005906
202.25162200001068	104.99992125005906
202.82330100005493	104.99992125005906
203.39468100003432	104.99992125005906
203.96712300006766	104.99992125005906
204.53721900004894	104.99992125005906
205.1095889999997	104.99992125005906
205.68115000007674	104.99992125005906
206.25275500002317	104.99992125005906
206.82480000006035	104.99992125005906
207.39716699998826	104.99992125005906
207.96606300002895	104.99992125005906
208.53852599998936	104.99992125005906
209.1088630000595	104.99992125005906
209.68124200007878	104.99992125005906
210.2537940000184	104.99992125005906
210.8231210000813	104.99992125005906
211.39475800003856	104.99992125005906
211.96664700005203	104.99992125005906
212.53735600004438	104.99992125005906
213.10870400001295	104.99992125005906
213.68038999999408	104.99992125005906
214.25244800001383	104.99992125005906
214.8233950000722	104.99992125005906
215.3953390000388	104.99992125005906
215.96641900006216	104.99992125005906
216.53820599999744	104.99992125005906
217.10866100003477	104.99992125005906


4.020443000015803	120.0
4.510926000075415	120.0
5.001264000078663	120.0
5.50065500009805	120.0
6.001868000021204	120.0
6.500486000091769	120.0
7.001486000022851	120.0
7.501832000096329	120.0
8.000225000083447	120.0
8.500613000011072	120.0
9.002796999993734	120.0
9.500609000097029	120.0
10.002544000046328	120.0
10.500839999993332	120.0
11.001936000073329	120.0
11.502114000031725	120.0
12.00249199999962	120.0
12.50032099999953	120.0
13.000639000092633	120.0
13.501645000069402	120.0
14.002272000070661	120.0
14.500575000070967	120.0
15.001069999998435	120.0
15.500387000036426	120.0
16.00063200003933	120.0
16.50125199998729	120.0
17.00262200005818	120.0
17.501533000031486	120.0
18.002194000058807	120.0
18.501948000048287	120.0
19.00192200008314	120.0
19.50250100006815	120.0
20.00263400003314	120.0
20.50263200001791	120.0
21.001766000059433	120.0
21.50048200006131	120.0
22.00114599999506	120.0
22.500262000015937	120.0
23.00099800003227	120.0
23.5003189999843	120.0
24.000553000019863	120.0
24.50054700009059	120.0
25.00056900002528	120.0
25.501446000067517	120.0
26.00116500002332	120.0
26.500487999990582	120.0
27.00033800001256	120.0
27.501425000024028	120.0
28.00265500007663	120.0
28.50087099999655	120.0
29.002485000062734	20.0
29.410510000074282	20.0
32.41015800007153	67.00002903334591
32.722065000096336	67.00002903334591
33.616859000059776	67.00002903334591
34.51232500001788	203.99975520029375
34.64855300006457	203.99975520029375
34.94247000000905	203.99975520029375
35.236973999999464	203.99975520029375
35.5303380000405	203.99975520029375
35.82500200008508	203.99975520029375
36.11997300002258	203.99975520029375
36.412658000015654	203.99975520029375
36.707694000098854	203.99975520029375
37.00097600009758	64.0
37.46330699999817	64.0
38.40000300004613	64.0
39.33784699998796	64.0
40.27531400008593	64.0
41.212447000085376	72.99998296667064
41.933201000094414	72.99998296667064
42.75449500000104	187.0
42.79564600007143	187.0
43.11727400007658	187.0
43.43858399998862	187.0
43.75856300001033	187.0
44.080873000086285	187.0
44.40019000007305	187.0
44.72083100001328	187.0
45.041643000091426	187.0
45.36277200002223	187.0
45.68471000005957	187.0
46.004340999992564	187.0
46.3251370000653	187.0
46.64630600006785	187.0
46.96671300008893	187.0
47.28822900005616	73.99998273333736
47.76623000006657	73.99998273333736
48.57824400009122	73.99998273333736
49.38787400000729	61.99999586666694
49.55497100006323	61.99999586666694
50.52231600007508	61.99999586666694
51.4918310000794	61.99999586666694
52.45871000003535	115.0
52.96118300000671	115.0
53.4832330000354	115.0
54.00467500009108	69.99998833333528
54.01479200005997	69.99998833333528
54.87230600009207	69.99998833333528
55.72933800006285	69.99998833333528
56.58738799998537	69.99998833333528
57.44386400002986	69.99998833333528
58.30094200000167	69.99998833333528
59.158385000075214	160.99991681670966
59.18844500009436	160.99991681670966
59.561343000037596	160.99991681670966
59.93257100007031	160.99991681670966
60.30595599999651	160.99991681670966
60.67786200006958	160.99991681670966
61.05034900002647	160.99991681670966
61.42320499999914	62.99999685000016
61.61721500009298	62.99999685000016
62.56975200003944	62.99999685000016
63.52282800001558	62.99999685000016
64.47412100003567	83.99996640001343
65.097337000072	83.99996640001343
65.81074600003194	83.99996640001343
66.52569999999832	67.00002903334591
66.63274400006048	67.00002903334591
67.52753200009465	67.00002903334591
68.42230199999176	67.00002903334591
69.31789100007154	67.00002903334591
70.21355099999346	67.00002903334591
71.10905500000808	67.99999546666697
71.97987600008491	67.99999546666697
72.86138900008518	185.0
73.12226100009866	185.0
73.4464830000652	185.0
73.77087000000756	185.0
74.09541900001932	185.0
74.41952400002629	185.0
74.74414900003467	185.0
75.06820800004061	185.0
75.39455800002906	185.0
75.71650300000329	185.0
76.04344500007574	185.0
76.36657200008631	207.99966720053249
76.64143000007607	207.99966720053249
76.93015600007493	207.99966720053249
77.21979900007136	207.99966720053249
77.50790500000585	207.99966720053249
77.79551600001287	207.99966720053249
78.08388699998613	207.99966720053249
78.37416700005997	201.999798000202
78.37551400007214	201.999798000202
78.67428800009657	201.999798000202
78.96955800009891	201.999798000202
79.26671300001908	201.999798000202
79.56405500008259	201.999798000202
79.8626060000388	201.999798000202
80.15941399999429	201.999798000202
80.45459900004789	201.999798000202
80.7518600000767	201.999798000202
81.04931900009979	201.999798000202
81.34607900003903	201.999798000202
81.64305900002364	201.999798000202
81.94027400005143	201.999798000202
82.23836499999743	201.999798000202
82.53485500009265	187.0
82.55650499998592	187.0
82.87717700004578	187.0
83.19889800006058	187.0
83.52146000007633	187.0
83.83951600000728	187.0
84.16073300002608	187.0
84.48332800006028	137.99987580011177
84.55832900002133	137.99987580011177
84.99300100002438	137.99987580011177
85.42798300005961	137.99987580011177
85.86433700006455	137.99987580011177
86.29784800007474	137.99987580011177
86.73266900004819	137.99987580011177
87.16746999998577	137.99987580011177
87.6046980000101	137.99987580011177
88.03750700003002	137.99987580011177
88.4735830000136	202.99965828390856
88.70184500003234	202.99965828390856
88.99601300002541	202.99965828390856
89.29285900003742	202.99965828390856
89.58706000004895	202.99965828390856
89.8832130000228	202.99965828390856
90.17898900003638	202.99965828390856
90.47362300008535	46.99999060000188
91.17136999999639	46.99999060000188
92.44961200002581	46.99999060000188
93.72545600007288	46.99999060000188
95.00160399999004	35.99999280000144
95.22644100000616	35.99999280000144
96.89465400006156	154.99990958338608
97.18912900006399	154.99990958338608
97.57615800003987	154.99990958338608
97.96285800007172	154.99990958338608
98.3517250000732	154.99990958338608
98.7379170000786	154.99990958338608
99.12395800009836	154.99990958338608
99.51154400000814	154.99990958338608
99.89860700001009	154.99990958338608
100.28566600009799	75.0
100.30464700004086	75.0
101.10365000006277	75.0
101.90483500005212	75.0
102.70297900005244	75.0
103.50241200008895	38.0
104.23271200002637	38.0
105.81266900000628	38.0
107.39241299999412	67.00002903334591
107.9988730000332	67.00002903334591
108.8947310000658	67.00002903334591
109.78981500002556	103.0000480666891
110.03627000004053	103.0000480666891
110.61862000008114	103.0000480666891
111.2012340000365	103.0000480666891
111.78355500008911	103.0000480666891
112.36639700003434	103.0000480666891
112.94877700007055	153.0
113.29549000004772	153.0
113.68809599999804	153.0
114.08027899998706	153.0
114.47214600001462	160.0
114.83898700005375	160.0
115.2135090000229	160.0
115.59031200001482	160.0
115.96410400001332	160.0
116.34009499999229	160.0
116.7136940000346	160.0
117.08894899999723	160.0
117.46365500008687	160.0
117.83847900002729	160.0
118.21354800008703	160.0
118.58921400003601	160.0
118.96385699999519	160.0
119.33913800003938	160.0
119.7137160000857	182.000182000182
119.95511900004931	182.000182000182
120.28538400004618	182.000182000182
120.61481400008779	182.000182000182
120.9446520000929	182.000182000182
121.27364999998827	182.000182000182
121.60363900009543	42.99999498333392
122.78731200005859	42.99999498333392
124.18371700006537	42.99999498333392
125.57809800002724	213.99987160007703
125.74796800001059	213.99987160007703
126.02880100009497	213.99987160007703
126.30910600000061	213.99987160007703
126.58980800001882	213.99987160007703
126.87102000007872	213.99987160007703
127.15136700007133	213.99987160007703
127.43013600003906	213.99987160007703
127.71117000002414	38.99998830000351
128.10499100002926	38.99998830000351
129.6426340000471	38.99998830000351
131.18312900001183	38.99998830000351
132.7207280000439	211.00014066676044
132.81328100000974	211.00014066676044
133.09823700005654	145.0
133.10256700008176	145.0
133.51637100009248	145.0
133.92937900009565	145.0
134.34354500006884	145.0
134.7574850000674	145.0
135.17134300002363	145.0
135.58477100008167	145.0
135.99827500001993	145.0
136.41468899999745	145.0
136.82625500007998	145.0
137.23967100004666	145.0
137.65342300001066	211.00014066676044
137.75028500007465	211.00014066676044
138.0345620000735	211.00014066676044
138.31902400008403	211.00014066676044
138.6028730000835	211.00014066676044
138.8887800000375	211.00014066676044
139.17244400002528	211.00014066676044
139.45665700000245	211.00014066676044
139.74028700008057	55.99997760000896
140.40794400009327	55.99997760000896
141.48010000004433	55.99997760000896
142.55076000001281	55.99997760000896
143.62443200009875	202.0
143.82909700006712	202.0
144.12597699998878	202.0
144.423208000022	202.0
144.7222189999884	192.0
145.03490100009367	192.0
145.34795800002757	192.0
145.6600150000304	192.0
145.97190600004978	192.0
146.2850660000695	192.0
146.59856499999296	192.0
146.90945500007365	192.0
147.22348700009752	192.0
147.53504200000316	192.0
147.8481160000665	192.0
148.15996900002938	192.0
148.47237900004257	192.0
148.78450000006706	32.0
149.27240500005428	32.0
151.14668500004336	32.0
153.02110800007358	96.0
153.15555100003257	96.0
153.78061000001617	96.0
154.40505400008988	96.0
155.03195299999788	96.0
155.65581400005613	87.00002175000543
155.68696500000078	87.00002175000543
156.37768800009508	87.00002175000543
157.06612299999688	87.00002175000543
157.75592700007837	57.999986466669824
157.95794700004626	57.999986466669824
158.99253799999133	57.999986466669824
160.02709300001152	57.999986466669824
161.06318300007842	57.999986466669824
162.09576900000684	135.000135000135
162.11637000006158	135.000135000135
162.5611140000401	135.000135000135
163.0049810000928	135.000135000135
163.44969800009858	208.0
163.70493200002238	208.0
163.9933660000097	208.0
164.2814500000095	208.0
164.5698090000078	208.0
164.85957100009546	208.0
165.14699700009078	208.0
165.43654900009278	208.0
165.72392100002617	208.0
166.0138540000189	208.0
166.30108000000473	208.0
166.5901170000434	208.0
166.87769400002435	208.0
167.16719100007322	208.0
167.45555399998557	137.00006393336318
167.50568699999712	137.00006393336318
167.94627800001763	137.00006393336318
168.38357200007886	137.00006393336318
168.81943999999203	137.00006393336318
169.25839400000405	137.00006393336318
169.69598100008443	126.000126000126
169.7251910000341	126.000126000126
170.2024340000935	126.000126000126
170.67866700002924	126.000126000126
171.15346699999645	126.000126000126
171.63161400007084	126.000126000126
172.10639900004026	126.000126000126
172.58308000001125	126.000126000126
173.05833999998868	126.000126000126
173.5344449999975	194.0
173.78398700000253	194.0
174.09332200000063	194.0
174.40267000009771	194.0
174.71237399999518	194.0
175.0207680000458	194.0
175.3306220000377	194.0
175.6409360000398	44.000011733336464
176.59033400006592	44.000011733336464
177.95487500005402	44.000011733336464
179.31837200000882	44.000011733336464
180.68130200007	190.0002850004275
180.933068000013	190.0002850004275
181.24855200003367	190.0002850004275
181.5641890000552	190.0002850004275
181.88034500007052	190.0002850004275
182.19622100004926	190.0002850004275
182.51209000009112	53.000022083342536
182.9345360000152	53.000022083342536
184.06760300009046	53.000022083342536
185.20039500005078	53.000022083342536
186.33139700000174	38.000008866668736
186.7112630000338	38.000008866668736
188.29020600009244	116.00008506672904
188.45178600004874	116.00008506672904
188.97043400001712	116.00008506672904
189.48689000005834	116.00008506672904
190.00314000004437	116.00008506672904
190.52024600002915	116.00008506672904
191.03894600004423	116.00008506672904
191.5552359999856	116.00008506672904
192.07211599999573	116.00008506672904
192.58927700005006	116.00008506672904
193.10684900009073	80.99997165000993
193.5730310000945	80.99997165000993
194.3140340000391	105.0
194.82356400007848	105.0
195.39520100003574	105.0
195.96687200001907	105.0
196.53737500007264	105.0
197.1088620000519	105.0
197.68033000000287	105.0
198.25186200009193	105.0
198.8246710000094	105.0
199.3947310000658	105.0
199.96628799999598	105.0
200.53764500003308	105.0
201.10913900006562	105.0
201.68107500008773	105.0
202.25162200001068	105.0
202.82330100005493	105.0
203.39475600002334	105.0
203.9668900000397	105.0
204.5374249999877	105.0
205.1091080000624	105.0
205.680740000098	105.0
206.2526310000103	105.0
206.824997000047	105.0
207.39768400008325	105.0
207.96586800005753	105.0
208.53878500009887	105.0
209.1091149999993	105.0
209.68145300005563	105.0
210.25353700004052	105.0
210.82358500000555	105.0
211.3945379999932	105.0
211.96702099998947	105.0
212.53759000007994	105.0
213.10899800003972	105.0
213.68069000006653	105.0
214.25234400003683	105.0
214.8232919999864	105.0
215.39485100004822	105.0
215.96616700000595	105.0
216.53846300009172	105.0
217.1092120000394	105.0


6.022330000065267	120.0
6.517547000083141	120.0
7.001569000072777	120.0
7.502233000006527	120.0
8.000272000092082	120.0
8.500613000011072	120.0
9.0023490000749	120.0
9.500838999985717	120.0
10.002703000092879	120.0
10.50079600000754	120.0
11.002364000072703	120.0
11.502604000037536	120.0
12.002732000080869	120.0
12.500517999986187	120.0
13.000888000009581	120.0
13.501902000047266	120.0
14.002604000037536	120.0
14.50070199999027	120.0
15.00076700001955	120.0
15.50034999998752	120.0
16.000375000061467	120.0
16.501418000087142	120.0
17.00285500008613	120.0
17.501522000064142	120.0
18.002341000013985	120.0
18.50220900005661	120.0
19.0015269999858	120.0
19.50346600008197	120.0
20.002290000091307	120.0
20.50253000005614	120.0
21.001733000040986	120.0
21.50055200001225	120.0
22.000982000026852	120.0
22.500997000024654	120.0
23.000408000079915	120.0
23.500393000082113	120.0
24.00027499999851	120.0
24.500276000006124	120.0
25.000816000043415	120.0
25.501654000021517	120.0
26.001539000077173	120.0
26.500556000042707	120.0
27.00069400004577	120.0
27.501419999985956	120.0
28.002944000065327	120.0
28.501033000065945	20.0
29.410731000010855	20.0
32.410590999992564	67.00002903334591
32.721850000089034	67.00002903334591
33.6173350000754	67.00002903334591
34.51252200000454	203.99975520029375
34.64915200008545	203.99975520029375
34.94235800008755	203.99975520029375
35.23721400008071	203.99975520029375
35.5303380000405	203.99975520029375
35.82506800000556	203.99975520029375
36.12028600007761	203.99975520029375
36.412976999999955	203.99975520029375
36.707331000012346	203.99975520029375
37.00098200002685	64.0
37.46306600002572	64.0
38.39971600007266	64.0
39.33754800003953	64.0
40.27553700003773	64.0
41.21222700004	72.99998296667064
41.93294500000775	72.99998296667064
42.75416600005701	72.99998296667064
43.577103000017814	186.9997756002693
43.75912200007588	186.9997756002693
44.08149200002663	186.9997756002693
44.400234000058845	186.9997756002693
44.72117400006391	186.9997756002693
45.04189500003122	186.9997756002693
45.362408000044525	186.9997756002693
45.68426000000909	186.9997756002693
46.004596000071615	186.9997756002693
46.32532900001388	186.9997756002693
46.64610700006597	186.9997756002693
46.96713800006546	186.9997756002693
47.28807400004007	73.99998273333736
47.766470000031404	73.99998273333736
48.57804200006649	62.0
48.58735100005288	62.0
49.554790000081994	62.0
50.52226200001314	62.0
51.49138500005938	62.0
52.45814900007099	62.0
53.42540599999484	115.00002875000719
53.48341300000902	115.00002875000719
54.004850000026636	69.99998833333528
54.01502500008792	69.99998833333528
54.87249600002542	69.99998833333528
55.72954700002447	69.99998833333528
56.58695999998599	69.99998833333528
57.44379300007131	69.99998833333528
58.30109900003299	69.99998833333528
59.159242000081576	161.0
59.18862100003753	161.0
59.56152500002645	161.0
59.932695000083186	161.0
60.30608500004746	161.0
60.677667000098154	161.0
61.05034900002647	161.0
61.423251000000164	62.99999685000016
61.617517000064254	62.99999685000016
62.569557000068016	62.99999685000016
63.52332000003662	62.99999685000016
64.47444700007327	83.99996640001343
65.09732000005897	83.99996640001343
65.81092600000557	83.99996640001343
66.5259129999904	67.00002903334591
66.6324410000816	67.00002903334591
67.52775500004645	67.00002903334591
68.4224600000307	67.00002903334591
69.31768400000874	67.00002903334591
70.21377300005406	67.00002903334591
71.10878800007049	67.99999546666697
71.9795569999842	67.99999546666697
72.86197800002992	185.000185000185
73.12245600007009	185.000185000185
73.44656700000633	185.000185000185
73.77109200006817	185.000185000185
74.09541100007482	185.000185000185
74.41950600000564	185.000185000185
74.74369500007015	185.000185000185
75.06807700009085	185.000185000185
75.39487399999052	185.000185000185
75.71653199999128	185.000185000185
76.04341600008775	185.000185000185
76.3653860000195	207.99966720053249
76.64114000007976	207.99966720053249
76.9303390000714	207.99966720053249
77.2197720000986	207.99966720053249
77.50788500008639	207.99966720053249
77.79528399999253	207.99966720053249
78.08372400002554	207.99966720053249
78.3746290000854	202.0
78.37567800004035	202.0
78.67406099999789	202.0
78.96972600009758	202.0
79.26694900006987	202.0
79.56427800003439	202.0
79.86219900008291	202.0
80.15926099999342	202.0
80.45519800006878	202.0
80.75194300001021	202.0
81.04939699999522	202.0
81.34642000007443	202.0
81.64276000007521	202.0
81.9398570000194	202.0
82.23785500007216	202.0
82.53497899998911	186.9997756002693
82.55645700008608	186.9997756002693
82.8774080000585	186.9997756002693
83.1989220000105	186.9997756002693
83.52024099999107	186.9997756002693
83.84042900009081	186.9997756002693
84.16140900005121	186.9997756002693
84.48381200002041	137.99987580011177
84.5585120000178	137.99987580011177
84.9933430000674	137.99987580011177
85.42817600001581	137.99987580011177
85.86457400000654	137.99987580011177
86.29803200007882	137.99987580011177
86.7330330000259	137.99987580011177
87.16762399999425	137.99987580011177
87.60379700001795	137.99987580011177
88.03725699998904	137.99987580011177
88.47330300009344	203.0
88.70136200007983	203.0
88.99631000007503	203.0
89.29305900004692	203.0
89.58678700006567	203.0
89.88348900002893	203.0
90.17877300002147	203.0
90.47326500003692	46.99999060000188
91.17157300002873	46.99999060000188
92.44787500007078	46.99999060000188
93.72491099999752	46.99999060000188
95.00139800005127	35.99999280000144
95.22590900002979	35.99999280000144
96.89408200001344	154.99990958338608
97.18995100003667	154.99990958338608
97.57655200001318	154.99990958338608
97.96288200002164	154.99990958338608
98.35182500001974	154.99990958338608
98.7379170000786	154.99990958338608
99.12424500007182	154.99990958338608
99.51104700006545	154.99990958338608
99.89803100004792	154.99990958338608
100.28545900003519	75.0
100.30444400000852	75.0
101.10386300005484	75.0
101.90529200003948	75.0
102.70342300005723	75.0
103.50266200001352	38.000008866668736
104.23292700003367	38.000008866668736
105.81253500003368	38.000008866668736
107.39257600007113	67.00002903334591
107.9988730000332	67.00002903334591
108.89467499998864	103.0
109.45337500004098	103.0
110.03645600005984	103.0
110.61902300000656	103.0
111.20100700005423	103.0
111.78378000005614	103.0
112.36686300009023	103.0
112.94913800002541	103.0
113.5331920000026	152.99994645001874
113.68823700002395	152.99994645001874
114.08024700009264	152.99994645001874
114.47234199999366	160.0
114.83921600005124	160.0
115.2137840000214	160.0
115.58998799999245	160.0
115.9639160000952	160.0
116.34037200000603	160.0
116.71389400004409	160.0
117.08925900002941	160.0
117.4637310000835	160.0
117.84002500004135	160.0
118.21397100004833	160.0
118.58876700000837	160.0
118.96340400003828	160.0
119.33936000009999	182.0
119.62721900001634	182.0
119.95550700009335	182.0
120.28515400004108	182.0
120.6150159999961	182.0
120.94418800005224	182.0
121.27364999998827	182.0
121.60385000007227	42.99999498333392
122.787149000098	42.99999498333392
124.18336400005501	42.99999498333392
125.57782900007442	213.99987160007703
125.74843700008933	213.99987160007703
126.0286110000452	213.99987160007703
126.30929200001992	213.99987160007703
126.58960800000932	213.99987160007703
126.87106899998616	213.99987160007703
127.15309400006663	213.99987160007703
127.43076600006316	213.99987160007703
127.71139200008474	38.99998830000351
128.10512900003232	38.99998830000351
129.6424260000931	38.99998830000351
131.18288800003938	38.99998830000351
132.72070900001563	211.00014066676044
132.8129360000603	211.00014066676044
133.09735400008503	211.00014066676044
133.38234400004148	211.00014066676044
133.6668650000356	145.00003625000906
133.92968300008215	145.00003625000906
134.3435570000438	145.00003625000906
134.7577969999984	145.00003625000906
135.171267000027	145.00003625000906
135.58475300006103	145.00003625000906
135.9985250000609	145.00003625000906
136.41390100005083	145.00003625000906
136.8260490000248	145.00003625000906
137.23984200006817	145.00003625000906
137.65361999999732	211.00014066676044
137.75004000007175	211.00014066676044
138.03431400004774	211.00014066676044
138.31872700003441	211.00014066676044
138.60318900004495	211.00014066676044
138.88855800009333	211.00014066676044
139.1718680000631	56.0
139.33622400008608	56.0
140.40757700009272	56.0
141.48056699999142	56.0
142.55049100006	56.0
143.62466100009624	201.999798000202
143.82897300005425	201.999798000202
144.1260440000333	201.999798000202
144.42276800004765	201.999798000202
144.72159299999475	192.0
144.72196200001054	192.0
145.03513000009116	192.0
145.34843900008127	192.0
145.65955300000496	192.0
145.97221700008959	192.0
146.28529300005175	192.0
146.59747999999672	192.0
146.91030800004955	192.0
147.22344400000293	192.0
147.53561200003605	192.0
147.84847500000615	192.0
148.1597039999906	192.0
148.47259900008794	192.0
148.78487000009045	32.0
149.27249400003348	32.0
151.14624000003096	32.0
153.02141000004485	96.0
153.15508300007787	96.0
153.7807680000551	96.0
154.4053980000317	96.0
155.03217300004326	96.0
155.65551800001413	87.00002175000543
155.68762400001287	87.00002175000543
156.37782200006768	87.00002175000543
157.0660940000089	87.00002175000543
157.75562000006903	57.999986466669824
157.9581500000786	57.999986466669824
158.9925210000947	57.999986466669824
160.02685700007714	57.999986466669824
161.063003999996	57.999986466669824
162.0958170000231	135.000135000135
162.116594000021	135.000135000135
162.5611140000401	135.000135000135
163.00536800001282	135.000135000135
163.449418000062	207.99966720053249
163.70467900007498	207.99966720053249
163.9938030000776	207.99966720053249
164.28146800003015	207.99966720053249
164.57003500009887	207.99966720053249
164.85955100005958	207.99966720053249
165.1472450000001	207.99966720053249
165.43630800000392	207.99966720053249
165.72416500002146	207.99966720053249
166.01355899998453	207.99966720053249
166.3007579999976	207.99966720053249
166.59035900002345	207.99966720053249
166.87791799998377	207.99966720053249
167.16750600002706	207.99966720053249
167.45516200002749	137.00006393336318
167.50551799999084	137.00006393336318
167.9441120000556	137.00006393336318
168.38314400007948	137.00006393336318
168.82077600003686	137.00006393336318
169.25869799999055	137.00006393336318
169.6954450000776	126.0
169.72542200004682	126.0
170.20270500006154	126.0
170.67816600005608	126.0
171.15384400007315	126.0
171.63118000002578	126.0
172.10586600005627	126.0
172.58186500007287	126.0
173.0585270000156	126.0
173.5349479999859	194.00021986691584
173.7837559999898	194.00021986691584
174.09305500006303	194.00021986691584
174.4024330000393	194.00021986691584
174.71211200009566	194.00021986691584
175.02101800008677	194.00021986691584
175.33036700007506	194.00021986691584
175.6404830000829	44.000011733336464
176.59074600005988	44.000011733336464
177.9546880000271	44.000011733336464
179.31800400000066	44.000011733336464
180.68107500008773	190.0
180.93262400000822	190.0
181.2483250000514	190.0
181.56431700009853	190.0
181.88061400002334	190.0
182.19601300009526	190.0
182.51216400007252	53.000022083342536
182.93487200001255	53.000022083342536
184.06741500005592	53.000022083342536
185.19987200002652	53.000022083342536
186.33118500001729	38.000008866668736
186.71130200009793	38.000008866668736
188.28999200009275	116.00008506672904
188.45144800003618	116.00008506672904
188.97011500003282	116.00008506672904
189.48648299998604	116.00008506672904
190.00334000005387	116.00008506672904
190.5202569999965	116.00008506672904
191.03917100001127	116.00008506672904
191.55538999999408	116.00008506672904
192.07210300001316	116.00008506672904
192.58946100005414	116.00008506672904
193.10675600008108	80.99997165000993
193.57325900008436	80.99997165000993
194.31398600002285	80.99997165000993
195.05446700006723	104.99992125005906
195.39489600004163	104.99992125005906
195.9669050000375	104.99992125005906
196.53736700001173	104.99992125005906
197.1090190000832	104.99992125005906
197.68050400004722	104.99992125005906
198.25190300005488	104.99992125005906
198.8246710000094	104.99992125005906
199.39501099998597	104.99992125005906
199.9660589999985	104.99992125005906
200.53727900004014	104.99992125005906
201.10906200006139	104.99992125005906
201.68086100008804	104.99992125005906
202.25226199999452	104.99992125005906
202.82307500008028	104.99992125005906
203.39440800005104	104.99992125005906
203.96665600000415	104.99992125005906
204.53762900002766	104.99992125005906
205.10935500008054	104.99992125005906
205.6809699999867	104.99992125005906
206.25229600002058	104.99992125005906
206.82476500002667	104.99992125005906
207.39762599999085	104.99992125005906
207.96586100000422	104.99992125005906
208.53893000003882	104.99992125005906
209.1091149999993	104.99992125005906
209.68113700009417	104.99992125005906
210.2534539999906	104.99992125005906
210.82330200006254	104.99992125005906
211.39471200003754	104.99992125005906
211.96664700005203	104.99992125005906
212.53764100000262	104.99992125005906
213.10883500007913	104.99992125005906
213.6804209999973	104.99992125005906
214.25213300005998	104.99992125005906
214.82305800006725	104.99992125005906
215.39512800006196	104.99992125005906
215.96667800005525	104.99992125005906
216.53866600000765	104.99992125005906
217.1086490000598	104.99992125005906


8.131873000063933	120.0
8.62443200009875	120.0
9.002590000047348	120.0
9.50034200004302	120.0
10.002292999997735	120.0
10.500373000046238	120.0
11.001971999998204	120.0
11.502215999993496	120.0
12.002593000070192	120.0
12.500283000059426	120.0
13.000697000068612	120.0
13.501925999997184	120.0
14.002304000081494	120.0
14.500822000089101	120.0
15.001239000004716	120.0
15.500591000076383	120.0
16.00074200006202	120.0
16.500953000038862	120.0
17.002362000057474	120.0
17.50179900007788	120.0
18.00258000008762	120.0
18.501658000051975	120.0
19.001848999992944	120.0
19.50384900008794	120.0
20.002762000076473	120.0
20.50228200003039	120.0
21.001929000020027	120.0
21.50023600005079	120.0
22.00079800002277	120.0
22.500299000064842	120.0
23.000802000053227	120.0
23.500208000070415	120.0
24.000533999991603	120.0
24.50049400003627	120.0
25.000751000014134	120.0
25.50120100006461	120.0
26.001350000035018	120.0
26.50024399999529	120.0
27.00036100007128	120.0
27.5011340000201	120.0
28.00271100003738	120.0
28.501327000092715	120.0
29.002145000034943	20.0
29.410805999999866	20.0
32.41037800000049	67.0
32.72158900008071	67.0
33.61709100008011	67.0
34.51270000007935	203.99975520029375
34.64886200008914	203.99975520029375
34.94283900002483	203.99975520029375
35.23678700008895	203.99975520029375
35.530541000072844	203.99975520029375
35.82449300005101	203.99975520029375
36.12020600005053	203.99975520029375
36.413232000079006	203.99975520029375
36.7073129999917	203.99975520029375
37.00122900004499	64.0
37.46310400008224	64.0
38.39984299999196	64.0
39.33754800003953	64.0
40.27548700000625	64.0
41.212440000032075	73.0
41.933399000088684	73.0
42.75433200004045	73.0
43.576876000035554	186.9997756002693
43.7587610000046	186.9997756002693
44.0819050000282	186.9997756002693
44.40001199999824	186.9997756002693
44.720881000044756	186.9997756002693
45.04242499999236	186.9997756002693
45.36240300000645	186.9997756002693
45.68459399999119	186.9997756002693
46.004171000095084	186.9997756002693
46.32518100005109	186.9997756002693
46.64593400002923	186.9997756002693
46.9669340000255	186.9997756002693
47.28827200003434	73.99998273333736
47.76623000006657	73.99998273333736
48.57824400009122	73.99998273333736
49.38786400004756	61.99999586666694
49.55456300009973	61.99999586666694
50.52250800002366	61.99999586666694
51.49138500005938	61.99999586666694
52.458233000012115	61.99999586666694
53.425200000056066	115.00002875000719
53.483095000032336	115.00002875000719
54.00463800004218	69.99998833333528
54.01502500008792	69.99998833333528
54.87211900006514	69.99998833333528
55.729117000009865	69.99998833333528
56.58709400007501	69.99998833333528
57.443619000026956	69.99998833333528
58.30058700009249	69.99998833333528
59.15901900001336	160.99991681670966
59.18819900008384	160.99991681670966
59.560976000037044	160.99991681670966
59.932953000068665	160.99991681670966
60.30567999999039	160.99991681670966
60.67765800002962	160.99991681670966
61.050769000081345	63.0
61.617421000031754	63.0
62.56931799999438	63.0
63.52310800005216	63.0
64.47409300005529	83.99996640001343
65.09709500009194	83.99996640001343
65.8107580000069	83.99996640001343
66.52575300005265	67.00002903334591
66.6324410000816	67.00002903334591
67.52766600006726	67.00002903334591
68.42240600008518	67.00002903334591
69.31833899999037	67.00002903334591
70.21332199999597	67.00002903334591
71.10928100009914	68.0
71.9800900000846	68.0
72.86149000003934	185.000185000185
73.12195400008932	185.000185000185
73.44641400000546	185.000185000185
73.77084100001957	185.000185000185
74.0951210000785	185.000185000185
74.41927800001577	185.000185000185
74.74400200007949	185.000185000185
75.06827500008512	185.000185000185
75.39457700005732	185.000185000185
75.71675300004426	185.000185000185
76.04311600001529	185.000185000185
76.36598800006323	207.99966720053249
76.64143000007607	207.99966720053249
76.92996099998709	207.99966720053249
77.21953400003258	207.99966720053249
77.5075680000009	207.99966720053249
77.79506400006358	207.99966720053249
78.08349600003567	207.99966720053249
78.37443500000518	201.999798000202
78.37566300004255	201.999798000202
78.6740170000121	201.999798000202
78.96986300009303	201.999798000202
79.26647400006186	201.999798000202
79.56449500005692	201.999798000202
79.86195300007239	201.999798000202
80.15891400002874	201.999798000202
80.45468600001186	201.999798000202
80.75158300006296	201.999798000202
81.04915400000755	201.999798000202
81.3460259999847	201.999798000202
81.64294799999334	201.999798000202
81.94052100006957	201.999798000202
82.23801100009587	201.999798000202
82.53516500000842	186.9997756002693
82.55664900003467	186.9997756002693
82.87692200008314	186.9997756002693
83.19913299998734	186.9997756002693
83.52126000006683	186.9997756002693
83.83998100005556	186.9997756002693
84.16095300007146	186.9997756002693
84.4833070000168	137.99987580011177
84.55831400002353	137.99987580011177
84.99301400000695	137.99987580011177
85.42807200003881	137.99987580011177
85.86404500005301	137.99987580011177
86.29807100002654	137.99987580011177
86.73287100007292	137.99987580011177
87.16714800009504	137.99987580011177
87.60432500008028	137.99987580011177
88.0372980000684	137.99987580011177
88.4738340000622	202.99965828390856
88.70134300005157	202.99965828390856
88.99629000003915	202.99965828390856
89.29429400002118	202.99965828390856
89.58706000004895	202.99965828390856
89.88348900002893	202.99965828390856
90.17865100002382	202.99965828390856
90.47354400006589	47.0
91.17181199998595	47.0
92.44819000002462	47.0
93.72494099999312	47.0
95.00185100000817	35.99999280000144
95.22590900002979	35.99999280000144
96.89438399998471	154.99990958338608
97.18918200000189	154.99990958338608
97.57610000006389	154.99990958338608
97.96263600001112	154.99990958338608
98.35149000003003	154.99990958338608
98.73862499999814	154.99990958338608
99.12395800009836	154.99990958338608
99.51133000000846	154.99990958338608
99.89827800006606	154.99990958338608
100.28524400002789	75.0
100.30418099998496	75.0
101.10340400005225	75.0
101.90527500002645	75.0
102.70257500000298	75.0
103.50277800008189	38.000008866668736
104.23308100004215	38.000008866668736
105.81219000008423	38.000008866668736
107.39211000001524	67.00002903334591
107.99926200008485	67.00002903334591
108.89449000009336	67.00002903334591
109.78999000007752	103.0000480666891
110.03609400009736	103.0000480666891
110.61923300009221	103.0000480666891
111.2009450000478	103.0000480666891
111.78395499999169	103.0000480666891
112.36641800007783	103.0000480666891
112.94895800005179	103.0000480666891
113.53287800005637	152.99994645001874
113.68872400000691	152.99994645001874
114.08002300001681	152.99994645001874
114.47182800003793	160.0
114.83875200001057	160.0
115.2135090000229	160.0
115.59064900001977	160.0
115.96366200002376	160.0
116.34062300005462	160.0
116.71408100007102	160.0
117.08981200004928	160.0
117.46342400007416	160.0
117.838739000028	160.0
118.2135240000207	160.0
118.58872600004543	160.0
118.96337300003506	160.0
119.33912300004158	160.0
119.71402499999385	182.000182000182
119.95546600001398	182.000182000182
120.28512000001501	182.000182000182
120.61521100008395	182.000182000182
120.94442800001707	43.0
121.39153100003023	43.0
122.787149000098	43.0
124.18336400005501	43.0
125.57822999998461	213.99987160007703
125.74798900005408	213.99987160007703
126.02835400006734	213.99987160007703
126.30883200000972	213.99987160007703
126.58927800005767	213.99987160007703
126.87075700005516	213.99987160007703
127.15112600009888	213.99987160007703
127.43059700005688	213.99987160007703
127.71071100002155	38.99998830000351
128.1046970000025	38.99998830000351
129.64217900007498	38.99998830000351
131.18336100003216	211.0
131.39163000008557	211.0
131.67561500007287	211.0
131.96028800006025	211.0
132.24471200001426	211.0
132.52859400003217	211.0
132.81286800000817	211.0
133.09751800005324	211.0
133.38194600003771	211.0
133.66669000010006	211.0
133.95263700000942	145.00003625000906
134.34318000008352	145.00003625000906
134.75804400001653	145.00003625000906
135.1715850000037	145.00003625000906
135.58450900006574	145.00003625000906
135.99851400009356	145.00003625000906
136.41323800000828	145.00003625000906
136.82599300006405	145.00003625000906
137.23989500000607	145.00003625000906
137.65361999999732	211.00014066676044
137.74999600008596	211.00014066676044
138.03430800000206	211.00014066676044
138.31879400007892	211.00014066676044
138.60313800000586	211.00014066676044
138.88857000006828	211.00014066676044
139.17230099998415	211.00014066676044
139.45646200003102	211.00014066676044
139.74051300005522	55.99997760000896
140.4077479999978	55.99997760000896
141.48015900002792	55.99997760000896
142.55047900008503	55.99997760000896
143.6242670000065	201.999798000202
143.82887500000652	201.999798000202
144.12574300006963	201.999798000202
144.42283600009978	201.999798000202
144.72158000001218	192.0
145.03522100008558	192.0
145.34800600004382	192.0
145.6597700000275	192.0
145.97190600004978	192.0
146.2850660000695	192.0
146.59747999999672	192.0
146.90951300004963	192.0
147.22331700008363	192.0
147.53479599999264	192.0
147.84860999998637	192.0
148.15947100007907	192.0
148.47278700000606	192.0
148.7844820000464	32.0
149.27276600000914	32.0
151.14646000007633	32.0
153.02086600009352	96.0
153.1553230000427	96.0
153.78039400000125	96.0
154.4052480000537	96.0
155.03172600001562	96.0
155.65523000003304	87.00002175000543
155.68788199999835	87.00002175000543
156.37733899999876	87.00002175000543
157.06656599999405	87.00002175000543
157.75623900000937	57.999986466669824
157.95832600002177	57.999986466669824
158.9929209999973	57.999986466669824
160.02684100007173	57.999986466669824
161.0627139999997	57.999986466669824
162.09605100005865	135.0
162.11671199998818	135.0
162.5608680000296	135.0
163.00528600008693	135.0
163.44943700009026	207.99966720053249
163.7048080000095	207.99966720053249
163.9933140000794	207.99966720053249
164.2820350000402	207.99966720053249
164.5702380000148	207.99966720053249
164.85932100005448	207.99966720053249
165.14676600007806	207.99966720053249
165.43575200007763	207.99966720053249
165.72416500002146	207.99966720053249
166.01355899998453	207.99966720053249
166.30072500009555	207.99966720053249
166.58984800009057	207.99966720053249
166.87739899998996	207.99966720053249
167.1669090000214	207.99966720053249
167.4553640000522	137.00006393336318
167.50585200008936	137.00006393336318
167.9445550000528	137.00006393336318
168.38342100009322	137.00006393336318
168.81992200005334	137.00006393336318
169.2588490000926	137.00006393336318
169.69573999999557	126.000126000126
169.72541000007186	126.000126000126
170.20251900004223	126.000126000126
170.67816600005608	126.000126000126
171.15354800003115	126.000126000126
171.63143800001126	126.000126000126
172.1061270000646	126.000126000126
172.5823270000983	126.000126000126
173.05821200006176	126.000126000126
173.5344589999877	194.00021986691584
173.78401800000574	194.00021986691584
174.09304300008807	194.00021986691584
174.4024109999882	194.00021986691584
174.7125160000287	194.00021986691584
175.02125900005922	194.00021986691584
175.33009300008416	194.00021986691584
175.64071200008038	44.000011733336464
176.59054400003515	44.000011733336464
177.95439800003078	44.000011733336464
179.3175180000253	44.000011733336464
180.68125500006136	190.0002850004275
180.93289599998388	190.0002850004275
181.248813000042	190.0002850004275
181.56460300006438	190.0002850004275
181.8803590000607	190.0002850004275
182.19579700008035	53.0
182.93508700001985	53.0
184.06747900007758	53.0
185.19987200002652	53.0
186.33118500001729	38.000008866668736
186.7110480000265	38.000008866668736
188.29039300000295	116.00008506672904
188.45139400009066	116.00008506672904
188.97025600005873	116.00008506672904
189.48707000003196	116.00008506672904
190.00316700001713	116.00008506672904
190.5207320000045	116.00008506672904
191.03893300006166	116.00008506672904
191.5549750000937	116.00008506672904
192.07243400008883	81.0
192.09151400008705	81.0
192.8322150000604	81.0
193.5730310000945	81.0
194.313775000046	81.0
195.05479399999604	104.99992125005906
195.39553300000262	104.99992125005906
195.96717700001318	104.99992125005906
196.53775200003292	104.99992125005906
197.10866000002716	104.99992125005906
197.68010600004345	104.99992125005906
198.2515110000968	104.99992125005906
198.8249300000025	104.99992125005906
199.39476600009948	104.99992125005906
199.96613100008108	104.99992125005906
200.53735300002154	104.99992125005906
201.1089440000942	104.99992125005906
201.68090000003576	104.99992125005906
202.25194500002544	104.99992125005906
202.82306800002698	104.99992125005906
203.3948579999851	104.99992125005906
203.96693600004073	104.99992125005906
204.5372010000283	104.99992125005906
205.10909899999388	104.99992125005906
205.68072100006975	104.99992125005906
206.2525200000964	104.99992125005906
206.8253300000215	104.99992125005906
207.3973910000641	104.99992125005906
207.96620400005486	104.99992125005906
208.5384910000721	104.99992125005906
209.1088630000595	104.99992125005906
209.68156400008593	104.99992125005906
210.2538979999954	104.99992125005906
210.82354000001214	104.99992125005906
211.39451100002043	104.99992125005906
211.96694499999285	104.99992125005906
212.53737000003457	104.99992125005906
213.10866300005	104.99992125005906
213.68081000004895	104.99992125005906
214.2522759999847	104.99992125005906
214.82309000007808	104.99992125005906
215.39486100000795	104.99992125005906
215.96645400009584	104.99992125005906
216.53844899998512	104.99992125005906
217.10914000007324	104.99992125005906
217.68045600003097	104.99992125005906
218.25228100002278	104.99992125005906
218.82512400008272	104.99992125005906