0.008459000033326447	120.0
0.5004460000200197	120.0
1.0014740000478923	120.0
1.5003349999897182	120.0
2.0005150000797585	120.0
2.5013350000372157	120.0
3.0011440000962466	120.0
3.5013700000708923	120.0
4.000726000056602	120.0
4.50133600004483	120.0
5.001537000061944	120.0
5.500997000024654	120.0
6.001371000078507	120.0
6.501731000025757	120.0
7.001059000031091	120.0
7.501694000093266	120.0
8.000553000019863	120.0
8.501156000071205	120.0
9.00073000008706	120.0
9.500858000013977	120.0
10.001077000051737	120.0
10.50036100007128	120.0
11.000843000016175	120.0
11.500410000095144	120.0
12.000437000067905	120.0
12.500635000062175	120.0
13.001389999990351	120.0
13.500809999997728	120.0
14.000288000097498	120.0
14.501152000040747	120.0
15.000453000073321	120.0
15.501260000048205	120.0
16.00133800006006	120.0
16.501235000090674	120.0
17.001235000090674	120.0
17.501619999995455	120.0
18.00131500000134	120.0
18.50113600003533	120.0
19.00126100005582	120.0
19.501108000054955	120.0
20.00078600004781	120.0
20.500319000100717	120.0
21.000648000044748	120.0
21.501656000036746	120.0
22.001672000042163	120.0
22.50105399999302	120.0
23.001193000003695	120.0
23.502304000081494	120.0
24.00140300008934	120.0
24.50355500006117	120.0
25.001206000102684	120.0
25.50073000008706	120.0
26.000772000057623	120.0
26.50058800005354	120.0
27.00074700010009	120.0
27.501499000005424	120.0
28.001149000017904	196.0002874670883
28.246443000040017	196.0002874670883
28.55266200006008	196.0002874670883
28.858360000071116	196.0002874670883
29.166308999992907	196.0002874670883
29.47094000002835	196.0002874670883
29.776221000007354	196.0002874670883
30.083994000102393	198.000198000198
30.38349100004416	198.000198000198
30.686000999994576	198.000198000198
30.98951000010129	198.000198000198
31.293764000060037	198.000198000198
31.595198000082746	198.000198000198
31.898278000066057	198.000198000198
32.20139699999709	198.000198000198
32.50571800000034	198.000198000198
32.807326000067405	198.000198000198
33.11195700010285	198.000198000198
33.41359000001103	198.000198000198
33.71661700005643	198.000198000198
34.02049300004728	154.99990958338608
34.06802800006699	154.99990958338608
34.45654300006572	154.99990958338608
34.84465900005307	154.99990958338608
35.23001100006513	154.99990958338608
35.61689500010107	154.99990958338608
36.00565300008748	136.0001450668214
36.025811000028625	136.0001450668214
36.46678800007794	136.0001450668214
36.90856600005645	136.0001450668214
37.34989300009329	136.0001450668214
37.79152900003828	136.0001450668214
38.23341900005471	136.0001450668214
38.6736319999909	136.0001450668214
39.11589300003834	136.0001450668214
39.55627000005916	136.0001450668214
39.99693600006867	46.99999060000188
40.282408000086434	46.99999060000188
41.559251000056975	46.99999060000188
42.83513400005177	126.0
43.16753700003028	126.0
43.64388800004963	126.0
44.12022300006356	126.0
44.59631500008982	126.0
45.07331500004511	126.0
45.549469000077806	126.0
46.02538300002925	72.99998296667064
46.15221700002439	72.99998296667064
46.97440200007986	72.99998296667064
47.796005000011064	72.99998296667064
48.61891600000672	145.00003625000906
48.654026000062004	145.00003625000906
49.06654999998864	145.00003625000906
49.48181500006467	145.00003625000906
49.89665500004776	145.00003625000906
50.30821200006176	145.00003625000906
50.72205500002019	145.00003625000906
51.13590600003954	145.00003625000906
51.550535000045784	145.00003625000906
51.96344500000123	183.0
52.2697090000147	183.0
52.59674900001846	183.0
52.926215999992564	183.0
53.253071999992244	183.0
53.58173900004476	183.0
53.90860299998894	183.0
54.23602200008463	157.999931533363
54.296772000030614	157.999931533363
54.676763000083156	157.999931533363
55.05594800005201	157.999931533363
55.435849000001326	157.999931533363
55.8165690000169	157.999931533363
56.19507400004659	157.999931533363
56.57568700006232	157.999931533363
56.95450300001539	157.999931533363
57.336040000081994	157.999931533363
57.7157920000609	157.999931533363
58.09395300003234	116.00008506672904
58.1802200000966	116.00008506672904
58.696521000005305	116.00008506672904
59.21474000008311	116.00008506672904
59.732270000036806	116.00008506672904
60.248997000046074	203.99975520029375
60.3768450000789	203.99975520029375
60.66912299999967	203.99975520029375
60.96314400003757	203.99975520029375
61.25697900005616	203.99975520029375
61.551640000077896	203.99975520029375
61.84513999999035	203.99975520029375
62.13993000006303	203.99975520029375
62.43355499999598	203.99975520029375
62.72777700005099	203.99975520029375
63.021538000088185	203.99975520029375
63.31531100010034	203.99975520029375
63.61060700006783	203.99975520029375
63.906174000003375	203.99975520029375
64.19848200003617	38.000008866668736
65.66076900006738	38.000008866668736
67.23895200004335	159.0002067002687
67.3237819999922	159.0002067002687
67.69959199998993	159.0002067002687
68.07728500000667	159.0002067002687
68.45518600009382	159.0002067002687
68.8316970000742	159.0002067002687
69.20986000006087	159.0002067002687
69.58622300007846	159.0002067002687
69.9643240000587	69.99998833333528
70.08625100005884	69.99998833333528
70.94370699999854	69.99998833333528
71.80064200004563	69.99998833333528
72.65811600000598	97.0
73.05703800008632	97.0
73.67497000005096	97.0
74.29341899999417	97.0
74.91377099999227	97.0
75.53486400004476	97.0
76.14920300000813	20.99999895000005
77.1578580000205	20.99999895000005
80.01600599999074	150.0
80.17359600006603	150.0
80.57274800003506	150.0
80.97274200001266	150.0
81.37400000006892	150.0
81.77311000006739	150.0
82.17423400003463	118.0
82.25386500009336	118.0
82.76331300009042	118.0
83.27087200002279	118.0
83.77939000003971	118.0
84.28758400003426	100.0
84.36285999999382	100.0
84.96322400006466	100.0
85.5635520000942	100.0
86.16171000001486	100.0
86.76327400002629	100.0
87.36263099999633	100.0
87.96281300007831	177.00002655000398
88.26423800003249	177.00002655000398
88.60316900000907	177.00002655000398
88.94287800008897	177.00002655000398
89.28098700009286	177.00002655000398
89.62041400000453	177.00002655000398
89.95976400002837	210.00021000021
90.23382900003344	210.00021000021
90.51744299998973	210.00021000021
90.80472100002225	210.00021000021
91.0887610000791	210.00021000021
91.37442300003022	210.00021000021
91.66065800003707	210.00021000021
91.9458830000367	210.00021000021
92.23243700002786	210.00021000021
92.51772800006438	210.00021000021
92.80437300004996	210.00021000021
93.08927500003483	210.00021000021
93.37550800002646	210.00021000021
93.66037000005599	210.00021000021
93.94604499998968	22.999996933333744
94.50057200004812	22.999996933333744
97.10948300000746	88.00002346667293
97.56517499999609	88.00002346667293
98.24670900008641	88.00002346667293
98.92839900008403	88.00002346667293
99.61024000006728	88.00002346667293
100.29263000003994	60.0
100.4855900000548	60.0
101.48542800010182	60.0
102.48507300007623	132.0
102.6120510000037	132.0
103.06613700010348	132.0
103.52113100001588	132.0
103.97500500001479	132.0
104.43065300001763	132.0
104.88404400006402	132.0
105.33964200003538	132.0
105.79364200006239	132.0
106.24806600005832	182.000182000182
106.4804320000112	182.000182000182
106.80972400004975	182.000182000182
107.13953700009733	182.000182000182
107.46853300009388	182.000182000182
107.79840000008699	182.000182000182
108.12803300004452	130.00013000013
108.22548900009133	130.00013000013
108.6855500000529	130.00013000013
109.14731000002939	130.00013000013
109.60967999999411	130.00013000013
110.07038300007116	130.00013000013
110.53237000002991	130.00013000013
110.99418500007596	130.00013000013
111.4551700000884	130.00013000013
111.91645300004166	73.0
111.93644900002982	73.0
112.75833099999	73.0
113.58107100008056	73.0
114.40381300006993	196.0002874670883
114.69435900007375	196.0002874670883
115.00019799999427	196.0002874670883
115.3056880000513	196.0002874670883
115.61314200004563	196.0002874670883
115.91794800001662	196.0002874670883
116.22434000007343	196.0002874670883
116.5309610000113	196.0002874670883
116.8363740000641	196.0002874670883
117.1425820000004	196.0002874670883
117.44871100003365	196.0002874670883
117.75470300007146	196.0002874670883
118.0614840000635	93.99998120000376
118.24521200009622	93.99998120000376
118.88189700001385	93.99998120000376
119.52101700007915	93.99998120000376
120.15973499999382	36.99999136666868
120.56905700010248	36.99999136666868
122.19054300000425	36.99999136666868
123.81252800009679	36.99999136666868
125.43574200000148	156.9998377668343
125.78733100008685	156.9998377668343
126.17025399999693	21.99999780000022
127.80663000000641	21.99999780000022
130.5342210000381	102.0000510000255
130.6280240000924	102.0000510000255
131.21597500005737	102.0000510000255
131.80599600006826	102.0000510000255
132.39280500006862	145.0
132.66315700009	145.0
133.0755970000755	145.0
133.4899790000636	145.0
133.90374099998735	145.0
134.31685200007632	145.0
134.73177100007888	145.0
135.14622300001793	145.0
135.5584670000244	145.0
135.9737680000253	145.0
136.38595000002533	36.99999136666868
137.75677700003143	36.99999136666868
139.37882600002922	213.99987160007703
139.57035900000483	213.99987160007703
139.85032000008505	213.99987160007703
140.13037900009658	213.99987160007703
140.4119059999939	213.99987160007703
140.69242500001565	213.99987160007703
140.97295600001235	213.99987160007703
141.25189200008754	213.99987160007703
141.53402500005905	213.99987160007703
141.81457799999043	213.99987160007703
142.09322999999858	147.0
142.1748620000435	147.0
142.58346300001722	147.0
142.9913790000137	147.0
143.39968100003898	147.0
143.80751700000837	147.0
144.21523900004104	26.000003466667128
145.5773320000153	26.000003466667128
147.8858290000353	26.000003466667128
150.19309000007343	215.99982720013824
150.29684399999678	215.99982720013824
150.57556200004183	215.99982720013824
150.85403500008397	215.99982720013824
151.13009400002193	215.99982720013824
151.40743700007442	215.99982720013824
151.68505700002424	215.99982720013824
151.96327499998733	215.99982720013824
152.24086400005035	215.99982720013824
152.51858400006313	215.99982720013824
152.79647599998862	215.99982720013824
153.07434600009583	215.99982720013824
153.35264500009362	215.99982720013824
153.62963000009768	215.99982720013824
153.9070129999891	215.99982720013824
154.1848320000572	198.99969486713454
154.2067710000556	198.99969486713454
154.50898100004997	198.99969486713454
154.81062200001907	198.99969486713454
155.11248500004876	198.99969486713454
155.4146920000203	198.99969486713454
155.71600300003774	198.99969486713454
156.01642700005323	196.9996946504733
156.32251600001473	196.9996946504733
156.62604700005613	196.9996946504733
156.93059000000358	196.9996946504733
157.23545300005935	196.9996946504733
157.5398250001017	196.9996946504733
157.84616100008134	196.9996946504733
158.14971400005743	196.9996946504733
158.45506200008094	196.9996946504733
158.75786700006574	196.9996946504733
159.06258400005754	196.9996946504733
159.3669490000466	196.9996946504733
159.6734680000227	196.9996946504733
159.97605600010138	154.000154000154
159.99082400009502	154.000154000154
160.38071600010153	154.000154000154
160.76953400007915	154.000154000154
161.15923500002827	154.000154000154
161.54830800008494	154.000154000154
161.93861300009303	71.0
161.94131800008472	71.0
162.78671500005294	71.0
163.63131100009196	71.0
164.47696400003042	71.0
165.32282600004692	71.0
166.16687200008892	116.00008506672904
166.59720600000583	116.00008506672904
167.11328400007915	116.00008506672904
167.63210300006904	116.00008506672904
168.1461090000812	198.000198000198
168.36279000004288	198.000198000198
168.6651070000371	198.000198000198
168.96885800000746	198.000198000198
169.27115899999626	198.000198000198
169.57488800003193	198.000198000198
169.87756900000386	198.000198000198
170.1815770000685	198.000198000198
170.48560700006783	198.000198000198
170.78671700006817	198.000198000198
171.08970400004182	198.000198000198
171.39386200008448	198.000198000198
171.69670100009535	198.000198000198
171.99930400005542	86.0
172.07740300009027	86.0
172.77653300005477	86.0
173.47413700004108	86.0
174.17156400007661	185.000185000185
174.37273400009144	185.000185000185
174.6963209999958	185.000185000185
175.0209990000585	185.000185000185
175.34654699999373	185.000185000185
175.6696810000576	185.000185000185
175.9953080000123	185.000185000185
176.3178970000008	185.000185000185
176.64288800000213	185.000185000185
176.9663320000982	185.000185000185
177.29138800001238	185.000185000185
177.6162610000465	185.000185000185
177.93929500004742	185.000185000185
178.26483600004576	30.99999793333347
179.8542810000945	30.99999793333347
181.78985300008208	104.00001386666851
182.22677200008184	104.00001386666851
182.80274700000882	104.00001386666851
183.3801730000414	104.00001386666851
183.9564680000767	104.00001386666851
184.53573800006416	218.99968245046045
184.77846100006718	218.99968245046045
185.05178500001784	218.99968245046045
185.32619400008116	218.99968245046045
185.59983900003135	218.99968245046045
185.8740580000449	218.99968245046045
186.14773900003638	196.9996946504733
186.170051000081	196.9996946504733
186.47593399998732	196.9996946504733
186.77925300004426	196.9996946504733
187.08393100008834	196.9996946504733
187.38907900010236	196.9996946504733
187.69447300001048	196.9996946504733
187.99770300008822	196.9996946504733
188.30219399998896	196.9996946504733
188.60706599999685	196.9996946504733
188.91268000006676	196.9996946504733
189.21579600009136	196.9996946504733
189.5205840000417	196.9996946504733
189.82589100010227	196.9996946504733
190.12984499998856	52.000006933334255
190.63641300005838	52.000006933334255
191.79152600001544	52.000006933334255
192.94492300006095	139.0
193.18557500001043	139.0
193.61848000006285	139.0
194.04940100002568	139.0
194.48146000003908	139.0
194.91321400005836	139.0
195.34505800006445	139.0
195.77584900008515	139.0
196.2075130000012	139.0
196.6399270000402	139.0
197.07155900006182	139.0
197.5022300001001	139.0
197.93603800004348	139.0
198.36620400007814	139.0
198.79750700003933	139.0
199.22945199999958	139.0
199.66167699999642	139.0
200.09335900004953	139.0
200.52566500008106	139.0
200.95544700010214	139.0
201.3880460000364	139.0
201.81968000007328	139.0
202.2511110000778	139.0
202.6838980000466	139.0
203.11369800008833	139.0
203.54537100007292	139.0
203.97749399999157	139.0
204.40899000002537	139.0
204.84137400006875	139.0
205.27330900006928	139.0
205.70370700000785	139.0
206.13597100006882	139.0
206.5669400000479	139.0
206.99941899999976	139.0
207.43128500005696	139.0
207.86287800001446	139.0
208.2951929999981	139.0
208.72555100009777	139.0
209.1575900000753	139.0
209.58921900007408	139.0
210.02021500002593	139.0
210.4537910000654	139.0
210.8849690000061	139.0
211.3165010000812	139.0
211.7468799999915	139.0
212.1787980000954	139.0
212.61019800009672	139.0
213.04320900002494	139.0
213.47503100009635	139.0
213.90552700008266	139.0
214.3373830000637	139.0
214.76863500010222	139.0
215.20106200000737	139.0
215.63292600004934	139.0
216.06527000002097	139.0
216.49503800005186	139.0
216.9268100000918	139.0
217.35879000008572	139.0
217.79169099999126	139.0
218.22337600006722	139.0
218.65495100000408	139.0
219.0866410000017	139.0
219.51683000009507	139.0
219.94842300005257	139.0


2.0146820000372827	120.0
2.5093650000635535	120.0
3.0009700000518933	120.0
3.5011740000918508	120.0
4.000539000029676	120.0
4.501540000084788	120.0
5.00176300003659	120.0
5.501217000070028	120.0
6.001604999997653	120.0
6.50153600005433	120.0
7.00086300005205	120.0
7.501496000098996	120.0
8.0004070000723	120.0
8.50134399998933	120.0
9.000980000011623	120.0
9.501298999995925	120.0
10.000688000000082	120.0
10.500814000028186	120.0
11.001505000051111	120.0
11.50078600004781	120.0
12.000908000045456	120.0
12.501114000100642	120.0
13.001614000066184	120.0
13.500430000014603	120.0
14.000748999998905	120.0
14.500916999997571	120.0
15.000975000089966	120.0
15.501506000058725	120.0
16.001094000064768	120.0
16.501489000045694	120.0
17.00148800003808	120.0
17.501390999997966	120.0
18.0015340000391	120.0
18.5009110000683	120.0
19.001493000076152	120.0
19.500864000059664	120.0
20.000556000042707	120.0
20.50068400008604	120.0
21.001123000052758	120.0
21.501468000002205	120.0
22.001672000042163	120.0
22.500823999987915	120.0
23.001441000029445	120.0
23.501841000048444	120.0
24.00095900008455	120.0
24.50437800004147	120.0
25.000664000050165	120.0
25.500587000045925	120.0
26.000973000074737	120.0
26.501108000054955	120.0
27.000233000027947	120.0
27.50174400000833	120.0
28.001595000037923	196.0
28.246812000055797	196.0
28.55288199998904	196.0
28.858575000078417	196.0
29.166082000010647	196.0
29.471171000041068	196.0
29.77641000004951	196.0
30.083334000082687	198.000198000198
30.383319000015035	198.000198000198
30.68622300005518	198.000198000198
30.989758000010625	198.000198000198
31.293387000099756	198.000198000198
31.595017999992706	198.000198000198
31.898494000080973	198.000198000198
32.201620000065304	198.000198000198
32.50545699999202	198.000198000198
32.807572000077926	198.000198000198
33.11134800000582	198.000198000198
33.413174999994226	198.000198000198
33.71682900004089	198.000198000198
34.02066200005356	154.99990958338608
34.068510000011884	154.99990958338608
34.456187000032514	154.99990958338608
34.8444390000077	154.99990958338608
35.229572999989614	154.99990958338608
35.61679100000765	154.99990958338608
36.00565300008748	136.0001450668214
36.025613000034355	136.0001450668214
36.46677600010298	136.0001450668214
36.90902000002097	136.0001450668214
37.34992800001055	136.0001450668214
37.79171200003475	136.0001450668214
38.233230000012554	136.0001450668214
38.67347800009884	136.0001450668214
39.11589300003834	136.0001450668214
39.556084000039846	136.0001450668214
39.996599000063725	46.99999060000188
40.28264900005888	46.99999060000188
41.559053000062704	46.99999060000188
42.83485700003803	126.000126000126
43.167768000043	126.000126000126
43.643660000059754	126.000126000126
44.11981000006199	126.000126000126
44.59646700008307	126.000126000126
45.07331500004511	126.000126000126
45.549527000053786	126.000126000126
46.025422000093386	72.99998296667064
46.15243300003931	72.99998296667064
46.97484800009988	72.99998296667064
47.79622500005644	72.99998296667064
48.61853100010194	145.0
48.65381799999159	145.0
49.0667610000819	145.0
49.48204400006216	145.0
49.89686300000176	145.0
50.30844200006686	145.0
50.72180600010324	145.0
51.136118000024	145.0
51.5503210000461	145.0
51.96370600000955	182.99991765003705
52.26992300001439	182.99991765003705
52.59646700008307	182.99991765003705
52.92602000001352	182.99991765003705
53.2526460000081	182.99991765003705
53.581334999995306	182.99991765003705
53.908388999989256	182.99991765003705
54.23584800004028	157.999931533363
54.2965860000113	157.999931533363
54.67639300005976	157.999931533363
55.05625400005374	157.999931533363
55.435616000089794	157.999931533363
55.81678200000897	157.999931533363
56.19507400004659	157.999931533363
56.57568700006232	157.999931533363
56.95478200004436	157.999931533363
57.33573500008788	157.999931533363
57.71585600008257	157.999931533363
58.09367000008933	116.0
58.180042000021785	116.0
58.696111000026576	116.0
59.21447500004433	116.0
59.73210500006098	116.0
60.2492070000153	203.99975520029375
60.37722100003157	203.99975520029375
60.668739999993704	203.99975520029375
60.96308900008444	203.99975520029375
61.25697900005616	203.99975520029375
61.551459999987856	203.99975520029375
61.84490000002552	203.99975520029375
62.13970300008077	203.99975520029375
62.43357300001662	203.99975520029375
62.72756000002846	203.99975520029375
63.02137400000356	203.99975520029375
63.31530000001658	203.99975520029375
63.61068400007207	203.99975520029375
63.90597200009506	38.000008866668736
64.08173800003715	38.000008866668736
65.66052400006447	38.000008866668736
67.2393330000341	159.0002067002687
67.32354200002737	159.0002067002687
67.69987400004175	159.0002067002687
68.07711400010157	159.0002067002687
68.45516900008079	159.0002067002687
68.83191800001077	159.0002067002687
69.20982800005004	159.0002067002687
69.58622300007846	159.0002067002687
69.96424400003161	69.99998833333528
70.08662300009746	69.99998833333528
70.94351500004996	69.99998833333528
71.80067100003362	69.99998833333528
72.65798200003337	96.99995311668933
73.05661700002383	96.99995311668933
73.67507200001273	96.99995311668933
74.29372900002636	96.99995311668933
74.91377099999227	96.99995311668933
75.53464399999939	96.99995311668933
76.14901000005193	20.99999895000005
77.15792600007262	20.99999895000005
80.01503800007049	150.0
80.17334900004789	150.0
80.57274800003506	150.0
80.9727600000333	150.0
81.37432699999772	150.0
81.77278200001456	150.0
82.17398900003172	117.99990166674861
82.25384500005748	117.99990166674861
82.76351000007708	117.99990166674861
83.27067400002852	117.99990166674861
83.77954100002535	117.99990166674861
84.28733600000851	100.0
84.36285999999382	100.0
84.96359600010328	100.0
85.56373200006783	100.0
86.16219900001306	100.0
86.76363400008995	100.0
87.36264100007247	100.0
87.96281300007831	177.0
88.26423800003249	177.0
88.60316900000907	177.0
88.942910999991	177.0
89.28082600003108	177.0
89.62041400000453	177.0
89.95951000007335	210.00021000021
90.23334100004286	210.00021000021
90.51723800005857	210.00021000021
90.80447600001935	210.00021000021
91.08854400005657	210.00021000021
91.37475300009828	210.00021000021
91.66046100005042	210.00021000021
91.94563700002618	210.00021000021
92.23265300004277	210.00021000021
92.51749600004405	210.00021000021
92.80460400006268	210.00021000021
93.08906900009606	210.00021000021
93.37591200007591	210.00021000021
93.66048500000034	210.00021000021
93.94604499998968	22.999996933333744
94.5007620000979	22.999996933333744
97.10945900005754	88.00002346667293
97.56553500005975	88.00002346667293
98.24693600006867	88.00002346667293
98.92877600004431	88.00002346667293
99.61068899999373	88.00002346667293
100.29224500001874	60.0
100.48555400001351	60.0
101.48521600000095	60.0
102.4852410000749	132.000132000132
102.61258600000292	132.000132000132
103.06631300004665	132.000132000132
103.52101400005631	132.000132000132
103.97544499998912	132.000132000132
104.43065300001763	132.000132000132
104.88448300003074	132.000132000132
105.33983700000681	132.000132000132
105.79336400004104	132.000132000132
106.24830400000792	182.000182000182
106.48018100007903	182.000182000182
106.80949900008272	182.000182000182
107.13930100004654	182.000182000182
107.46871600009035	182.000182000182
107.79862600006163	182.000182000182
108.12849900010042	130.0
108.22553300007712	130.0
108.68571500002872	130.0
109.1476590000093	130.0
109.61001900001429	130.0
110.07015400007367	130.0
110.53195600002073	130.0
110.99439300002996	130.0
111.4549400000833	130.0
111.91689600003883	130.0
112.37796200008597	72.99998296667064
112.7587980000535	72.99998296667064
113.5812450000085	72.99998296667064
114.40394400001969	196.0002874670883
114.69435900007375	196.0002874670883
115.000192000065	196.0002874670883
115.3056880000513	196.0002874670883
115.6129020000808	196.0002874670883
115.91817300010007	196.0002874670883
116.22434800001793	196.0002874670883
116.53077100007795	196.0002874670883
116.8363740000641	196.0002874670883
117.14249200001359	196.0002874670883
117.44917200005148	196.0002874670883
117.75496799999382	196.0002874670883
118.06175900006201	94.0
118.24470800010022	94.0
118.88232900004368	94.0
119.52081000001635	94.0
120.15952200000174	36.99999136666868
120.56857000000309	36.99999136666868
122.19075900001917	36.99999136666868
123.8121070000343	36.99999136666868
125.43446700007189	156.9998377668343
125.78707300010137	156.9998377668343
126.17002000007778	21.99999780000022
127.80716600001324	21.99999780000022
130.5344280001009	102.0000510000255
130.62767399998847	102.0000510000255
131.21600300003774	102.0000510000255
131.8060140000889	102.0000510000255
132.39266500005033	145.00003625000906
132.66291800001636	145.00003625000906
133.07578600000124	145.00003625000906
133.48993200005498	145.00003625000906
133.9036020000931	145.00003625000906
134.31690400000662	145.00003625000906
134.73267900000792	145.00003625000906
135.14622300001793	145.00003625000906
135.55825400003232	145.00003625000906
135.9737680000253	145.00003625000906
136.3856800000649	36.99999136666868
137.75677700003143	36.99999136666868
139.37907900009304	214.0
139.5699410000816	214.0
139.85015100007877	214.0
140.13057800009847	214.0
140.41212200000882	214.0
140.69220400007907	214.0
140.97276500007138	214.0
141.2521280000219	214.0
141.53365400002804	214.0
141.81439600000158	214.0
142.093067000038	147.0000955500621
142.1748620000435	147.0000955500621
142.58346300001722	147.0000955500621
142.990690000006	147.0000955500621
143.39968100003898	147.0000955500621
143.8074670000933	147.0000955500621
144.21523900004104	26.000003466667128
145.57708800002	26.000003466667128
147.88584000000264	26.000003466667128
150.19309000007343	215.99982720013824
150.29683400003705	215.99982720013824
150.57556200004183	215.99982720013824
150.85323500004597	215.99982720013824
151.1297060000943	215.99982720013824
151.40748300007544	215.99982720013824
151.68505700002424	215.99982720013824
151.96304400009103	215.99982720013824
152.24062500009313	215.99982720013824
152.51843200006988	215.99982720013824
152.79630899999756	215.99982720013824
153.07415000000037	215.99982720013824
153.35242500004824	215.99982720013824
153.6298240000615	215.99982720013824
153.90724600001704	215.99982720013824
154.18458500003908	198.99969486713454
154.20702700002585	198.99969486713454
154.50916000001598	198.99969486713454
154.81127400009427	198.99969486713454
155.1128280000994	198.99969486713454
155.41491900000256	198.99969486713454
155.7162060000701	198.99969486713454
156.01662900007796	196.9996946504733
156.32271800003946	196.9996946504733
156.62627700006124	196.9996946504733
156.93081600009464	196.9996946504733
157.23522900009993	196.9996946504733
157.5400399999926	196.9996946504733
157.84635700006038	196.9996946504733
158.1495340000838	196.9996946504733
158.45541699999012	196.9996946504733
158.75836400000844	196.9996946504733
159.0627810000442	196.9996946504733
159.36714700004086	196.9996946504733
159.67329200007953	196.9996946504733
159.97638600005303	154.000154000154
159.99103600007948	154.000154000154
160.38071600010153	154.000154000154
160.76951000001281	154.000154000154
161.1595930000767	154.000154000154
161.5480760000646	154.000154000154
161.93909100000747	154.000154000154
162.32786300010048	71.00003550001774
162.78647799999453	71.00003550001774
163.64145700004883	71.00003550001774
164.4773040000582	71.00003550001774
165.32260800001677	71.00003550001774
166.1670490000397	116.00008506672904
166.5967130000936	116.00008506672904
167.11349100002553	116.00008506672904
167.63289100001566	116.00008506672904
168.14630100002978	198.0
168.36279000004288	198.0
168.6653510000324	198.0
168.96885800000746	198.0
169.2715099999914	198.0
169.57434799999464	198.0
169.87727900000755	198.0
170.18137900007423	198.0
170.485396000091	198.0
170.7864890000783	198.0
171.08956300001591	198.0
171.39359300001524	198.0
171.6964680000674	198.0
171.99906100006774	86.00005160003096
172.077621000004	86.00005160003096
172.77652300009504	86.00005160003096
173.47411400009878	86.00005160003096
174.1719770000782	185.000185000185
174.37311200005934	185.000185000185
174.69611800007988	185.000185000185
175.02127600007225	185.000185000185
175.34617999999318	185.000185000185
175.66946800006554	185.000185000185
175.99513500009198	185.000185000185
176.3176650000969	185.000185000185
176.64312000002246	185.000185000185
176.96655100001954	185.000185000185
177.2915740000317	185.000185000185
177.61641100002453	185.000185000185
177.94268400000874	185.000185000185
179.85414599999785	31.0
181.79008800000884	104.00001386666851
182.22667200001888	104.00001386666851
182.80269700009376	104.00001386666851
183.37985200004186	104.00001386666851
183.9564530000789	104.00001386666851
184.53541800007224	218.99968245046045
184.77878300007433	218.99968245046045
185.05163000000175	218.99968245046045
185.32614100002684	218.99968245046045
185.60020099999383	218.99968245046045
185.8743020000402	218.99968245046045
186.14809100003913	196.9996946504733
186.17003899998963	196.9996946504733
186.4762510000728	196.9996946504733
186.7793000000529	196.9996946504733
187.08374700008426	196.9996946504733
187.38889300008304	196.9996946504733
187.6942970000673	196.9996946504733
187.99792800005525	196.9996946504733
188.30201300000772	196.9996946504733
188.60664100002032	196.9996946504733
188.9123499999987	196.9996946504733
189.2155330000678	196.9996946504733
189.520799000049	196.9996946504733
189.8260790000204	196.9996946504733
190.13022000005003	52.000006933334255
190.6368290000828	52.000006933334255
191.79136500007007	52.000006933334255
192.94487200002186	138.9998957500782
193.1859430000186	138.9998957500782
193.61883799999487	138.9998957500782
194.0491490000859	138.9998957500782
194.48102100007236	138.9998957500782
194.91289300005883	138.9998957500782
195.34449500008486	138.9998957500782
195.7756520000985	138.9998957500782
196.20727700006682	138.9998957500782
196.6401659999974	138.9998957500782
197.07176100008655	138.9998957500782
197.50242200004868	138.9998957500782
197.9358310000971	138.9998957500782
198.3657110000495	138.9998957500782
198.79730700002983	138.9998957500782
199.22961100004613	138.9998957500782
199.6619059999939	138.9998957500782
200.09316500008572	138.9998957500782
200.52592600008938	138.9998957500782
200.9556520000333	138.9998957500782
201.38774700008798	138.9998957500782
201.81947099999525	138.9998957500782
202.25090199999977	138.9998957500782
202.6836459999904	138.9998957500782
203.11421800008975	138.9998957500782
203.54560100007802	138.9998957500782
203.97712900000624	138.9998957500782
204.4087709999876	138.9998957500782
204.8411850000266	138.9998957500782
205.2736600000644	138.9998957500782
205.70406400004867	138.9998957500782
206.13643400010187	138.9998957500782
206.5671629999997	138.9998957500782
206.99975900002755	138.9998957500782
207.4309399999911	138.9998957500782
207.86330900003668	138.9998957500782
208.29578799998853	138.9998957500782
208.72532100009266	138.9998957500782
209.15788300009444	138.9998957500782
209.58943300007377	138.9998957500782
210.0204940000549	138.9998957500782
210.4533389999997	138.9998957500782
210.8854280000087	138.9998957500782
211.316162000061	138.9998957500782
211.7468799999915	138.9998957500782
212.17856999998912	138.9998957500782
212.6104040000355	138.9998957500782
213.04359000001568	138.9998957500782
213.4753910000436	138.9998957500782
213.90537100005895	138.9998957500782
214.33904200000688	138.9998957500782
214.76858600007836	138.9998957500782
215.20106200000737	138.9998957500782
215.63292600004934	138.9998957500782
216.06495400005952	138.9998957500782
216.49537000001874	138.9998957500782
216.92759300000034	138.9998957500782
217.35860500007402	138.9998957500782
217.79153500008397	138.9998957500782
218.2231740000425	138.9998957500782
218.65470499999356	138.9998957500782
219.08641600003466	138.9998957500782
219.51661300007254	138.9998957500782
219.9579950000625	138.9998957500782


4.065224000019953	120.0
4.556220000027679	120.0
5.001537000061944	120.0
5.500997000024654	120.0
6.001371000078507	120.0
6.5015060000587255	120.0
7.00086300005205	120.0
7.501496000098996	120.0
8.00112800009083	120.0
8.501156000071205	120.0
9.000392000074498	120.0
9.501110000070184	120.0
10.000490000005811	120.0
10.500503999995999	120.0
11.001256000017747	120.0
11.500348000088707	120.0
12.000737000023946	120.0
12.500635000062175	120.0
13.001389999990351	120.0
13.501103000016883	120.0
14.000242000096478	120.0
14.500434000045061	120.0
15.000752000021748	120.0
15.501506000058725	120.0
16.001144999987446	120.0
16.501235000090674	120.0
17.001464000088163	120.0
17.501820000004955	120.0
18.001285000005737	120.0
18.5009110000683	120.0
19.00126100005582	120.0
19.500864000059664	120.0
20.000556000042707	120.0
20.500508000026457	120.0
21.000903000007384	120.0
21.501262000063434	120.0
22.001891000079922	120.0
22.500823999987915	120.0
23.001453000004403	120.0
23.502087000058964	120.0
24.00128000008408	120.0
24.501074000028893	120.0
25.001468000002205	120.0
25.500843000016175	120.0
26.000525000039488	120.0
26.500714000081643	120.0
27.000233000027947	120.0
27.501579000032507	120.0
28.001149000017904	196.0002874670883
28.246443000040017	196.0002874670883
28.55266200006008	196.0002874670883
28.858360000071116	196.0002874670883
29.166082000010647	196.0002874670883
29.47136500000488	196.0002874670883
29.776221000007354	196.0002874670883
30.083681000047363	198.0
30.38311799999792	198.0
30.686000999994576	198.0
30.98951000010129	198.0
31.29348100000061	198.0
31.595350000075996	198.0
31.898475000052713	198.0
32.201866000075825	198.0
32.50520100002177	198.0
32.807857000036165	198.0
33.111689000041224	198.0
33.41337600001134	198.0
33.71638600004371	198.0
34.02028799999971	154.99990958338608
34.06828500004485	154.99990958338608
34.45637900009751	154.99990958338608
34.844206999987364	154.99990958338608
35.22982400003821	154.99990958338608
35.616517000016756	154.99990958338608
36.005836000083946	136.0001450668214
36.02598500007298	136.0001450668214
36.46701700007543	136.0001450668214
36.90878800000064	136.0001450668214
37.34948400000576	136.0001450668214
37.791342000011355	136.0001450668214
38.2335820000153	136.0001450668214
38.673268000013195	136.0001450668214
39.116119000012986	136.0001450668214
39.55631400004495	136.0001450668214
39.99640300008468	47.0
40.28207499999553	47.0
41.5590380000649	47.0
42.83531200001016	126.000126000126
43.16790100000799	126.000126000126
43.64409800001886	126.000126000126
44.12008300004527	126.000126000126
44.59611600008793	126.000126000126
45.07354100001976	126.000126000126
45.54929600004107	126.000126000126
46.02520900010131	72.99998296667064
46.15220400004182	72.99998296667064
46.97458700009156	72.99998296667064
47.796005000011064	72.99998296667064
48.61873900005594	145.00003625000906
48.654280000017025	145.00003625000906
49.0667610000819	145.00003625000906
49.48226800002158	145.00003625000906
49.897013000096194	145.00003625000906
50.30856900010258	145.00003625000906
50.72227400005795	145.00003625000906
51.13606400007848	145.00003625000906
51.55031000007875	145.00003625000906
51.96371300006285	182.99991765003705
52.27009700005874	182.99991765003705
52.59697200008668	182.99991765003705
52.92578300007153	182.99991765003705
53.25290500000119	182.99991765003705
53.58155200001784	182.99991765003705
53.90876400005072	157.999931533363
53.91715200000908	157.999931533363
54.296781999990344	157.999931533363
54.676606000051834	157.999931533363
55.056011000066064	157.999931533363
55.435849000001326	157.999931533363
55.81693400000222	157.999931533363
56.195309000089765	157.999931533363
56.57546100008767	157.999931533363
56.95475100004114	157.999931533363
57.33571100002155	157.999931533363
57.71614900010172	157.999931533363
58.09416100010276	116.00008506672904
58.18008300010115	116.00008506672904
58.696398000000045	116.00008506672904
59.21477100008633	116.00008506672904
59.73212699999567	116.00008506672904
60.248997000046074	204.0
60.37673200003337	204.0
60.668739999993704	204.0
60.96289299998898	204.0
61.25721499999054	204.0
61.55147400009446	204.0
61.84535100008361	204.0
62.14009600004647	204.0
62.43338300008327	204.0
62.72732000006363	204.0
63.02156300004572	204.0
63.31555600010324	204.0
63.610975000075996	204.0
63.90577400010079	38.000008866668736
64.08129800006282	38.000008866668736
65.66026999999303	38.000008866668736
67.23916600004304	159.0002067002687
67.32354200002737	159.0002067002687
67.69987400004175	159.0002067002687
68.07711400010157	159.0002067002687
68.45555499999318	159.0002067002687
68.83191800001077	159.0002067002687
69.20963500009384	159.0002067002687
69.58640700008254	159.0002067002687
69.96443600009661	70.0
70.08611700008623	70.0
70.9432810000144	70.0
71.80047300003935	70.0
72.65795100003015	96.99995311668933
73.05708800000139	96.99995311668933
73.67484400002286	96.99995311668933
74.293955000001	96.99995311668933
74.91418200009502	96.99995311668933
75.53493700001854	96.99995311668933
76.14939400006551	20.99999895000005
77.15807000000495	20.99999895000005
80.01575400005095	150.0
80.17334900004789	150.0
80.57297600002494	150.0
80.97309099999256	150.0
81.37456700007897	150.0
81.77291000005789	150.0
82.17441900004633	117.99990166674861
82.2540390000213	117.99990166674861
82.76336500002071	117.99990166674861
83.27042600000277	117.99990166674861
83.77936100005172	117.99990166674861
84.28756399999838	100.0
84.36315300001297	100.0
84.96342400007416	100.0
85.5633370000869	100.0
86.16172100009862	100.0
86.76346600009128	100.0
87.36283500003628	100.0
87.9631760000484	177.00002655000398
88.26450000004843	177.00002655000398
88.60358500003349	177.00002655000398
88.94308900006581	177.00002655000398
89.28082600003108	177.00002655000398
89.62065100006294	177.00002655000398
89.95948700001463	210.0
90.23363400006201	210.0
90.51742100005504	210.0
90.80494200007524	210.0
91.0889540000353	210.0
91.37467900000047	210.0
91.66085800004657	210.0
91.9458830000367	210.0
92.23279800009914	210.0
92.51795800006948	210.0
92.80480300006457	210.0
93.08883800008334	210.0
93.37573200010229	210.0
93.66013500001281	210.0
93.94581500010099	22.999996933333744
94.50035800004844	22.999996933333744
97.1092560000252	88.00002346667293
97.56541000003926	88.00002346667293
98.24693600006867	88.00002346667293
98.92859500006307	88.00002346667293
99.61047300009523	88.00002346667293
100.2924490000587	60.0
100.48531900008675	60.0
101.48500900005456	60.0
102.48488700005691	132.000132000132
102.61248900007922	132.000132000132
103.06589600001462	132.000132000132
103.52131099998951	132.000132000132
103.97517400002107	132.000132000132
104.43041800009087	132.000132000132
104.88593400001992	132.000132000132
105.33944900007918	132.000132000132
105.79364200006239	132.000132000132
106.24850800004788	182.000182000182
106.48040600004606	182.000182000182
106.80992500006687	182.000182000182
107.13953700009733	182.000182000182
107.46855400002096	182.000182000182
107.79843399999663	182.000182000182
108.12828200007789	130.00013000013
108.22573300008662	130.00013000013
108.6855500000529	130.00013000013
109.14749100001063	130.00013000013
109.60979200003203	130.00013000013
110.06992200005334	130.00013000013
110.53213400009554	130.00013000013
110.99457199999597	130.00013000013
111.45470200001728	130.00013000013
111.91668900009245	130.00013000013
112.37772900005803	72.99998296667064
112.75857300008647	72.99998296667064
113.58089099999052	72.99998296667064
114.40357200009748	196.0002874670883
114.69414400006644	196.0002874670883
114.99995100009255	196.0002874670883
115.30592600000091	196.0002874670883
115.6129020000808	196.0002874670883
115.91817300010007	196.0002874670883
116.22457000007853	196.0002874670883
116.5307610000018	196.0002874670883
116.83616800000891	196.0002874670883
117.14222700009122	196.0002874670883
117.44895300001372	196.0002874670883
117.75496799999382	196.0002874670883
118.06115700001828	93.99998120000376
118.24498700001277	93.99998120000376
118.88213400007226	93.99998120000376
119.52062600001227	93.99998120000376
120.15985900000669	37.0
120.56927100010216	37.0
122.19022600003518	37.0
123.81232300004922	37.0
125.43593000003602	156.9998377668343
125.78734300006181	156.9998377668343
126.17042600002605	21.99999780000022
127.80661200010218	21.99999780000022
130.5342210000381	102.0
130.62786600005347	102.0
131.21612900006585	102.0
131.80581200006418	102.0
132.39260100002866	145.00003625000906
132.66291800001636	145.00003625000906
133.07578600000124	145.00003625000906
133.48975499998778	145.00003625000906
133.9034990000073	145.00003625000906
134.31709300004877	145.00003625000906
134.73205200000666	145.00003625000906
135.1468130000867	145.00003625000906
135.55825400003232	145.00003625000906
135.97399399999995	36.99999136666868
136.1348580000922	36.99999136666868
137.75652699999046	36.99999136666868
139.37863500008825	213.99987160007703
139.57015700009651	213.99987160007703
139.84993300004862	213.99987160007703
140.13077700010035	213.99987160007703
140.41228000004776	213.99987160007703
140.69264500006102	213.99987160007703
140.97257000009995	213.99987160007703
141.2523350000847	213.99987160007703
141.53385600005277	213.99987160007703
141.81459900003392	213.99987160007703
142.09326500003226	147.0000955500621
142.17510400002357	147.0000955500621
142.5832030000165	147.0000955500621
142.9905120000476	147.0000955500621
143.39946400001645	147.0000955500621
143.80769700009841	147.0000955500621
144.2150440000696	26.000003466667128
145.5773320000153	26.000003466667128
147.88608200009912	26.000003466667128
150.19326000008732	216.0
150.29666400002316	216.0
150.5757890000241	216.0
150.8535420000553	216.0
151.12991600006353	216.0
151.4072050000541	216.0
151.68474400008563	216.0
151.96304400009103	216.0
152.24091000005137	216.0
152.5182560000103	216.0
152.79636100004427	216.0
153.0742550001014	216.0
153.352673000074	216.0
153.6298240000615	216.0
153.90723300003447	216.0
154.1848320000572	198.99969486713454
154.20704700006172	198.99969486713454
154.50897100009024	198.99969486713454
154.81062200001907	198.99969486713454
155.1126720000757	198.99969486713454
155.4150330000557	198.99969486713454
155.71598700003233	198.99969486713454
156.0167810000712	196.9996946504733
156.32269000005908	196.9996946504733
156.626511999988	196.9996946504733
156.93094900005963	196.9996946504733
157.23522900009993	196.9996946504733
157.53954000002705	196.9996946504733
157.84591999999247	196.9996946504733
158.1493710000068	196.9996946504733
158.45527600008063	196.9996946504733
158.75788700010162	196.9996946504733
159.0627810000442	196.9996946504733
159.36714700004086	196.9996946504733
159.67311600001995	196.9996946504733
159.97622400010005	154.0
159.99114600010216	154.0
160.3804850000888	154.0
160.76980800007004	154.0
161.15942700009327	154.0
161.54851600003894	154.0
161.93886200000998	154.0
162.32767000002787	71.00003550001774
162.7869200001005	71.00003550001774
163.64088200009428	71.00003550001774
164.47718799998984	71.00003550001774
165.32260800001677	71.00003550001774
166.16687200008892	116.00008506672904
166.597337000072	116.00008506672904
167.11292300000787	116.00008506672904
167.63245999999344	116.00008506672904
168.14607700007036	198.000198000198
168.36314300005324	198.000198000198
168.66528300009668	198.000198000198
168.9686310000252	198.000198000198
169.27138700010255	198.000198000198
169.57429700007197	198.000198000198
169.87810199998785	198.000198000198
170.1813910000492	198.000198000198
170.485396000091	198.000198000198
170.78647799999453	198.000198000198
171.08954200008884	198.000198000198
171.39332700008526	198.000198000198
171.6964680000674	198.000198000198
171.99911500001326	198.000198000198
172.30222300009336	86.00005160003096
172.77628200000618	86.00005160003096
173.47448800003622	86.00005160003096
174.17180400004145	185.000185000185
174.37273400009144	185.000185000185
174.69611800007988	185.000185000185
175.02104500005953	185.000185000185
175.34640500007663	185.000185000185
175.66977800009772	185.000185000185
175.99491100001615	185.000185000185
176.3174430000363	185.000185000185
176.64262300007977	185.000185000185
176.96604100009426	185.000185000185
177.29116500006057	185.000185000185
177.61605800001416	185.000185000185
177.9390780000249	185.000185000185
178.26461000007112	30.99999793333347
179.8544900000561	30.99999793333347
181.78958300000522	104.0
182.22646400006488	104.0
182.80250600003637	104.0
183.3802170000272	104.0
183.95668100006878	104.0
184.5357640000293	218.99968245046045
184.77846100006718	218.99968245046045
185.05183700006455	218.99968245046045
185.3265160000883	218.99968245046045
185.59983900003135	218.99968245046045
185.8738369999919	218.99968245046045
186.14792100002524	196.9996946504733
186.17036500002723	196.9996946504733
186.4761010000948	196.9996946504733
186.77941300009843	196.9996946504733
187.08414799999446	196.9996946504733
187.38889300008304	196.9996946504733
187.69434799999	196.9996946504733
187.99782500008587	196.9996946504733
188.3020409999881	196.9996946504733
188.6068770000711	196.9996946504733
188.9125720000593	196.9996946504733
189.21555100008845	196.9996946504733
189.5208870000206	196.9996946504733
189.82589100010227	196.9996946504733
190.13004200009163	52.0
190.63641300005838	52.0
191.79116200003773	52.0
192.94503200007603	138.9998957500782
193.1858179999981	138.9998957500782
193.61731200001668	138.9998957500782
194.04939000005834	138.9998957500782
194.4810320000397	138.9998957500782
194.91289300005883	138.9998957500782
195.34411800000817	138.9998957500782
195.7756520000985	138.9998957500782
196.20745800004806	138.9998957500782
196.64012300001923	138.9998957500782
197.07173200009856	138.9998957500782
197.5023940000683	138.9998957500782
197.93576800008304	138.9998957500782
198.36597400007304	138.9998957500782
198.79730700002983	138.9998957500782
199.22945199999958	138.9998957500782
199.6614090000512	138.9998957500782
200.09333100006916	138.9998957500782
200.52594700001646	138.9998957500782
200.9558380000526	138.9998957500782
201.3880460000364	138.9998957500782
201.8198010000633	138.9998957500782
202.25124700006563	138.9998957500782
202.68415500002448	138.9998957500782
203.1139330000151	138.9998957500782
203.54577900003642	138.9998957500782
203.97732000006363	138.9998957500782
204.409066000022	138.9998957500782
204.8411850000266	138.9998957500782
205.27353800006676	138.9998957500782
205.70390100008808	138.9998957500782
206.1362070000032	138.9998957500782
206.56719600001816	138.9998957500782
206.99941899999976	138.9998957500782
207.43113600008655	138.9998957500782
207.86290100007318	138.9998957500782
208.29543300007936	138.9998957500782
208.72555100009777	138.9998957500782
209.1575700000394	138.9998957500782
209.58921900007408	138.9998957500782
210.0208880000282	138.9998957500782
210.45350599999074	138.9998957500782
210.88519000005908	138.9998957500782
211.31632000009995	138.9998957500782
211.74725800007582	138.9998957500782
212.178990000044	138.9998957500782
212.61043800006155	138.9998957500782
213.04410000005737	138.9998957500782
213.47523700003512	138.9998957500782
213.90519600000698	138.9998957500782
214.33895000000484	138.9998957500782
214.76912499999162	138.9998957500782
215.200768000097	138.9998957500782
215.63309500005562	138.9998957500782
216.0649820000399	138.9998957500782
216.49503800005186	138.9998957500782
216.92688300006557	138.9998957500782
217.35843500006013	138.9998957500782
217.7917390000075	138.9998957500782
218.22294900007546	138.9998957500782
218.6551300000865	138.9998957500782
219.08641600003466	138.9998957500782
219.51661300007254	138.9998957500782
219.95334300003015	138.9998957500782


6.079331000102684	120.0
6.568426000070758	120.0
7.001059000031091	120.0
7.501683000009507	120.0
8.000831000041217	120.0
8.50136500003282	120.0
9.000773000065237	120.0
9.500869999988936	120.0
10.001631000079215	120.0
10.500722000026144	120.0
11.000843000016175	120.0
11.500632000039332	120.0
12.000574000063352	120.0
12.50106100004632	120.0
13.001577000017278	120.0
13.500715000089258	120.0
14.000481000053696	120.0
14.500688000000082	120.0
15.000732000102289	120.0
15.501704000052996	120.0
16.001593000022694	120.0
16.501489000045694	120.0
17.001673000049777	120.0
17.501390999997966	120.0
18.001523000071757	120.0
18.50113600003533	120.0
19.0016380000161	120.0
19.501108000054955	120.0
20.0010070001008	120.0
20.500529000069946	120.0
21.000903000007384	120.0
21.501262000063434	120.0
22.001891000079922	120.0
22.500583000015467	120.0
23.001668000011705	120.0
23.502087000058964	120.0
24.001195000018924	120.0
24.503902000025846	120.0
25.000819000066258	120.0
25.500487000099383	120.0
26.000558000057936	120.0
26.500876000034623	120.0
27.000686999992467	120.0
27.50196500006132	120.0
28.001400000066496	196.0002874670883
28.246640000026673	196.0002874670883
28.553031000075862	196.0002874670883
28.858712000073865	196.0002874670883
29.16650600009598	196.0002874670883
29.47094000002835	196.0002874670883
29.77641000004951	196.0002874670883
30.083346000057645	198.000198000198
30.383319000015035	198.000198000198
30.68617700005416	198.000198000198
30.989758000010625	198.000198000198
31.29405900009442	198.000198000198
31.5951800000621	198.000198000198
31.898278000066057	198.000198000198
32.202318000025116	198.000198000198
32.505192000069655	198.000198000198
32.8075850000605	198.000198000198
33.11128499999177	198.000198000198
33.4131870000856	198.000198000198
33.71661700005643	198.000198000198
34.02028799999971	154.99990958338608
34.068035000003874	154.99990958338608
34.45639599999413	154.99990958338608
34.8444390000077	154.99990958338608
35.229572999989614	154.99990958338608
35.61648500000592	154.99990958338608
36.0058999999892	136.0
36.025613000034355	136.0
36.46726900001522	136.0
36.90878800000064	136.0
37.34951500000898	136.0
37.79156600008719	136.0
38.233230000012554	136.0
38.673268000013195	136.0
39.116119000012986	136.0
39.55643900006544	136.0
39.99642900004983	46.99999060000188
40.28210800001398	46.99999060000188
41.5588010000065	46.99999060000188
42.834898000000976	126.000126000126
43.16773800004739	126.000126000126
43.64364300004672	126.000126000126
44.11982100002933	126.000126000126
44.59629500005394	126.000126000126
45.073684000060894	126.000126000126
45.54964900005143	126.000126000126
46.025198000017554	73.0
46.152656999998726	73.0
46.974883000017144	73.0
47.7963560000062	73.0
48.618801000062376	145.00003625000906
48.654016000102274	145.00003625000906
49.06654999998864	145.00003625000906
49.48204400006216	145.00003625000906
49.89654900005553	145.00003625000906
50.30821200006176	145.00003625000906
50.72179500001948	145.00003625000906
51.13586700009182	145.00003625000906
51.550694000092335	145.00003625000906
51.963938000029884	182.99991765003705
52.26992300001439	182.99991765003705
52.5964840000961	182.99991765003705
52.92602000001352	182.99991765003705
53.25265700009186	182.99991765003705
53.581334999995306	182.99991765003705
53.908388999989256	157.999931533363
53.91697000002023	157.999931533363
54.2965860000113	157.999931533363
54.67639300005976	157.999931533363
55.05569400009699	157.999931533363
55.43606700003147	157.999931533363
55.8165690000169	157.999931533363
56.1952600000659	157.999931533363
56.57546100008767	157.999931533363
56.95455000002403	157.999931533363
57.33542500005569	157.999931533363
57.71608500008006	157.999931533363
58.09391699999105	116.00008506672904
58.17984900006559	116.00008506672904
58.696296000038274	116.00008506672904
59.214961000019684	116.00008506672904
59.73190900008194	116.00008506672904
60.24877400009427	203.99975520029375
60.377031000098214	203.99975520029375
60.668949000071734	203.99975520029375
60.962553000077605	203.99975520029375
61.257228000089526	203.99975520029375
61.551230999990366	203.99975520029375
61.84513999999035	203.99975520029375
62.13990900001954	203.99975520029375
62.43372900004033	203.99975520029375
62.72756000002846	203.99975520029375
63.02131400001235	203.99975520029375
63.31555600010324	203.99975520029375
63.61089700006414	203.99975520029375
63.90574200008996	38.000008866668736
64.08129800006282	38.000008866668736
65.66025900002569	38.000008866668736
67.23914700001478	159.0
67.32398300000932	159.0
67.69959199998993	159.0
68.07690300000831	159.0
68.45480900001712	159.0
68.8316970000742	159.0
69.20963500009384	159.0
69.58658800006378	159.0
69.96400999999605	69.99998833333528
70.08596200007014	69.99998833333528
70.9432810000144	69.99998833333528
71.80047300003935	69.99998833333528
72.65775700006634	96.99995311668933
73.05683500005398	96.99995311668933
73.67473900003824	96.99995311668933
74.29366600001231	96.99995311668933
74.91398499999195	96.99995311668933
75.53513800003566	96.99995311668933
76.14901000005193	21.0
77.15764099999797	21.0
80.0162250000285	150.0
80.17379999998957	150.0
80.57253800006583	150.0
80.97249100008048	150.0
81.37432699999772	150.0
81.77251999999862	150.0
82.17399300006218	117.99990166674861
82.25365500000771	117.99990166674861
82.76312200003304	117.99990166674861
83.27042600000277	117.99990166674861
83.77918400010094	117.99990166674861
84.28734800009988	100.0
84.36315300001297	100.0
84.96344800002407	100.0
85.5633370000869	100.0
86.16203400003724	100.0
86.76348700001836	100.0
87.36238700000104	100.0
87.96300200000405	177.00002655000398
88.26447600009851	177.00002655000398
88.60337500006426	177.00002655000398
88.94259800005239	177.00002655000398
89.28059300000314	177.00002655000398
89.62086000002455	177.00002655000398
89.9591810000129	210.00021000021
90.2333890000591	210.00021000021
90.51723800005857	210.00021000021
90.80447600001935	210.00021000021
91.08874999999534	210.00021000021
91.37484699999914	210.00021000021
91.66046100005042	210.00021000021
91.94611800007988	210.00021000021
92.23263199999928	210.00021000021
92.51774000003934	210.00021000021
92.80437300004996	210.00021000021
93.08906900009606	210.00021000021
93.37575700005982	210.00021000021
93.6603040000191	210.00021000021
93.94581500010099	22.999996933333744
94.50057200004812	22.999996933333744
97.1096339999931	88.0
97.56516500003636	88.0
98.24670900008641	88.0
98.9286350000184	88.0
99.61024000006728	88.0
100.2924490000587	60.0
100.48578500002623	60.0
101.48496500006877	60.0
102.48488700005691	132.000132000132
102.61227600008715	132.000132000132
103.06611800007522	132.000132000132
103.52043800009415	132.000132000132
103.97492700000294	132.000132000132
104.43086900003254	132.000132000132
104.88549900008366	132.000132000132
105.33969900000375	132.000132000132
105.79343200009316	132.000132000132
106.24806600005832	182.0
106.48061900003813	182.0
106.80949900008272	182.0
107.13975500001106	182.0
107.46833800000604	182.0
107.79817500000354	182.0
108.12829400005285	130.00013000013
108.22524900001008	130.00013000013
108.68533800006844	130.00013000013
109.14754600008018	130.00013000013
109.60940300009679	130.00013000013
110.07015400007367	130.00013000013
110.53218600002583	130.00013000013
110.99420200008899	130.00013000013
111.45469800010324	130.00013000013
111.91668900009245	130.00013000013
112.37796200008597	72.99998296667064
112.75859600002877	72.99998296667064
113.58089099999052	72.99998296667064
114.40357200009748	196.0002874670883
114.69454500009306	196.0002874670883
114.99995100009255	196.0002874670883
115.30593700008467	196.0002874670883
115.61314200004563	196.0002874670883
115.91837000008672	196.0002874670883
116.22457000007853	196.0002874670883
116.53114300000016	196.0002874670883
116.83659100008663	196.0002874670883
117.142804000061	196.0002874670883
117.44871100003365	196.0002874670883
117.75470300007146	196.0002874670883
118.06117000000086	93.99998120000376
118.24498700001277	93.99998120000376
118.88217900006566	93.99998120000376
119.52081000001635	93.99998120000376
120.1594070000574	36.99999136666868
120.56897700007539	36.99999136666868
122.1902059999993	36.99999136666868
123.8121070000343	36.99999136666868
125.43451700010337	156.9998377668343
125.78710900002625	156.9998377668343
126.17023200006224	22.0
127.80852800002322	22.0
130.53393800009508	102.0000510000255
130.62790399999358	102.0000510000255
131.2158000000054	102.0000510000255
131.80580299999565	102.0000510000255
132.39207500009798	145.00003625000906
132.66335400007665	145.00003625000906
133.0755970000755	145.00003625000906
133.48975499998778	145.00003625000906
133.9030700000003	145.00003625000906
134.31731900002342	145.00003625000906
134.73228300001938	145.00003625000906
135.14653100003488	145.00003625000906
135.55803600000218	145.00003625000906
135.97424500004854	37.0
136.1348580000922	37.0
137.75697300001048	37.0
139.37881400005426	213.99987160007703
139.5699410000816	213.99987160007703
139.85015100007877	213.99987160007703
140.13033900002483	213.99987160007703
140.4119059999939	213.99987160007703
140.6924580000341	213.99987160007703
140.97257000009995	213.99987160007703
141.2521280000219	213.99987160007703
141.53365400002804	213.99987160007703
141.81473600002937	213.99987160007703
142.093067000038	213.99987160007703
142.37327400001232	147.0000955500621
142.58321599999908	147.0000955500621
142.99089900008403	147.0000955500621
143.39986500004306	147.0000955500621
143.80721600004472	147.0000955500621
144.21539700007997	26.000003466667128
145.57754100009333	26.000003466667128
147.88560800009873	26.000003466667128
150.192882000003	215.99982720013824
150.29666400002316	215.99982720013824
150.57534000009764	215.99982720013824
150.85289099998772	215.99982720013824
151.129906999995	215.99982720013824
151.40727600001264	215.99982720013824
151.68474400008563	215.99982720013824
151.9627830000827	215.99982720013824
152.24027900001965	215.99982720013824
152.5182560000103	215.99982720013824
152.79613600007724	215.99982720013824
153.0740109999897	215.99982720013824
153.35283500002697	215.99982720013824
153.63012400001753	215.99982720013824
153.907450000057	215.99982720013824
154.18505100009497	198.99969486713454
154.20727300003637	198.99969486713454
154.50875500007533	198.99969486713454
154.8110830000369	198.99969486713454
155.11248500004876	198.99969486713454
155.4148690000875	198.99969486713454
155.71632800006773	198.99969486713454
156.01642700005323	197.0
156.32251600001473	197.0
156.62630900007207	197.0
156.9307620000327	197.0
157.23567500000354	197.0
157.53959000005852	197.0
157.84594700008165	197.0
158.14917700004298	197.0
158.45506200008094	197.0
158.7580860001035	197.0
159.06258400005754	197.0
159.3669490000466	197.0
159.67333800008055	197.0
159.97605600010138	154.000154000154
159.99082400009502	154.000154000154
160.38049700006377	154.000154000154
160.76970599999186	154.000154000154
161.15923500002827	154.000154000154
161.54830800008494	154.000154000154
161.938908000011	154.000154000154
162.32767000002787	71.00003550001774
162.78668400004972	71.00003550001774
163.63225900009274	71.00003550001774
164.47738100006245	71.00003550001774
165.32285900006536	71.00003550001774
166.16665500006638	116.0
166.59744300006423	116.0
167.11294500005897	116.0
167.63183200010099	116.0
168.14589600008912	198.000198000198
168.36297200003173	198.000198000198
168.66544200002681	198.000198000198
168.96907700004522	198.000198000198
169.2711840000702	198.000198000198
169.57462100009434	198.000198000198
169.87787000008393	198.000198000198
170.18116600008216	198.000198000198
170.48517100000754	198.000198000198
170.78625600005034	198.000198000198
171.08935900009237	198.000198000198
171.39332700008526	198.000198000198
171.69622200005688	198.000198000198
171.9988660000963	198.000198000198
172.30222300009336	86.00005160003096
172.7767200000817	86.00005160003096
173.47435800009407	86.00005160003096
174.1718150000088	185.000185000185
174.37292300001718	185.000185000185
174.69650300010107	185.000185000185
175.0206730000209	185.000185000185
175.34638500004075	185.000185000185
175.66906900005415	185.000185000185
175.9950850000605	185.000185000185
176.31771199998911	185.000185000185
176.6429230000358	185.000185000185
176.96630700002424	185.000185000185
177.29116500006057	185.000185000185
177.61605800001416	185.000185000185
177.9391010000836	185.000185000185
178.26489600003697	30.99999793333347
179.85437200008892	30.99999793333347
181.78985300008208	104.00001386666851
182.22642500000075	104.00001386666851
182.80251800001133	104.00001386666851
183.37985200004186	104.00001386666851
183.95790200005285	104.00001386666851
184.53541800007224	218.99968245046045
184.77918700000737	218.99968245046045
185.0520400000969	218.99968245046045
185.3263450000668	218.99968245046045
185.60005600005388	218.99968245046045
185.87419000000227	218.99968245046045
186.14773900003638	197.0
186.1702140000416	197.0
186.47593399998732	197.0
186.7790860000532	197.0
187.08396200009156	197.0
187.38907900010236	197.0
187.6941260000458	197.0
187.9980440000072	197.0
188.30236199998762	197.0
188.60686699999496	197.0
188.9125270000659	197.0
189.21599699999206	197.0
189.52063300006557	197.0
189.8256860000547	197.0
190.12983400002122	52.000006933334255
190.63664100004826	52.000006933334255
191.79134100000374	52.000006933334255
192.94470900006127	138.9998957500782
193.1857650000602	138.9998957500782
193.61774800007697	138.9998957500782
194.04960100003518	138.9998957500782
194.4812699999893	138.9998957500782
194.91308900003787	138.9998957500782
195.3441060000332	138.9998957500782
195.77596800005995	138.9998957500782
196.2076390000293	138.9998957500782
196.64030100009404	138.9998957500782
197.07155900006182	138.9998957500782
197.5022300001001	138.9998957500782
197.9360250000609	138.9998957500782
198.3657110000495	138.9998957500782
198.79747800005134	138.9998957500782
199.2296300000744	138.9998957500782
199.66167699999642	138.9998957500782
200.09315500000957	138.9998957500782
200.52571900002658	138.9998957500782
200.9554140000837	138.9998957500782
201.3878310000291	138.9998957500782
201.81964300002437	138.9998957500782
202.25091400009114	138.9998957500782
202.6840170000214	138.9998957500782
203.1137100000633	138.9998957500782
203.54537100007292	138.9998957500782
203.97712900000624	138.9998957500782
204.40876000002027	138.9998957500782
204.84137400006875	138.9998957500782
205.27330900006928	138.9998957500782
205.70370700000785	138.9998957500782
206.13598200003617	138.9998957500782
206.566962000099	138.9998957500782
206.9996060000267	138.9998957500782
207.4309399999911	138.9998957500782
207.8631320000859	138.9998957500782
208.2950730000157	138.9998957500782
208.72576500009745	138.9998957500782
209.15732900006697	138.9998957500782
209.58896600001026	138.9998957500782
210.02024800004438	138.9998957500782
210.45370700000785	138.9998957500782
210.88498100009747	138.9998957500782
211.31614100001752	138.9998957500782
211.747080000001	138.9998957500782
212.17858900001738	138.9998957500782
212.6106420001015	138.9998957500782
213.04339900007471	138.9998957500782
213.47503100009635	138.9998957500782
213.90519600000698	138.9998957500782
214.33883900009096	138.9998957500782
214.76931800006423	138.9998957500782
215.20135800004937	138.9998957500782
215.6332570000086	138.9998957500782
216.06519200000912	138.9998957500782
216.4952410000842	138.9998957500782
216.9265810000943	138.9998957500782
217.35826600005385	138.9998957500782
217.79151300003286	138.9998957500782
218.2231740000425	138.9998957500782
218.65468800009694	138.9998957500782
219.08675400004722	138.9998957500782
219.51683000009507	138.9998957500782
219.94842300005257	138.9998957500782


8.101448000059463	120.0
8.594572000089101	120.0
9.000410000095144	120.0
9.501110000070184	120.0
10.00054000003729	120.0
10.500591000076383	120.0
11.001241000019945	120.0
11.500609999988228	120.0
12.001159000094049	120.0
12.500846000039019	120.0
13.001739000086673	120.0
13.501059000031091	120.0
14.000604000058956	120.0
14.500707000028342	120.0
15.000480000046082	120.0
15.501260000048205	120.0
16.001371000078507	120.0
16.501700000022538	120.0
17.001235000090674	120.0
17.501619999995455	120.0
18.001787000102922	120.0
18.501342000090517	120.0
19.00145199999679	120.0
19.50131700001657	120.0
20.00078600004781	120.0
20.500319000100717	120.0
21.000648000044748	120.0
21.501468000002205	120.0
22.002083000028506	120.0
22.500583000015467	120.0
23.001193000003695	120.0
23.501841000048444	120.0
24.001052000094205	120.0
24.501817000098526	120.0
25.00118200003635	120.0
25.500343000050634	120.0
26.00076100009028	120.0
26.500958000076935	120.0
27.00043400004506	120.0
27.50179900007788	120.0
28.001400000066496	196.0002874670883
28.246640000026673	196.0002874670883
28.552842000033706	196.0002874670883
28.858546000090428	196.0002874670883
29.166308999992907	196.0002874670883
29.471171000041068	196.0002874670883
29.776583000086248	196.0002874670883
30.08402800001204	198.000198000198
30.38311799999792	198.000198000198
30.686434000032023	198.000198000198
30.98997200001031	198.000198000198
31.29380800004583	198.000198000198
31.595017999992706	198.000198000198
31.898634000099264	198.000198000198
32.20173299999442	198.000198000198
32.505402000038885	198.000198000198
32.80731200007722	198.000198000198
33.111689000041224	198.000198000198
33.413698000018485	198.000198000198
33.71638600004371	198.000198000198
34.02049300004728	155.0
34.06827400007751	155.0
34.456187000032514	155.0
34.844195000012405	155.0
35.2297790000448	155.0
35.616697999997996	155.0
36.00602000008803	136.0001450668214
36.0258310000645	136.0001450668214
36.46701700007543	136.0001450668214
36.9085770000238	136.0001450668214
37.35018000006676	136.0001450668214
37.791342000011355	136.0001450668214
38.23345800000243	136.0001450668214
38.673458000062965	136.0001450668214
39.11632999998983	136.0001450668214
39.556084000039846	136.0001450668214
39.99677100009285	46.99999060000188
40.28287500003353	46.99999060000188
41.55880900006741	46.99999060000188
42.83513400005177	126.000126000126
43.16753700003028	126.000126000126
43.64389900001697	126.000126000126
44.12002200004645	126.000126000126
44.59611600008793	126.000126000126
45.0735060001025	126.000126000126
45.54927499999758	126.000126000126
46.025548000005074	72.99998296667064
46.15246300003491	72.99998296667064
46.974683000007644	72.99998296667064
47.79618800000753	72.99998296667064
48.61853100010194	145.00003625000906
48.65381799999159	145.00003625000906
49.066923000034876	145.00003625000906
49.48181500006467	145.00003625000906
49.89679900009651	145.00003625000906
50.30840300000273	145.00003625000906
50.72205500002019	145.00003625000906
51.1362290000543	145.00003625000906
51.550523000070825	145.00003625000906
51.96346400002949	182.99991765003705
52.2697090000147	182.99991765003705
52.59679500001948	182.99991765003705
52.92578300007153	182.99991765003705
53.25287000008393	182.99991765003705
53.5815710000461	182.99991765003705
53.908583000069484	158.0
53.91732100001536	158.0
54.296943000052124	158.0
54.67659500008449	158.0
55.0561699999962	158.0
55.435595000046305	158.0
55.81676200008951	158.0
56.19544100004714	158.0
56.575889000087045	158.0
56.954993000021204	158.0
57.33542500005569	158.0
57.715981999994256	158.0
58.093739000032656	116.00008506672904
58.17984900006559	116.00008506672904
58.69618500000797	116.00008506672904
59.214534000027925	116.00008506672904
59.73190900008194	116.00008506672904
60.24875500006601	203.99975520029375
60.37696700007655	203.99975520029375
60.668949000071734	203.99975520029375
60.962553000077605	203.99975520029375
61.25740500004031	203.99975520029375
61.55129500001203	203.99975520029375
61.84490000002552	203.99975520029375
62.13970300008077	203.99975520029375
62.43338300008327	203.99975520029375
62.72729700000491	203.99975520029375
63.021784999989904	203.99975520029375
63.31577200000174	203.99975520029375
63.61116200010292	203.99975520029375
63.90597200009506	38.0
64.0815560000483	38.0
65.66056500002742	38.0
67.23895200004335	159.0002067002687
67.3237819999922	159.0002067002687
67.7001520000631	159.0002067002687
68.07690300000831	159.0002067002687
68.45480900001712	159.0002067002687
68.83210800006054	159.0002067002687
69.21000900003128	159.0002067002687
69.58643500006292	159.0002067002687
69.96396800002549	69.99998833333528
70.08644300000742	69.99998833333528
70.94349500001408	69.99998833333528
71.80080600001384	69.99998833333528
72.65774000005331	96.99995311668933
73.05697800009511	96.99995311668933
73.67459900001995	96.99995311668933
74.2948510000715	96.99995311668933
74.91396400006488	96.99995311668933
75.53435000008903	96.99995311668933
76.149223000044	20.99999895000005
77.15770600002725	20.99999895000005
80.01529500004835	150.0
80.17359600006603	150.0
80.57253800006583	150.0
80.97249100008048	150.0
81.37400000006892	150.0
81.77300899999682	150.0
82.17430400010198	117.99990166674861
82.25365500000771	117.99990166674861
82.76312200003304	117.99990166674861
83.27066400006879	117.99990166674861
83.77918400010094	117.99990166674861
84.28776400000788	100.0
84.36339700000826	100.0
84.96322400006466	100.0
85.5635520000942	100.0
86.16196000005584	100.0
86.76327400002629	100.0
87.36238700000104	100.0
87.96306199999526	100.0
88.5618620000314	177.00002655000398
88.60339599999133	177.00002655000398
88.9426440000534	177.00002655000398
89.2806040000869	177.00002655000398
89.62065100006294	177.00002655000398
89.95916700002272	210.00021000021
90.23360000003595	210.00021000021
90.517611999996	210.00021000021
90.80472100002225	210.00021000021
91.08854400005657	210.00021000021
91.37443600001279	210.00021000021
91.66065800003707	210.00021000021
91.94558200007305	210.00021000021
92.23243700002786	210.00021000021
92.51749600004405	210.00021000021
92.80460400006268	210.00021000021
93.08883800008334	210.00021000021
93.37550800002646	210.00021000021
93.66011400008574	210.00021000021
93.94624399999157	23.0
94.50035800004844	23.0
97.1092560000252	88.00002346667293
97.56535600009374	88.00002346667293
98.2471310000401	88.00002346667293
98.92839900008403	88.00002346667293
99.61047300009523	88.00002346667293
100.29224500001874	60.0
100.48535100009758	60.0
101.4852050000336	60.0
102.48513500008266	132.000132000132
102.61201500007883	132.000132000132
103.06589600001462	132.000132000132
103.52072200004477	132.000132000132
103.97525100002531	132.000132000132
104.43041800009087	132.000132000132
104.8862290000543	132.000132000132
105.33943799999543	132.000132000132
105.79385400004685	132.000132000132
106.24830400000792	182.000182000182
106.48018100007903	182.000182000182
106.80972400004975	182.000182000182
107.13930100004654	182.000182000182
107.46833800000604	182.000182000182
107.79817500000354	182.000182000182
108.12803300004452	130.00013000013
108.22524900001008	130.00013000013
108.68533800006844	130.00013000013
109.14729900006205	130.00013000013
109.60992499999702	130.00013000013
110.06992200005334	130.00013000013
110.53194800007623	130.00013000013
110.99442200001795	130.00013000013
111.45495799998753	130.00013000013
111.91647200006992	130.00013000013
112.37772900005803	72.99998296667064
112.75833099999	72.99998296667064
113.58109900006093	72.99998296667064
114.40376400004607	196.0
114.69416800001636	196.0
115.00039699999616	196.0
115.30613100004848	196.0
115.61339600000065	196.0
115.91794800001662	196.0
116.22477700002491	196.0
116.53099200001452	196.0
116.83616800000891	196.0
117.14222700009122	196.0
117.44897100003436	196.0
117.75521199998911	196.0
118.0614840000635	93.99998120000376
118.24470800010022	93.99998120000376
118.88190999999642	93.99998120000376
119.5205769999884	93.99998120000376
120.15964700002223	36.99999136666868
120.56846099998802	36.99999136666868
122.19035100005567	36.99999136666868
123.81232300004922	36.99999136666868
125.43472200003453	157.0
125.78768400009722	157.0
126.17002000007778	21.99999780000022
127.80686000001151	21.99999780000022
130.53393800009508	102.0000510000255
130.627683000057	102.0000510000255
131.2158000000054	102.0000510000255
131.80615800002124	102.0000510000255
132.3928850000957	145.00003625000906
132.66315700009	145.00003625000906
133.07594900007825	145.00003625000906
133.49010200006887	145.00003625000906
133.90383700001985	145.00003625000906
134.31736600003205	145.00003625000906
134.73318400001153	145.00003625000906
135.14654200000223	145.00003625000906
135.55803600000218	145.00003625000906
135.97398400004022	36.99999136666868
136.1350800000364	36.99999136666868
137.75655000004917	36.99999136666868
139.37903800001368	213.99987160007703
139.57028400001582	213.99987160007703
139.84993300004862	213.99987160007703
140.13057800009847	213.99987160007703
140.41211100004148	213.99987160007703
140.6921929999953	213.99987160007703
140.9727960000746	213.99987160007703
141.2518980000168	213.99987160007703
141.53385600005277	213.99987160007703
141.81439600000158	213.99987160007703
142.09343000000808	147.0000955500621
142.17510400002357	147.0000955500621
142.58370900002774	147.0000955500621
142.9905790000921	147.0000955500621
143.39946400001645	147.0000955500621
143.80721600004472	147.0000955500621
144.21502300002612	26.0
145.57708800002	26.0
147.88560800009873	26.0
150.19291900005192	215.99982720013824
150.29642800008878	215.99982720013824
150.57534000009764	215.99982720013824
150.85381200001575	215.99982720013824
151.1297060000943	215.99982720013824
151.40763400006108	215.99982720013824
151.6852750000544	215.99982720013824
151.96279300004244	215.99982720013824
152.2406820000615	215.99982720013824
152.51845100009814	215.99982720013824
152.79613600007724	215.99982720013824
153.07396499998868	215.99982720013824
153.35242500004824	215.99982720013824
153.62961100006942	215.99982720013824
153.90698500000872	215.99982720013824
154.18458500003908	199.0
154.20678900007624	199.0
154.50875500007533	199.0
154.81082700006664	199.0
155.11270000005607	199.0
155.4146920000203	199.0
155.71616599999834	199.0
156.0166190000018	196.9996946504733
156.32284300005995	196.9996946504733
156.62607600004412	196.9996946504733
156.93057900003623	196.9996946504733
157.23586800007615	196.9996946504733
157.53984300000593	196.9996946504733
157.84614500007592	196.9996946504733
158.14917700004298	196.9996946504733
158.45524600008503	196.9996946504733
158.75855600007344	196.9996946504733
159.06296100001782	196.9996946504733
159.36733600008301	196.9996946504733
159.67311600001995	196.9996946504733
159.97626400005538	154.000154000154
159.99098900007084	154.000154000154
160.38092100003269	154.000154000154
160.7698790000286	154.000154000154
161.15942700009327	154.000154000154
161.54809400008526	154.000154000154
161.93867400009185	154.000154000154
162.32786300010048	71.00003550001774
162.7864300000947	71.00003550001774
163.63180700002704	71.00003550001774
164.47696400003042	71.00003550001774
165.32303500000853	71.00003550001774
166.16664300009143	116.00008506672904
166.5969899999909	116.00008506672904
167.11327199998777	116.00008506672904
167.6326850000769	116.00008506672904
168.14589600008912	198.000198000198
168.36301800003275	198.000198000198
168.6651070000371	198.000198000198
168.9686310000252	198.000198000198
169.27161699999124	198.000198000198
169.57462100009434	198.000198000198
169.87884900008794	198.000198000198
170.18116600008216	198.000198000198
170.48517100000754	198.000198000198
170.78625600005034	198.000198000198
171.0893480000086	198.000198000198
171.39363200007938	198.000198000198
171.69622200005688	198.000198000198
171.9988660000963	198.000198000198
172.30240799998865	86.00005160003096
172.77628200000618	86.00005160003096
173.47431499999948	86.00005160003096
174.17156400007661	185.0
174.37293800001498	185.0
174.69634000002407	185.0
175.02058700006455	185.0
175.34619900002144	185.0
175.66992100002244	185.0
175.99490100005642	185.0
176.3174740000395	185.0
176.64315000001807	185.0
176.96604100009426	185.0
177.29141500010155	185.0
177.61624200001825	185.0
177.93933600001037	185.0
178.26516000006814	30.99999793333347
179.85458000004292	30.99999793333347
181.78958300000522	104.00001386666851
182.22660300007556	104.00001386666851
182.80286799999885	104.00001386666851
183.3804920000257	104.00001386666851
183.95629800006282	219.0
184.23102599999402	219.0
184.5036090000067	219.0
184.77878300007433	219.0
185.05160900007468	219.0
185.3264260001015	219.0
185.6000350000104	219.0
185.87384700006805	219.0
186.14797400007956	196.9996946504733
186.1702660000883	196.9996946504733
186.47615100000985	196.9996946504733
186.7790860000532	196.9996946504733
187.0837370000081	196.9996946504733
187.38925800006837	196.9996946504733
187.6941550000338	196.9996946504733
187.99763400002848	196.9996946504733
188.3022420000052	196.9996946504733
188.60664100002032	196.9996946504733
188.91236900002696	196.9996946504733
189.21577600005548	196.9996946504733
189.52101500006393	196.9996946504733
189.8256860000547	196.9996946504733
190.13004200009163	52.000006933334255
190.6366300000809	52.000006933334255
191.79116200003773	52.000006933334255
192.94470900006127	138.9998957500782
193.18557500001043	138.9998957500782
193.61753100005444	138.9998957500782
194.0491490000859	138.9998957500782
194.4812399999937	138.9998957500782
194.91305900004227	138.9998957500782
195.34477399999741	138.9998957500782
195.77581400005147	138.9998957500782
196.20727700006682	138.9998957500782
196.6399270000402	138.9998957500782
197.07188500009943	138.9998957500782
197.50254600006156	138.9998957500782
197.93620400002692	138.9998957500782
198.3659789999947	138.9998957500782
198.79765000008047	138.9998957500782
199.22976800007746	138.9998957500782
199.6614090000512	138.9998957500782
200.0935049999971	138.9998957500782
200.52615500008687	138.9998957500782
200.9556520000333	138.9998957500782
201.3882000000449	138.9998957500782
201.81946100003552	138.9998957500782
202.25109600008	138.9998957500782
202.68425500008743	138.9998957500782
203.1139330000151	138.9998957500782
203.54559100000188	138.9998957500782
203.97733600006904	138.9998957500782
204.40890800009947	138.9998957500782
204.84163200005423	138.9998957500782
205.2734890000429	138.9998957500782
205.70390100008808	138.9998957500782
206.1362070000032	138.9998957500782
206.56739099998958	138.9998957500782
206.9996060000267	138.9998957500782
207.43111600005068	138.9998957500782
207.8631030000979	138.9998957500782
208.29578799998853	138.9998957500782
208.72532100009266	138.9998957500782
209.15732900006697	138.9998957500782
209.58896600001026	138.9998957500782
210.0210430000443	138.9998957500782
210.45360100001562	138.9998957500782
210.8852200000547	138.9998957500782
211.3163829999976	138.9998957500782
211.747080000001	138.9998957500782
212.17880300001707	138.9998957500782
212.61013600009028	138.9998957500782
213.0431920000119	138.9998957500782
213.47523700003512	138.9998957500782
213.905405000085	138.9998957500782
214.33830400009174	138.9998957500782
214.76896200003102	138.9998957500782
215.2008110000752	138.9998957500782
215.633123000036	138.9998957500782
216.06511000008322	138.9998957500782
216.49521200009622	138.9998957500782
216.92660900007468	138.9998957500782
217.35851100005675	138.9998957500782
217.79129700001795	138.9998957500782
218.22294900007546	138.9998957500782
218.65499599999748	138.9998957500782
219.0865890000714	138.9998957500782
219.51703200000338	138.9998957500782
219.95001600007527	138.9998957500782