0.009605000028386712	120.0
0.5006600000197068	120.0
1.001105000032112	120.0
1.502534000086598	120.0
2.0005830000154674	120.0
2.500627000001259	120.0
3.0044070000294596	120.0
3.5045570000074804	120.0
4.000226000091061	120.0
4.50027499999851	120.0
5.001023999997415	120.0
5.501453000004403	120.0
6.0014809999847785	120.0
6.500556000042707	120.0
7.002104000071995	120.0
7.501402000081725	120.0
8.007668000063859	120.0
8.501179000013508	120.0
9.001144000096247	120.0
9.501226000022143	120.0
10.000731999985874	120.0
10.500405000057071	120.0
11.000887000001967	120.0
11.500942000071518	120.0
12.000318000093102	120.0
12.50194400001783	120.0
13.000498000066727	120.0
13.500679000047967	120.0
14.001209000009112	120.0
14.500304999994114	120.0
15.001266000093892	120.0
15.500279000028968	120.0
16.002298000035807	120.0
16.500717999995686	120.0
17.00113600003533	120.0
17.50246700004209	120.0
18.000374000053853	120.0
18.502691000001505	120.0
19.00143200007733	120.0
19.50252000009641	120.0
20.00037800008431	120.0
20.500299000064842	120.0
21.000737000023946	120.0
21.500341000035405	120.0
22.00192400009837	120.0
22.501456000027247	120.0
23.000622000079602	120.0
23.50076100009028	120.0
24.00062700000126	120.0
24.500662000034936	120.0
25.001685000024736	120.0
25.50080300006084	120.0
26.000633000046946	120.0
26.5127789999824	120.0
27.000953000038862	120.0
27.501795000047423	120.0
28.000809999997728	120.0
28.501730000018142	120.0
29.00224300008267	120.0
29.50087500002701	120.0
30.000679000047967	120.0
30.50200900004711	72.00002880001152
30.878000000026077	72.00002880001152
31.71405200008303	72.00002880001152
32.5452219999861	178.99974940035085
32.85216100001708	178.99974940035085
33.1878110000398	178.99974940035085
33.52440400002524	178.99974940035085
33.857981000095606	178.99974940035085
34.19376799999736	178.99974940035085
34.52857900003437	178.99974940035085
34.87048899999354	178.99974940035085
35.19856200006325	178.99974940035085
35.53446700004861	178.99974940035085
35.869411000050604	178.99974940035085
36.20456500002183	178.99974940035085
36.53938199998811	40.0
37.07816000003368	40.0
38.578123999992386	40.0
40.07870900002308	167.99993280002687
40.250001000007614	167.99993280002687
40.62259899999481	167.99993280002687
40.96346600004472	167.99993280002687
41.319424999994226	167.99993280002687
41.67638200009242	167.99993280002687
42.03304700006265	167.99993280002687
42.39027900004294	167.99993280002687
42.747403000015765	109.99990833340972
43.16098400007468	109.99990833340972
43.70727400004398	129.0
44.13740600005258	129.0
44.601984000066295	129.0
45.06787200004328	129.0
45.532766000018455	129.0
45.997383999987505	129.0
46.470037000020966	129.0
46.92837400001008	129.0
47.39420199999586	129.0
47.85807100008242	129.0
48.32326400000602	129.0
48.78821400005836	129.0
49.25347100000363	89.00004005001803
49.82380200002808	89.00004005001803
50.49804500001483	89.00004005001803
51.17185100005008	38.99998830000351
52.6359330000123	38.99998830000351
54.1740240000654	171.0
54.38277900009416	171.0
54.73511500004679	171.0
55.0847889999859	171.0
55.435187000082806	171.0
55.78631400002632	171.0
56.136959000024945	171.0
56.48799900000449	171.0
56.840047000092454	34.99999416666764
58.18662100005895	34.99999416666764
59.90105800004676	34.99999416666764
61.615915000089444	112.00005973336519
62.152297000051476	112.00005973336519
62.686203000019304	131.00007641671124
63.053190000006	131.00007641671124
63.51113100000657	131.00007641671124
63.9694610000588	131.00007641671124
64.42852499999572	131.00007641671124
64.88507100008428	131.00007641671124
65.34315199998673	131.00007641671124
65.80121100007091	131.00007641671124
66.26001000008546	131.00007641671124
66.71735100005753	186.9997756002693
66.84358300000895	186.9997756002693
67.16408300003968	186.9997756002693
67.48540700005833	186.9997756002693
67.80577800003812	200.0
68.09220600000117	200.0
68.39203900005668	200.0
68.69038500008173	200.0
68.99130700004753	200.0
69.29055000003427	200.0
69.59082899999339	200.0
69.88983600004576	200.0
70.18992000003345	200.0
70.4899120000191	200.0
70.78991100005805	200.0
71.08992599998601	200.0
71.3899059999967	200.0
71.68995800008997	143.000143000143
71.72905000008177	143.000143000143
72.14864100003615	143.000143000143
72.5689850000199	143.000143000143
72.98848599998746	143.000143000143
73.40740800008643	143.000143000143
73.82763700000942	106.0
73.91569500009064	106.0
74.4817589999875	106.0
75.04823399998713	106.0
75.61378300003707	106.0
76.17999900004361	106.0
76.74654299998656	106.0
77.31205900001805	106.0
77.87904900009744	116.00008506672904
78.37180299998727	116.00008506672904
78.88720500003546	116.00008506672904
79.40489800006617	116.00008506672904
79.92170900001656	113.00009605008164
79.9322300000349	113.00009605008164
80.46140900009777	113.00009605008164
80.99387500004377	113.00009605008164
81.52312500006519	113.00009605008164
82.05467800004408	113.00009605008164
82.58493300003465	113.00009605008164
83.11639099998865	113.00009605008164
83.64727499999572	80.0
83.67159700009506	80.0
84.4217199999839	80.0
85.17071600002237	80.0
85.92068000009749	140.99997180000565
86.20444800006226	140.99997180000565
86.62968500005081	140.99997180000565
87.05541800009087	140.99997180000565
87.48333100008313	140.99997180000565
87.9061610000208	140.99997180000565
88.33239800005686	140.99997180000565
88.75799499999266	140.99997180000565
89.18330700008664	140.99997180000565
89.60902700002771	140.99997180000565
90.03423400002066	45.000011250002814
90.97237100009806	45.000011250002814
92.30573000002187	165.99990040005977
92.51069000002462	165.99990040005977
92.87278199999128	165.99990040005977
93.2338930000551	165.99990040005977
93.59537800005637	165.99990040005977
93.95782100001816	165.99990040005977
94.31828900007531	165.99990040005977
94.67965300008655	165.99990040005977
95.04102300002705	165.99990040005977
95.40248900000006	165.99990040005977
95.76420500001404	120.0
95.82989500008989	120.0
96.32873000006657	120.0
96.82916900003329	120.0
97.32883800007403	120.0
97.83026800001971	201.0003115504829
98.0349339999957	201.0003115504829
98.33294600003865	201.0003115504829
98.63159300002735	201.0003115504829
98.93164600001182	201.0003115504829
99.23067700001411	201.0003115504829
99.52723500004504	201.0003115504829
99.82636700000148	201.0003115504829
100.12438300007489	201.0003115504829
100.42264200001955	201.0003115504829
100.72168700001203	201.0003115504829
101.02178100007586	201.0003115504829
101.31938000000082	201.0003115504829
101.61802200006787	42.99999498333392
101.68171700008679	42.99999498333392
103.0774790000869	42.99999498333392
104.47197600000072	105.0
104.5289740000153	105.0
105.1011100000469	105.0
105.67319500003941	105.0
106.24327000009362	105.0
106.8151460000081	105.0
107.38647500006482	105.0
107.95898900006432	105.0
108.52898699999787	105.0
109.10015200008638	33.99999773333349
109.41206200001761	33.99999773333349
111.17631300003268	69.99998833333528
111.48380300006829	69.99998833333528
112.34060200001113	69.99998833333528
113.19769400008954	69.99998833333528
114.05457500007469	160.0
114.17896799999289	160.0
114.55482100008521	160.0
114.9272040000651	160.0
115.3028190000914	160.0
115.67789600009564	160.0
116.05231100006495	160.0
116.42783900001086	160.0
116.80220300005749	122.99996925000768
117.007411000086	122.99996925000768
117.49503500002902	122.99996925000768
117.98383799998555	122.99996925000768
118.47110800002702	122.99996925000768
118.95929700008128	122.99996925000768
119.44665200007148	122.99996925000768
119.93454600009136	122.99996925000768
120.42179900000338	122.99996925000768
120.90960800007451	69.00001725000432
121.50654000008944	69.00001725000432
122.3762679999927	69.00001725000432
123.24630600004457	190.0002850004275
123.4968499999959	190.0002850004275
123.81286000006367	190.0002850004275
124.12890800007153	190.0002850004275
124.44528099999297	190.0002850004275
124.7621030000737	190.0002850004275
125.0758710000664	190.0002850004275
125.40082099998835	190.0002850004275
125.70805900008418	190.0002850004275
126.02587900008075	190.0002850004275
126.3408739999868	190.0002850004275
126.65483700006735	190.0002850004275
126.97233800007962	192.0
127.27570900006685	192.0
127.58716800005641	192.0
127.89966600004118	192.0
128.21220700000413	192.0
128.52515100000892	192.0
128.83734100009315	192.0
129.14967000007164	192.0
129.4641240000492	198.000198000198
129.72816599998623	198.000198000198
130.02978500002064	198.000198000198
130.33313100005034	198.000198000198
130.6377920000814	198.000198000198
130.93910499999765	198.000198000198
131.24195200006943	198.000198000198
131.54491500009317	198.000198000198
131.84869900008198	198.000198000198
132.15128600003663	198.000198000198
132.45462500001304	198.000198000198
132.7581310000969	132.000132000132
133.03677400003653	132.000132000132
133.4916240000166	132.000132000132
133.94717500009574	130.0
133.9496480000671	130.0
134.41243300004862	130.0
134.87387800007127	130.0
135.33502800005954	130.0
135.7963340000715	130.0
136.25748800009023	130.0
136.71925600001123	130.0
137.18321699998342	130.0
137.64230599999428	130.0
138.10412100004032	130.0
138.565583000076	130.0
139.02754200005438	130.0
139.4881610000739	87.00002175000543
140.11474300001282	87.00002175000543
140.80448900000192	194.00021986691584
141.0976050000172	194.00021986691584
141.4068430000916	194.00021986691584
141.7199800000526	194.00021986691584
142.02555900008883	194.00021986691584
142.33540600002743	194.00021986691584
142.64333500002977	194.00021986691584
142.95374800008722	194.00021986691584
143.26216700009536	194.00021986691584
143.57332700002007	194.00021986691584
143.88513900002	144.0
143.9359800000675	144.0
144.35112300002947	144.0
144.7724589999998	144.0
145.18466900009662	144.0
145.60048600006849	144.0
146.0185680000577	144.0
146.43431700009387	144.0
146.85191900003701	159.0002067002687
147.16892199998256	159.0002067002687
147.54625700006727	159.0002067002687
147.9227190000238	159.0002067002687
148.30064300005324	159.0002067002687
148.67815799999516	159.0002067002687
149.0554570000386	159.0002067002687
149.4320590000134	159.0002067002687
149.81025700003374	159.0002067002687
150.1883900000248	159.0002067002687
150.56427600001916	159.0002067002687
150.9417010000907	36.99999136666868
151.4030630000634	36.99999136666868
153.0238070000196	156.000156000156
153.20384000008926	156.000156000156
153.59029399999417	156.000156000156
153.97365200007334	156.000156000156
154.35803900007159	156.000156000156
154.74194700003136	156.000156000156
155.12728400004562	156.000156000156
155.51263200002722	156.000156000156
155.89588900003582	171.00009405005173
156.23325300007127	171.00009405005173
156.5846480000764	171.00009405005173
156.9350160000613	171.00009405005173
157.28562600002624	171.00009405005173
157.63695200008806	171.00009405005173
157.98738700000104	78.9999657666815
158.25872700009495	78.9999657666815
159.016929000034	78.9999657666815
159.77759900002275	78.9999657666815
160.53577300009783	78.9999657666815
161.29616800008807	78.9999657666815
162.055680999998	113.99995440001824
162.5106800000649	113.99995440001824
163.03424900001846	113.99995440001824
163.56122000003234	113.99995440001824
164.08708800002933	199.0
164.27474400005303	199.0
164.57624600001145	199.0
164.88393700006418	199.0
165.17858400009573	199.0
165.47921900008805	199.0
165.78333400003612	199.0
166.08411599998362	199.0
166.38399500004016	199.0
166.6853790000314	199.0
166.9872350000078	199.0
167.28963800007477	199.0
167.5908810000401	199.0
167.89150200004224	173.99979120025057
167.899459999986	173.99979120025057
168.24407400004566	173.99979120025057
168.59062300005462	173.99979120025057
168.93382600008044	173.99979120025057
169.27851800003555	173.99979120025057
169.6237170000095	173.99979120025057
169.96874000004027	50.99998215000625
170.33189200004563	50.99998215000625
171.5082650000695	50.99998215000625
172.68417400005274	50.99998215000625
173.88013100007083	50.99998215000625
175.036424000049	31.0
175.7714799999958	31.0
177.7072020000778	88.00002346667293
177.8542150000576	88.00002346667293
178.5362390000373	88.00002346667293
179.21840500005055	88.00002346667293
179.90040799998678	26.000003466667128
180.03912299999502	26.000003466667128
182.34660600009374	75.99996960001216
182.80014900001697	75.99996960001216
183.58959700004198	75.99996960001216
184.37918500008527	75.99996960001216
185.16881599999033	75.99996960001216
185.95813799998723	130.00013000013
186.3715899999952	130.00013000013
186.83165400009602	130.00013000013
187.29262399999425	130.00013000013
187.75420000008307	130.00013000013
188.21658700006083	177.00002655000398
188.4624410000397	177.00002655000398
188.79372200008947	177.00002655000398
189.133227000013	177.00002655000398
189.4718260000227	177.00002655000398
189.81093700008933	177.00002655000398
190.15111600002274	177.00002655000398
190.4897270000074	177.00002655000398
190.83088000002317	177.00002655000398
191.16764700005297	177.00002655000398
191.50533399998676	177.00002655000398
191.84428499999922	177.00002655000398
192.18331400002353	177.00002655000398
192.5242890000809	177.00002655000398
192.86159500002395	30.0
193.40145900007337	30.0
195.40078800008632	100.0
195.51221800001804	100.0
196.11248400004115	100.0
196.71392000000924	100.0
197.3126710000215	100.0
197.91467500000726	100.0
198.51233000005595	100.0
199.1141250000801	100.0
199.7121220000554	100.0
200.31215700006578	100.0
200.91229900007602	100.0
201.5122970000375	100.0
202.11416900006589	100.0
202.71283099998254	100.0
203.31228900002316	100.0
203.9126320000505	100.0
204.5124749999959	100.0
205.11388200009242	100.0
205.71245300001465	100.0
206.31310900009703	100.0
206.91241900005843	100.0
207.51243600004818	100.0
208.11227799998596	100.0
208.71251800004393	100.0
209.3127070000628	100.0
209.91254799999297	100.0
210.5128750000149	100.0
211.11273900000378	100.0
211.71330699999817	100.0
212.31283800001256	100.0
212.9122830000706	100.0
213.51258099998813	100.0
214.1124730000738	100.0
214.7128270000685	100.0
215.31230200000573	100.0
215.91235900006723	100.0
216.5124370000558	100.0
217.11243400000967	100.0
217.7124270000495	100.0


2.0067269999999553	120.0
2.500758000067435	120.0
3.0043290000176057	120.0
3.5045270000118762	120.0
4.000234000035562	120.0
4.50048400007654	120.0
5.0007110000588	120.0
5.501065000076778	120.0
6.001649999991059	120.0
6.500326000037603	120.0
7.002374000032432	120.0
7.5016160000814125	120.0
8.001617000089027	120.0
8.500338000012562	120.0
9.000819000066258	120.0
9.501647000084631	120.0
10.00056700001005	120.0
10.500775000080466	120.0
11.00035200000275	120.0
11.50056100008078	120.0
12.000610999995843	120.0
12.502230999991298	120.0
13.00085300009232	120.0
13.500278000021353	120.0
14.001506000058725	120.0
14.500532999983989	120.0
15.001067000092007	120.0
15.500510000041686	120.0
16.00192400009837	120.0
16.500972000067122	120.0
17.00332400004845	120.0
17.50213999999687	120.0
18.0007110000588	120.0
18.50287800002843	120.0
19.00096900004428	120.0
19.502811999991536	120.0
20.00061900005676	120.0
20.500481000053696	120.0
21.001197000034153	120.0
21.500555000035092	120.0
22.002413999987766	120.0
22.501781000057235	120.0
23.001159999985248	120.0
23.50359199999366	120.0
24.000915000098757	120.0
24.50083600007929	120.0
25.002035000012256	120.0
25.50037300004624	120.0
26.000355000025593	120.0
26.513763000024483	120.0
27.000804000068456	120.0
27.501419999985956	120.0
28.00065500009805	120.0
28.50124000001233	120.0
29.00144200003706	120.0
29.500445000012405	120.0
30.000495000043884	120.0
30.501558999996632	120.0
31.00202800007537	72.00002880001152
31.713484000065364	72.00002880001152
32.544733999995515	178.99974940035085
32.852327000000514	178.99974940035085
33.18758900009561	178.99974940035085
33.524588000029325	178.99974940035085
33.85766400001012	178.99974940035085
34.1932220000308	178.99974940035085
34.52904000005219	178.99974940035085
34.867988000041805	178.99974940035085
35.19949400005862	178.99974940035085
35.53388400003314	178.99974940035085
35.86891800002195	178.99974940035085
36.204356000060216	178.99974940035085
36.53976000007242	40.0
37.07833899999969	40.0
38.57840200001374	168.0
38.81995200004894	168.0
39.17626600002404	168.0
39.53318600007333	168.0
39.892854000092484	168.0
40.25053299998399	168.0
40.61001100006979	168.0
40.961644000024535	168.0
41.31920300005004	168.0
41.676594000076875	168.0
42.03323400008958	168.0
42.390491000027396	168.0
42.74811500008218	109.99990833340972
43.16067400004249	109.99990833340972
43.70762100000866	129.00007740004645
44.13761800003704	129.00007740004645
44.60240400000475	129.00007740004645
45.067571000079624	129.00007740004645
45.53573000000324	129.00007740004645
45.99786300002597	129.00007740004645
46.47054600005504	129.00007740004645
46.92886300000828	129.00007740004645
47.39453400007915	129.00007740004645
47.85871500009671	129.00007740004645
48.32348800008185	89.0
48.475580000085756	89.0
49.15017999999691	89.0
49.82397999998648	89.0
50.498391000088304	89.0
51.172037000069395	38.99998830000351
52.63559200009331	38.99998830000351
54.17375700001139	171.00009405005173
54.38245899998583	171.00009405005173
54.73356600000989	171.00009405005173
55.084275000030175	171.00009405005173
55.43539400002919	171.00009405005173
55.78599100001156	171.00009405005173
56.13732500001788	171.00009405005173
56.48775100009516	171.00009405005173
56.839826000039466	34.99999416666764
58.1868990000803	34.99999416666764
59.90080200007651	34.99999416666764
61.615896000061184	112.00005973336519
62.1525510000065	112.00005973336519
62.68669600004796	131.00007641671124
63.05343700002413	131.00007641671124
63.51109899999574	131.00007641671124
63.96909600007348	131.00007641671124
64.42843900003936	131.00007641671124
64.88579000008758	131.00007641671124
65.34357500006445	131.00007641671124
65.80789400008507	131.00007641671124
66.25976300006732	131.00007641671124
66.7173700000858	186.9997756002693
66.8435949999839	186.9997756002693
67.16412500001024	186.9997756002693
67.48572300001979	186.9997756002693
67.80592700000852	200.0
68.09211700002197	200.0
68.39213300007395	200.0
68.68997499998659	200.0
68.99107900005765	200.0
69.29036099999212	200.0
69.59060200001113	200.0
69.89127600006759	200.0
70.19013600004837	200.0
70.48993700009305	200.0
70.78991100005805	200.0
71.08992599998601	200.0
71.39009400003124	200.0
71.69021400006022	143.000143000143
71.72922500001732	143.000143000143
72.14867200003937	143.000143000143
72.569319000002	143.000143000143
72.98853000008967	143.000143000143
73.40739700000267	143.000143000143
73.82763700000942	105.99995053335641
73.9156630000798	105.99995053335641
74.48174700001255	105.99995053335641
75.04823399998713	105.99995053335641
75.6139930000063	105.99995053335641
76.18039700004738	105.99995053335641
76.74615800008178	105.99995053335641
77.31246799998917	105.99995053335641
77.87924799998291	116.0
78.37154000008013	116.0
78.88694900006521	116.0
79.40451100002974	116.0
79.92151700006798	113.00009605008164
79.93186500004958	113.00009605008164
80.46140900009777	113.00009605008164
80.99412300006952	113.00009605008164
81.52343400008976	113.00009605008164
82.0541010000743	113.00009605008164
82.5851290000137	113.00009605008164
83.11742300004698	113.00009605008164
83.64701600000262	80.0
83.6711930000456	80.0
84.4221930000931	80.0
85.17098900000565	80.0
85.92093700007536	140.99997180000565
86.20418600004632	140.99997180000565
86.62994600005914	140.99997180000565
87.05518200004008	140.99997180000565
87.48278399999253	140.99997180000565
87.9064050000161	140.99997180000565
88.33223500009626	140.99997180000565
88.75764299998991	140.99997180000565
89.18284700007644	140.99997180000565
89.60963800002355	140.99997180000565
90.034244999988	45.000011250002814
90.9724040000001	45.000011250002814
92.30596500006504	165.99990040005977
92.51097300008405	165.99990040005977
92.87250000005588	165.99990040005977
93.23359800002072	165.99990040005977
93.59510500007309	165.99990040005977
93.95758899999782	165.99990040005977
94.31825000001118	165.99990040005977
94.67942300008144	165.99990040005977
95.04098699998576	165.99990040005977
95.40268200007267	165.99990040005977
95.76368199998979	120.0
95.82967200002167	120.0
96.32874100003392	120.0
96.8290440000128	120.0
97.3286589999916	120.0
97.83009400009178	201.0
98.03468700009398	201.0
98.33292700001039	201.0
98.63159300002735	201.0
98.93172700004652	201.0
99.23018399998546	201.0
99.52743000001647	201.0
99.82603500003461	201.0
100.12470600008965	201.0
100.42298899998423	201.0
100.72127600002568	201.0
101.02199100004509	201.0
101.31925900001079	201.0
101.61782200005837	42.99999498333392
101.68154500005767	42.99999498333392
103.07707700005267	42.99999498333392
104.4719299999997	104.99992125005906
104.52915399998892	104.99992125005906
105.10012300009839	104.99992125005906
105.67359000002034	104.99992125005906
106.24350600002799	104.99992125005906
106.81542600004468	104.99992125005906
107.38665300002322	104.99992125005906
107.95882900001016	104.99992125005906
108.52875300007872	34.0
109.411749000079	34.0
111.17662899999414	69.99998833333528
111.48388000007253	69.99998833333528
112.34032800002024	69.99998833333528
113.19820099999197	69.99998833333528
114.05425200005993	160.0
114.17842200002633	160.0
114.55351300002076	160.0
114.92816800007131	160.0
115.3092530000722	160.0
115.6787010000553	160.0
116.05264300003182	160.0
116.42841100005899	160.0
116.80240500008222	122.99996925000768
117.00764200009871	122.99996925000768
117.4957150000846	122.99996925000768
117.98452100006398	122.99996925000768
118.47164700005669	122.99996925000768
118.9597889999859	122.99996925000768
119.44761500007007	122.99996925000768
119.93421500001568	122.99996925000768
120.42227300000377	122.99996925000768
120.90983100002632	69.00001725000432
121.50725500006229	69.00001725000432
122.37723400001414	69.00001725000432
123.24676600005478	190.0002850004275
123.497909000027	190.0002850004275
123.81371700007003	190.0002850004275
124.12938900000881	190.0002850004275
124.44630399998277	190.0002850004275
124.76278400002047	190.0002850004275
125.07661600003485	190.0002850004275
125.4030849999981	190.0002850004275
125.7085809999844	190.0002850004275
126.02757000003476	190.0002850004275
126.34131500008516	190.0002850004275
126.65552400005981	190.0002850004275
126.9727079999866	192.0
127.27607900009025	192.0
127.58799300005194	192.0
127.89984500000719	192.0
128.21260900003836	198.0
128.5147640000796	198.0
128.81769799999893	198.0
129.12198900000658	198.0
129.42480500007514	198.0
129.72847800003365	198.0
130.03049600007944	198.0
130.3338770000264	198.0
130.63712000008672	198.0
130.9395240000449	198.0
131.24213900009636	198.0
131.54549100005534	198.0
131.84909800009336	198.0
132.1518170000054	198.0
132.45487800007686	198.0
132.7583820000291	132.000132000132
133.03728100005537	132.000132000132
133.49182100000326	132.000132000132
133.9476030000951	130.00013000013
133.9500630000839	130.00013000013
134.4118899999885	130.00013000013
134.8740809999872	130.00013000013
135.33456800004933	130.00013000013
135.79727000009734	130.00013000013
136.2580420000013	130.00013000013
136.71908599999733	130.00013000013
137.1824900000356	130.00013000013
137.64192000008188	130.00013000013
138.10372100002132	130.00013000013
138.56520700000692	87.0
138.7348570000613	87.0
139.4246380000841	87.0
140.11490500008222	87.0
140.8042410000926	194.00021986691584
141.09739500004798	194.00021986691584
141.40653000003658	194.00021986691584
141.71556899999268	194.00021986691584
142.02518300001975	194.00021986691584
142.3347889999859	194.00021986691584
142.64375400007702	194.00021986691584
142.9534950000234	194.00021986691584
143.26184900000226	194.00021986691584
143.57315599999856	194.00021986691584
143.88148300000466	143.99988480009216
143.93569499999285	143.99988480009216
144.3506420000922	143.99988480009216
144.76906800002325	143.99988480009216
145.18373100005556	143.99988480009216
145.6003010000568	143.99988480009216
146.01775400002953	143.99988480009216
146.43455200002063	143.99988480009216
146.85214400000405	159.0002067002687
147.1691310000606	159.0002067002687
147.54599500005133	159.0002067002687
147.92336000001524	159.0002067002687
148.3000980000943	159.0002067002687
148.6787610000465	159.0002067002687
149.05574900005013	159.0002067002687
149.43279600003734	159.0002067002687
149.81241500005126	159.0002067002687
150.18905700009782	159.0002067002687
150.56503300007898	159.0002067002687
150.94416600000113	36.99999136666868
151.40253399999347	36.99999136666868
153.02359700005036	156.000156000156
153.2042590000201	156.000156000156
153.5907700000098	156.000156000156
153.97320200002287	156.000156000156
154.35775600001216	156.000156000156
154.74283000000287	156.000156000156
155.1269490000559	156.000156000156
155.5131270000711	156.000156000156
155.89607600006275	171.00009405005173
156.233634000062	171.00009405005173
156.58488700003363	171.00009405005173
156.93479600001592	171.00009405005173
157.28586100006942	171.00009405005173
157.63649100007024	171.00009405005173
157.9878720000852	79.0
158.2581900000805	79.0
159.01669000007678	79.0
159.77740700007416	79.0
160.53621400007978	79.0
161.29572200006805	79.0
162.05492000002414	113.99995440001824
162.5111920000054	113.99995440001824
163.03450100007467	113.99995440001824
163.56199700001162	113.99995440001824
164.0867670000298	198.99969486713454
164.27412200008985	198.99969486713454
164.57499900006223	198.99969486713454
164.8767480000388	198.99969486713454
165.17895800003316	198.99969486713454
165.47921900008805	198.99969486713454
165.78192300000228	198.99969486713454
166.08371999999508	198.99969486713454
166.3845760000404	198.99969486713454
166.6853879999835	198.99969486713454
166.98725500004366	198.99969486713454
167.29050600004848	198.99969486713454
167.59200599999167	198.99969486713454
167.89170800009742	174.0
167.89969300001394	174.0
168.24401200003922	174.0
168.58961999998428	174.0
168.9337040000828	174.0
169.27843100007158	174.0
169.623459000024	174.0
169.9683940000832	50.99998215000625
170.3314000000246	50.99998215000625
171.50877900002524	50.99998215000625
172.68383600004017	50.99998215000625
173.88051200006157	50.99998215000625
175.0364600000903	30.99999793333347
175.77176100004	30.99999793333347
177.70727200002875	88.00002346667293
177.85449900000822	88.00002346667293
178.5362590000732	88.00002346667293
179.21821100008674	88.00002346667293
179.9000600000145	26.000003466667128
180.03914700006135	26.000003466667128
182.34668300009798	75.99996960001216
182.80014900001697	75.99996960001216
183.5893540000543	75.99996960001216
184.3789940000279	75.99996960001216
185.16857800004072	75.99996960001216
185.95799700007774	130.00013000013
186.37109100003727	130.00013000013
186.83105700009037	130.00013000013
187.29262399999425	130.00013000013
187.75420000008307	130.00013000013
188.21657400007825	177.0
188.4617080000462	177.0
188.7935980000766	177.0
189.1326350000454	177.0
189.47165100008715	177.0
189.81058400007896	177.0
190.15109699999448	177.0
190.4897790000541	177.0
190.82820099999662	177.0
191.16784600005485	177.0
191.50554899999406	177.0
191.8443060000427	177.0
192.1836159999948	177.0
192.52355000004172	177.0
192.86185400001705	30.0
193.40123600000516	30.0
195.4010160000762	100.0
195.51262000005227	100.0
196.1123110000044	100.0
196.71247300005052	100.0
197.31225200009067	100.0
197.91392600000836	100.0
198.5120730000781	100.0
199.1136810000753	100.0
199.71213300002273	100.0
200.31210800004192	100.0
200.91271400009282	100.0
201.51261800003704	100.0
202.11405400000513	100.0
202.71296400006395	100.0
203.31282500003	100.0
203.91227199998684	100.0
204.51221100008115	100.0
205.11410100001376	100.0
205.71249000006355	100.0
206.31286900001578	100.0
206.91221300000325	100.0
207.51259500009473	100.0
208.11228900006972	100.0
208.71215899998788	100.0
209.31257700000424	100.0
209.9121640000958	100.0
210.51258400001097	100.0
211.11234300001524	100.0
211.7126420000568	100.0
212.31256200000644	100.0
212.91276000009384	100.0
213.51224700000603	100.0
214.11210100003518	100.0
214.7122930000769	100.0
215.31247900007293	100.0
215.9129430000903	100.0
216.5121849999996	100.0
217.11212000006344	100.0
217.7122480000835	100.0


4.0136420000344515	120.0
4.50027499999851	120.0
5.000726000056602	120.0
5.501115999999456	120.0
6.001472000032663	120.0
6.500337000004947	120.0
7.002137000090443	120.0
7.501433000084944	120.0
8.000318999984302	120.0
8.500245000002906	120.0
9.001276000053622	120.0
9.501282999990508	120.0
10.000594999990426	120.0
10.500448000035249	120.0
11.000589000061154	120.0
11.50049200002104	120.0
12.000648000044748	120.0
12.502243000082672	120.0
13.00085300009232	120.0
13.500225000083447	120.0
14.001199000049382	120.0
14.500315000070259	120.0
15.00083400006406	120.0
15.50062499998603	120.0
16.002172000007704	120.0
16.500717999995686	120.0
17.000505000003614	120.0
17.50197300000582	120.0
18.000640999991447	120.0
18.50287800002843	120.0
19.00053200009279	120.0
19.502737000002526	120.0
20.000637000077404	120.0
20.500502999988385	120.0
21.000934000010602	120.0
21.500491000013426	120.0
22.00206900003832	120.0
22.50154800002929	120.0
23.0008079999825	120.0
23.500421000062488	120.0
24.000364000094123	120.0
24.500546000082977	120.0
25.000360000063665	120.0
25.500421000062488	120.0
26.000364000094123	120.0
26.50034999998752	120.0
27.002746000071056	120.0
27.5014380000066	120.0
28.000370000023395	120.0
28.501576000009663	120.0
29.00188800005708	120.0
29.500445000012405	120.0
30.000468000071123	72.0
30.045327000087127	72.0
30.878229000023566	72.0
31.71382900001481	72.0
32.54503999999724	178.99974940035085
32.85233000002336	178.99974940035085
33.18772500008345	178.99974940035085
33.52321900008246	178.99974940035085
33.85788600007072	178.99974940035085
34.19345400005113	178.99974940035085
34.52876700006891	178.99974940035085
34.86538400000427	178.99974940035085
35.19915000000037	178.99974940035085
35.53419700008817	178.99974940035085
35.86920600000303	178.99974940035085
36.204491000040434	178.99974940035085
36.539288000087254	40.0
37.07823099999223	40.0
38.578381000086665	167.99993280002687
38.82002600003034	167.99993280002687
39.17719499999657	167.99993280002687
39.533154000062495	167.99993280002687
39.89166399999522	167.99993280002687
40.24884800007567	167.99993280002687
40.610143000027165	167.99993280002687
40.9620860000141	167.99993280002687
41.31940200005192	167.99993280002687
41.67639200005215	167.99993280002687
42.033067999989726	167.99993280002687
42.39024900004733	167.99993280002687
42.7476270000916	109.99990833340972
43.16097500000615	109.99990833340972
43.72021100006532	129.00007740004645
44.13744800002314	129.00007740004645
44.60197399999015	129.00007740004645
45.06704700004775	129.00007740004645
45.53249200002756	129.00007740004645
45.99763700005133	129.00007740004645
46.46386000001803	129.00007740004645
46.92865800007712	129.00007740004645
47.39392200007569	129.00007740004645
47.85818700003438	129.00007740004645
48.32326400000602	129.00007740004645
48.78818300005514	89.00004005001803
49.1499049999984	89.00004005001803
49.82389500003774	89.00004005001803
50.49828699999489	39.0
51.096727000083774	39.0
52.63587700005155	39.0
54.174281000043266	171.00009405005173
54.382628999999724	171.00009405005173
54.73375500005204	171.00009405005173
55.084519000025466	171.00009405005173
55.43557199998759	171.00009405005173
55.786853000056	171.00009405005173
56.13751700008288	171.00009405005173
56.488021000055596	171.00009405005173
56.840018999995664	34.99999416666764
58.18662100005895	34.99999416666764
59.90102900005877	34.99999416666764
61.6160970000783	112.0
62.15233100007754	112.0
62.686220000032336	131.00007641671124
63.053715000045486	131.00007641671124
63.51148800004739	131.00007641671124
63.96928600000683	131.00007641671124
64.42864100006409	131.00007641671124
64.88677199999802	131.00007641671124
65.3433420000365	131.00007641671124
65.80148200003896	131.00007641671124
66.26027100009378	131.00007641671124
66.71764300006907	186.9997756002693
66.84425500000361	186.9997756002693
67.16481700004078	186.9997756002693
67.48592500004452	186.9997756002693
67.80796400003601	200.0
68.09229100006633	200.0
68.39238000009209	200.0
68.69023900001775	200.0
68.99132600007579	200.0
69.29062500002328	200.0
69.59096000005957	200.0
69.89255500002764	200.0
70.19029300007969	200.0
70.4903860000195	200.0
70.79026700009126	200.0
71.09037400002126	200.0
71.39025200007018	200.0
71.69043900002725	143.000143000143
71.72938200004864	143.000143000143
72.14912600000389	143.000143000143
72.56966500007547	143.000143000143
72.98896099999547	143.000143000143
73.4078140000347	143.000143000143
73.82812100008596	105.99995053335641
73.91618900001049	105.99995053335641
74.48225300002377	105.99995053335641
75.04879700008314	105.99995053335641
75.61418700008653	105.99995053335641
76.18023300007917	105.99995053335641
76.74636300001293	105.99995053335641
77.31210199999623	105.99995053335641
77.87905600003432	116.00008506672904
78.371976000024	116.00008506672904
78.88745400006883	116.00008506672904
79.40477300004568	116.00008506672904
79.92188700009137	113.0
79.93209500005469	113.0
80.46162800001912	113.0
80.99430400005076	113.0
81.5233630000148	113.0
82.05441500002053	113.0
82.58493300003465	113.0
83.1169500000542	113.0
83.64747000008356	80.0
83.67112900002394	80.0
84.42232400004286	80.0
85.17086399998516	80.0
85.92089000006672	140.99997180000565
86.20469799998682	140.99997180000565
86.63025100005325	140.99997180000565
87.05518200004008	140.99997180000565
87.48312099999748	140.99997180000565
87.90634800004773	140.99997180000565
88.33229500008747	140.99997180000565
88.75782300007995	140.99997180000565
89.18288600002415	140.99997180000565
89.60900200007018	45.0
89.63965800008737	45.0
90.9726260000607	45.0
92.3056880000513	165.99990040005977
92.51117100007832	165.99990040005977
92.87291100004222	165.99990040005977
93.23383000004105	165.99990040005977
93.59491099999286	165.99990040005977
93.95779100002255	165.99990040005977
94.31798600009643	165.99990040005977
94.67975300003309	165.99990040005977
95.04113100003451	165.99990040005977
95.40251500008162	165.99990040005977
95.76391199999489	120.0
95.83013900008518	120.0
96.32852199999616	120.0
96.8290140000172	120.0
97.3286589999916	120.0
97.83044000004884	201.0003115504829
98.03462100005709	201.0003115504829
98.33322999998927	201.0003115504829
98.6319900000235	201.0003115504829
98.9314739999827	201.0003115504829
99.23019600007683	201.0003115504829
99.5269500000868	201.0003115504829
99.8266430000076	201.0003115504829
100.1248580000829	201.0003115504829
100.42290800006595	201.0003115504829
100.72180800000206	201.0003115504829
101.02187799999956	201.0003115504829
101.31921800004784	201.0003115504829
101.61758499999996	42.99999498333392
101.68108400003985	42.99999498333392
103.07726500008721	42.99999498333392
104.47172400006093	104.99992125005906
104.52879300003406	104.99992125005906
105.1026820000261	104.99992125005906
105.67340400000103	104.99992125005906
106.24383100005798	104.99992125005906
106.81569200009108	104.99992125005906
107.3862819999922	104.99992125005906
107.9585659999866	104.99992125005906
108.52921300008893	104.99992125005906
109.10032000008505	33.99999773333349
109.41193500009831	33.99999773333349
111.17593400005717	70.0
111.48341900005471	70.0
112.34035200008657	70.0
113.19795400009025	70.0
114.05478800006676	160.0
114.17929700005334	160.0
114.55384000006597	160.0
114.92746600008104	160.0
115.3057620000327	160.0
115.68006300006527	160.0
116.05335500009824	160.0
116.42900600004941	160.0
116.80256300000474	122.99996925000768
117.00790000008419	122.99996925000768
117.49543100001756	122.99996925000768
117.98437100008596	122.99996925000768
118.47192100004759	122.99996925000768
118.9604779999936	122.99996925000768
119.44784300005995	122.99996925000768
119.93588200001977	122.99996925000768
120.42251699999906	69.0
120.63750800001435	69.0
121.50696900009643	69.0
122.3766830000095	69.0
123.24698400008492	190.0002850004275
123.4971239999868	190.0002850004275
123.81341699999757	190.0002850004275
124.12914600002114	190.0002850004275
124.44607400009409	190.0002850004275
124.7623110000277	190.0002850004275
125.07614400004968	190.0002850004275
125.40280200005509	190.0002850004275
125.70841900003143	190.0002850004275
126.02625600004103	190.0002850004275
126.34112200001255	190.0002850004275
126.65519299998414	190.0002850004275
126.97310300008394	192.0
127.27529900008813	192.0
127.58833500009496	192.0
127.90029900008813	192.0
128.21289700001944	192.0
128.5253939999966	192.0
128.83810500008985	198.000198000198
129.12172799999826	198.000198000198
129.42462100007106	198.000198000198
129.72793100005947	198.000198000198
130.03008300007787	198.000198000198
130.33345200004987	198.000198000198
130.63740500004496	198.000198000198
130.93933200009633	198.000198000198
131.242365000071	198.000198000198
131.54525600001216	198.000198000198
131.8493010000093	198.000198000198
132.1521640000865	198.000198000198
132.45538100006524	198.000198000198
132.7586490000831	198.000198000198
133.0623590000905	132.000132000132
133.49141300003976	132.000132000132
133.94664199999534	130.00013000013
133.94984600006137	130.00013000013
134.41224299999885	130.00013000013
134.87424600007944	130.00013000013
135.33428599999752	130.00013000013
135.79586000007112	130.00013000013
136.25726199999917	130.00013000013
136.7188760000281	130.00013000013
137.18281999998726	130.00013000013
137.6421450000489	130.00013000013
138.1039190000156	130.00013000013
138.5653980000643	130.00013000013
139.0273280000547	87.00002175000543
139.42504500003997	87.00002175000543
140.1145630000392	87.00002175000543
140.80406200001016	194.0
141.09784300008323	194.0
141.40668900008313	194.0
141.7161560000386	194.0
142.02540600008797	194.0
142.3350110000465	194.0
142.64397400000598	194.0
142.95454400009476	194.0
143.26263400004245	194.0
143.5729140000185	194.0
143.8825669999933	143.99988480009216
143.93965399998706	143.99988480009216
144.3513550000498	143.99988480009216
144.7764329999918	143.99988480009216
145.18483700009529	143.99988480009216
145.60079200007021	143.99988480009216
146.01877700001933	143.99988480009216
146.43470800004434	143.99988480009216
146.8516730000265	159.0002067002687
147.16858100006357	159.0002067002687
147.54581799998414	159.0002067002687
147.923579000053	159.0002067002687
148.30087300005835	159.0002067002687
148.67860800004564	159.0002067002687
149.0552870000247	159.0002067002687
149.43231400009245	159.0002067002687
149.80943000002299	159.0002067002687
150.18806100008078	159.0002067002687
150.56488000007812	159.0002067002687
150.94234400009736	37.0
151.40282700001262	37.0
153.02337200008333	156.000156000156
153.20405300008133	156.000156000156
153.58996600005776	156.000156000156
153.97295399999712	156.000156000156
154.35731099999975	156.000156000156
154.74299200007226	156.000156000156
155.1274380000541	156.000156000156
155.51366500009317	156.000156000156
155.89838100003544	171.00009405005173
156.23454199999105	171.00009405005173
156.58532800001558	171.00009405005173
156.93567200005054	171.00009405005173
157.28654500003904	171.00009405005173
157.63712199998554	171.00009405005173
157.98841700004414	78.9999657666815
158.25793299998622	78.9999657666815
159.01708700007293	78.9999657666815
159.7770759999985	78.9999657666815
160.53655299998354	78.9999657666815
161.2967120000394	78.9999657666815
162.05639400007203	113.99995440001824
162.51177300000563	113.99995440001824
163.03424900001846	113.99995440001824
163.56106099998578	113.99995440001824
164.08729200006928	198.99969486713454
164.27389499999117	198.99969486713454
164.57551900006365	198.99969486713454
164.87772300001234	198.99969486713454
165.17858400009573	198.99969486713454
165.479468000005	198.99969486713454
165.7839999999851	198.99969486713454
166.0834690000629	198.99969486713454
166.3843239999842	198.99969486713454
166.68521200004034	198.99969486713454
166.98702400003094	198.99969486713454
167.28943400003482	198.99969486713454
167.59092200000305	198.99969486713454
167.89148099999875	173.99979120025057
167.899459999986	173.99979120025057
168.2442840000149	173.99979120025057
168.59393400000408	173.99979120025057
168.93339900008868	173.99979120025057
169.278226000024	173.99979120025057
169.62328400008846	173.99979120025057
169.96865400008392	51.0
170.33158800005913	51.0
171.5082650000695	51.0
172.68424199998844	51.0
173.88020800007507	51.0
175.03668400004972	30.99999793333347
175.7713170000352	30.99999793333347
177.7070910000475	88.00002346667293
177.85398300003726	88.00002346667293
178.5364390000468	88.00002346667293
179.21819799998775	88.00002346667293
179.89981800003443	26.0
180.03889500000514	26.0
182.3469360000454	75.99996960001216
182.79993900004774	75.99996960001216
183.58980800001882	75.99996960001216
184.37879700004123	75.99996960001216
185.16858699999284	75.99996960001216
185.95771800004877	130.00013000013
186.37107500003185	130.00013000013
186.83102799998596	130.00013000013
187.29239300009795	130.00013000013
187.7540100000333	130.00013000013
188.21681200002786	177.00002655000398
188.47260600002483	177.00002655000398
188.79408900009003	177.00002655000398
189.13349800009746	177.00002655000398
189.47206400008872	177.00002655000398
189.81076800008304	177.00002655000398
190.15170799999032	177.00002655000398
190.4899260000093	177.00002655000398
190.83220000006258	177.00002655000398
191.1681540000718	177.00002655000398
191.5057009999873	177.00002655000398
191.84462600003462	177.00002655000398
192.18375100009143	177.00002655000398
192.52366100007202	177.00002655000398
192.86184800008778	30.0
193.40122200001497	30.0
195.4010160000762	100.0
195.51224800001364	100.0
196.112294999999	100.0
196.71354100003373	100.0
197.3128180000931	100.0
197.91444299998693	100.0
198.51210500008892	100.0
199.114310999983	100.0
199.71244700008538	100.0
200.31253300001845	100.0
200.91227700002491	100.0
201.51239100005478	100.0
202.11434500000905	100.0
202.7126789999893	100.0
203.31228900002316	100.0
203.91225600009784	100.0
204.51221100008115	100.0
205.11410100001376	100.0
205.7122410000302	100.0
206.31290900008753	100.0
206.91220300004352	100.0
207.51227900001686	100.0
208.11250600009225	100.0
208.7121830000542	100.0
209.31231200008187	100.0
209.9123730000574	100.0
210.51219100004528	100.0
211.11260400002357	100.0
211.71282300003804	100.0
212.3125740000978	100.0
212.91258100001141	100.0
213.51228000002448	100.0
214.11211200000253	100.0
214.71228000009432	100.0
215.3125360000413	100.0
215.91226300003473	100.0
216.5124160000123	100.0
217.11239700007718	100.0
217.7122480000835	100.0


6.021047000074759	120.0
6.5035980000393465	120.0
7.002424000063911	120.0
7.5016160000814125	120.0
8.00113800005056	120.0
8.5004070000723	120.0
9.001049000071362	120.0
9.501992000034079	120.0
10.000301000080071	120.0
10.500616000033915	120.0
11.000589000061154	120.0
11.500758000067435	120.0
12.000933000002988	120.0
12.502477000001818	120.0
13.001103000016883	120.0
13.501550000044517	120.0
14.00170700007584	120.0
14.50074000004679	120.0
15.000839999993332	120.0
15.500697000068612	120.0
16.002550000092015	120.0
16.500430000014603	120.0
17.00059800001327	120.0
17.50188800005708	120.0
18.00106500007678	120.0
18.503046000027098	120.0
19.000242000096478	120.0
19.503037000074983	120.0
20.000838000094518	120.0
20.500656999996863	120.0
21.001358000095934	120.0
21.50075700005982	120.0
22.002169999992475	120.0
22.501287000020966	120.0
23.00085399998352	120.0
23.50272800005041	120.0
24.000364000094123	120.0
24.500329000060447	120.0
25.000905000022613	120.0
25.500591000076383	120.0
26.00086300005205	120.0
26.51332100003492	120.0
27.00036700000055	120.0
27.50161300005857	120.0
28.000402000034228	120.0
28.501499000005424	120.0
29.002072000061162	120.0
29.50067300000228	120.0
30.0002880000975	120.0
30.501810000045225	72.00002880001152
30.87821100000292	72.00002880001152
31.71382900001481	72.00002880001152
32.54499600001145	179.0
32.852517000050284	179.0
33.18798200006131	179.0
33.524959000060335	179.0
33.85783500003163	179.0
34.19347400008701	179.0
34.52878600009717	179.0
34.86960299999919	179.0
35.19969400006812	179.0
35.53419700008817	179.0
35.86916200001724	179.0
36.20413500000723	179.0
36.539571000030264	40.0
37.0779320000438	40.0
38.57864200009499	167.99993280002687
38.81970500003081	167.99993280002687
39.176717000082135	167.99993280002687
39.53295000002254	167.99993280002687
39.893525000079535	167.99993280002687
40.25173000001814	167.99993280002687
40.61060700006783	167.99993280002687
40.96265100000892	167.99993280002687
41.31971000006888	167.99993280002687
41.676775000058115	167.99993280002687
42.033468000008725	110.0
42.07072000007611	110.0
42.6148009999888	110.0
43.16121100005694	110.0
43.7070090000052	129.00007740004645
44.137176000047475	129.00007740004645
44.6022070000181	129.00007740004645
45.06702399998903	129.00007740004645
45.53237400006037	129.00007740004645
45.99763700005133	129.00007740004645
46.47028000000864	129.00007740004645
46.928679000004195	129.00007740004645
47.39389100007247	129.00007740004645
47.85829900007229	129.00007740004645
48.32304100005422	129.00007740004645
48.787994000012986	89.00004005001803
49.14995400002226	89.00004005001803
49.823474999982864	89.00004005001803
50.49865100008901	89.00004005001803
51.17183300002944	38.99998830000351
52.63555600005202	38.99998830000351
54.174008000059985	171.00009405005173
54.38269800005946	171.00009405005173
54.73375500005204	171.00009405005173
55.08455300005153	171.00009405005173
55.43521300004795	171.00009405005173
55.786017000093125	171.00009405005173
56.136959000024945	171.00009405005173
56.48775100009516	171.00009405005173
56.8398659999948	34.99999416666764
58.18708699999843	34.99999416666764
59.901330000022426	34.99999416666764
61.61514500004705	112.00005973336519
62.152572000049986	131.0
62.5952540000435	131.0
63.05344899999909	131.0
63.51145400002133	131.0
63.969301000004634	131.0
64.42873500008136	131.0
64.88530700001866	131.0
65.34332800004631	131.0
65.8015290000476	131.0
66.2597839999944	131.0
66.71766600001138	186.9997756002693
66.84381400002167	186.9997756002693
67.16432700003497	186.9997756002693
67.48568700009491	186.9997756002693
67.80597200000193	200.0
68.09238100005314	200.0
68.39226700004656	200.0
68.69001700007357	200.0
68.99107900005765	200.0
69.29022700001951	200.0
69.59061399998609	200.0
69.89009500003885	200.0
70.1902490000939	200.0
70.49017600005027	200.0
70.7900840000948	200.0
71.09017000009771	200.0
71.39010299998336	200.0
71.69021400006022	143.0
71.72923300007824	143.0
72.14886499999557	143.0
72.56929500005208	143.0
72.98875000001863	143.0
73.40759800001979	143.0
73.82786900002975	105.99995053335641
73.91593100002501	105.99995053335641
74.48207800008822	105.99995053335641
75.04846399999224	105.99995053335641
75.6139930000063	105.99995053335641
76.18022900004871	105.99995053335641
76.74636300001293	105.99995053335641
77.31252100004349	105.99995053335641
77.8792329999851	116.00008506672904
78.37154000008013	116.00008506672904
78.88728800008539	116.00008506672904
79.40496399998665	116.00008506672904
79.92175099998713	113.00009605008164
79.93177999998443	113.00009605008164
80.46164700004738	113.00009605008164
80.9941000000108	113.00009605008164
81.5235340000363	113.00009605008164
82.0541010000743	113.00009605008164
82.58511200000066	113.00009605008164
83.11741800000891	113.00009605008164
83.64726300002076	80.0
83.67188500007614	80.0
84.42206200002693	80.0
85.17108800006099	80.0
85.92065800004639	140.99997180000565
86.20438900007866	140.99997180000565
86.62990500009619	140.99997180000565
87.05567500006873	140.99997180000565
87.48315700003877	140.99997180000565
87.90665600006469	140.99997180000565
88.33203000004869	140.99997180000565
88.75783800007775	140.99997180000565
89.18310600006953	140.99997180000565
89.60930900007952	140.99997180000565
90.03398800001014	45.000011250002814
90.97268300002906	45.000011250002814
92.30596500006504	166.0
92.5110290000448	166.0
92.87252199999057	166.0
93.23369800008368	166.0
93.59514800005127	166.0
93.95761000004131	166.0
94.31802700005937	166.0
94.67944700003136	166.0
95.0408480000915	166.0
95.40226100001018	166.0
95.76391199999489	120.0
95.82989500008989	120.0
96.32850300008431	120.0
96.82858199998736	120.0
97.3288590000011	120.0
97.83026800001971	201.0003115504829
98.03521100000944	201.0003115504829
98.33313300006557	201.0003115504829
98.63204799999949	201.0003115504829
98.93149700004142	201.0003115504829
99.2304170000134	201.0003115504829
99.52727800002322	201.0003115504829
99.82604300009552	201.0003115504829
100.12468400003854	201.0003115504829
100.42264200001955	201.0003115504829
100.72154200007208	201.0003115504829
101.02163100009784	201.0003115504829
101.31902100006118	201.0003115504829
101.61782700009644	43.0
101.68151700007729	43.0
103.0770430000266	43.0
104.47213800007012	104.99992125005906
104.52879300003406	104.99992125005906
105.10012300009839	104.99992125005906
105.67304999998305	104.99992125005906
106.24327600002289	104.99992125005906
106.81549599999562	104.99992125005906
107.38611500000115	104.99992125005906
107.95891400007531	104.99992125005906
108.52898699999787	104.99992125005906
109.10015200008638	33.99999773333349
109.41156700009014	33.99999773333349
111.17589499999303	69.99998833333528
111.48340700007975	69.99998833333528
112.34061399998609	69.99998833333528
113.19780000008177	69.99998833333528
114.05434300005436	160.0
114.1786200000206	160.0
114.55511399998795	160.0
114.92772000003606	160.0
115.30523100006394	160.0
115.67907700000796	160.0
116.05304800008889	160.0
116.42868300003465	160.0
116.80293300002813	122.99996925000768
117.00812200002838	122.99996925000768
117.49525300005917	122.99996925000768
117.9840180000756	122.99996925000768
118.47085899999365	122.99996925000768
118.95953300001565	122.99996925000768
119.44739200000186	122.99996925000768
119.9340310000116	122.99996925000768
120.42203800007701	122.99996925000768
120.91004200000316	69.00001725000432
121.50676200003363	69.00001725000432
122.37747700000182	190.0
122.55054700002074	190.0
122.86544100008905	190.0
123.18211799999699	190.0
123.49740400002338	190.0
123.81316300004255	190.0
124.12855300004594	190.0
124.44583400001284	190.0
124.76255900005344	190.0
125.07643000001553	190.0
125.40332100004889	190.0
125.70824499998707	190.0
126.02694000001065	190.0
126.34192400006577	190.0
126.65572400006931	190.0
126.97335800004657	192.0
127.27497200004291	192.0
127.58769200008828	192.0
127.90006900008302	192.0
128.21243100007996	192.0
128.52494500007015	192.0
128.83838199998718	198.000198000198
129.12149600009434	198.000198000198
129.42436800000723	198.000198000198
129.72832300001755	198.000198000198
130.03029200003948	198.000198000198
130.3328840000322	198.000198000198
130.63638999999966	198.000198000198
130.93973500002176	198.000198000198
131.2425720000174	198.000198000198
131.545734000043	198.000198000198
131.84947700006887	198.000198000198
132.15244500001427	198.000198000198
132.45504900009837	132.0
132.58228000008967	132.0
133.03704000008292	132.0
133.4920910000801	132.0
133.94788900006097	130.00013000013
133.9503000000259	130.00013000013
134.41262900002766	130.00013000013
134.87364200002048	130.00013000013
135.33478999999352	130.00013000013
135.79668000002857	130.00013000013
136.25768100004643	130.00013000013
136.71945199999027	130.00013000013
137.18299800006207	130.00013000013
137.6424690000713	130.00013000013
138.10348699998576	130.00013000013
138.56501500005834	130.00013000013
139.0270320000127	87.00002175000543
139.4248910000315	87.00002175000543
140.11430900008418	87.00002175000543
140.80381000007037	194.00021986691584
141.09714100009296	194.00021986691584
141.40626600000542	194.00021986691584
141.71571400004905	194.00021986691584
142.02495099999942	194.00021986691584
142.33455000002868	194.00021986691584
142.64357700000983	194.00021986691584
142.95397300005425	194.00021986691584
143.26241100009065	194.00021986691584
143.57246699999087	194.00021986691584
143.88475700002164	143.99988480009216
143.93928900000174	143.99988480009216
144.35090700001456	143.99988480009216
144.77351500000805	143.99988480009216
145.1840830000583	143.99988480009216
145.6000730000669	143.99988480009216
146.01800700009335	143.99988480009216
146.43492999998853	143.99988480009216
146.8522890000604	159.0002067002687
147.16933800000697	159.0002067002687
147.54561999998987	159.0002067002687
147.92295999999624	159.0002067002687
148.3011290000286	159.0002067002687
148.67891700007021	159.0002067002687
149.0551320000086	159.0002067002687
149.43263500009198	159.0002067002687
149.8097570000682	159.0002067002687
150.1888400000753	159.0002067002687
150.56446999998298	159.0002067002687
150.94192900008056	36.99999136666868
151.40329799999017	36.99999136666868
153.02403600001708	156.0
153.20446200005244	156.0
153.5909920000704	156.0
153.97386200004257	156.0
154.3582419999875	156.0
154.74264800001401	156.0
155.12712900002953	156.0
155.51289500005078	156.0
155.8962430000538	171.00009405005173
156.23400900000706	171.00009405005173
156.5842990000965	171.00009405005173
156.93521800008602	171.00009405005173
157.28608400002122	171.00009405005173
157.63673000002746	171.00009405005173
157.98764800000936	78.9999657666815
158.25849200005177	78.9999657666815
159.01724399998784	78.9999657666815
159.77778500004206	78.9999657666815
160.53694500005804	78.9999657666815
161.296445999993	78.9999657666815
162.05466200003866	114.0
162.51129100006074	114.0
163.03464199998416	114.0
163.56057600001805	114.0
164.08702800003812	198.99969486713454
164.27369000006001	198.99969486713454
164.57599300006405	198.99969486713454
164.87738299998455	198.99969486713454
165.1791380000068	198.99969486713454
165.47973100002855	198.99969486713454
165.78360200009774	198.99969486713454
166.08392500004265	198.99969486713454
166.38441900000907	198.99969486713454
166.6851350000361	198.99969486713454
166.98698100005277	198.99969486713454
167.28936400008388	198.99969486713454
167.59117600007448	198.99969486713454
167.89220800006296	173.99979120025057
167.90009200002532	173.99979120025057
168.2443960000528	173.99979120025057
168.59003299998585	173.99979120025057
168.93339900008868	173.99979120025057
169.27833200001623	173.99979120025057
169.6235390000511	173.99979120025057
169.96840600005817	50.99998215000625
170.33168900001328	50.99998215000625
171.50851300009526	50.99998215000625
172.68383600004017	50.99998215000625
173.88299399998505	50.99998215000625
175.03690300008748	30.99999793333347
175.771035999991	30.99999793333347
177.70685900002718	88.00002346667293
177.85430300002918	88.00002346667293
178.535978000029	88.00002346667293
179.2179560000077	88.00002346667293
179.89980600005947	26.000003466667128
180.0389060000889	26.000003466667128
182.34639100008644	76.0
182.79993900004774	76.0
183.58955700008664	76.0
184.37879700004123	76.0
185.16825400001835	76.0
185.95773900009226	130.00013000013
186.3713299999945	130.00013000013
186.83078800002113	130.00013000013
187.29239300009795	130.00013000013
187.7540100000333	130.00013000013
188.21629500004929	177.00002655000398
188.46489699999802	177.00002655000398
188.79382900008932	177.00002655000398
189.133227000013	177.00002655000398
189.47187500004657	177.00002655000398
189.81087100005243	177.00002655000398
190.15159200003836	177.00002655000398
190.4899630000582	177.00002655000398
190.82918800006155	177.00002655000398
191.16758000000846	177.00002655000398
191.50533399998676	177.00002655000398
191.84457000007387	177.00002655000398
192.18389200000092	177.00002655000398
192.52399700006936	30.0
193.40160800004378	30.0
195.40119700005744	100.0
195.5124160000123	100.0
196.11260100000072	100.0
196.7132210000418	100.0
197.31225200009067	100.0
197.91421600000467	100.0
198.5125340000959	100.0
199.1136810000753	100.0
199.7126780000981	100.0
200.31230200000573	100.0
200.9125270000659	100.0
201.51274400006514	100.0
202.11392800009344	100.0
202.71309299999848	100.0
203.31259300000966	100.0
203.91246300004423	100.0
204.51245899999049	100.0
205.11432799999602	100.0
205.71266900002956	100.0
206.31323199998587	100.0
206.91241900005843	100.0
207.51227000006475	100.0
208.1126880000811	100.0
208.71235899999738	100.0
209.31253900006413	100.0
209.9121799999848	100.0
210.51249400002416	100.0
211.1122960000066	100.0
211.71254099998623	100.0
212.3122999999905	100.0
212.9122830000706	100.0
213.51247100008186	100.0
214.11233700008597	100.0
214.71250600006897	100.0
215.31232600007206	100.0
215.91251799999736	100.0
216.51219600008335	100.0
217.11212800000794	100.0
217.7124420000473	100.0


8.08882300008554	120.0
8.583534000092186	120.0
9.000851000077091	120.0
9.501694999984466	120.0
10.000280000036582	120.0
10.500647000037134	120.0
11.000363000086509	120.0
11.500754000036977	120.0
12.000362000078894	120.0
12.50191300001461	120.0
13.000564999994822	120.0
13.500414000009187	120.0
14.001454000012018	120.0
14.500532999983989	120.0
15.001077000051737	120.0
15.500317000085488	120.0
16.00188600004185	120.0
16.50044400000479	120.0
17.00028600008227	120.0
17.501747000031173	120.0
18.000374000053853	120.0
18.502531000063755	120.0
19.00032500002999	120.0
19.50250900001265	120.0
20.00046500004828	120.0
20.500299000064842	120.0
21.000669000088237	120.0
21.50032099999953	120.0
22.0018300000811	120.0
22.50125700002536	120.0
23.000339000020176	120.0
23.502972000045702	120.0
24.000579999992624	120.0
24.500329000060447	120.0
25.000575000070967	120.0
25.5007190000033	120.0
26.00056100008078	120.0
26.500577000086196	120.0
27.003000000026077	120.0
27.501721000066027	120.0
28.00073800003156	120.0
28.501295000081882	120.0
29.001274000038393	120.0
29.500852000084706	120.0
30.000241000088863	120.0
30.50160100008361	72.00002880001152
30.878000000026077	72.00002880001152
31.71347100008279	72.00002880001152
32.54484300001059	178.99974940035085
32.85217000008561	178.99974940035085
33.18751900002826	178.99974940035085
33.52281200001016	178.99974940035085
33.857699000043795	178.99974940035085
34.1932220000308	178.99974940035085
34.52856900007464	178.99974940035085
34.86479200003669	178.99974940035085
35.19858299999032	178.99974940035085
35.5338960000081	178.99974940035085
35.86898300005123	178.99974940035085
36.20415400003549	40.0
37.07800400000997	40.0
38.57796000002418	167.99993280002687
38.81971800001338	167.99993280002687
39.176994000095874	167.99993280002687
39.53296000009868	167.99993280002687
39.89138799998909	167.99993280002687
40.24832000001334	167.99993280002687
40.610387000022456	167.99993280002687
40.961644000024535	167.99993280002687
41.31917000003159	167.99993280002687
41.67662799998652	167.99993280002687
42.033342999988236	167.99993280002687
42.39048000006005	167.99993280002687
42.74736999999732	109.99990833340972
43.16067400004249	109.99990833340972
43.70710300002247	129.00007740004645
44.13719999999739	129.00007740004645
44.60218799998984	129.00007740004645
45.06732000003103	129.00007740004645
45.532281000050716	129.00007740004645
45.99739600007888	129.00007740004645
46.46360000001732	129.00007740004645
46.92837400001008	129.00007740004645
47.39343200006988	129.00007740004645
47.85798500000965	129.00007740004645
48.32304600009229	129.00007740004645
48.787994000012986	89.00004005001803
49.1501350000035	89.00004005001803
49.823549000080675	89.00004005001803
50.498056999989785	89.00004005001803
51.17202200007159	38.99998830000351
52.63604500005022	38.99998830000351
54.173716000048444	171.00009405005173
54.38252199999988	171.00009405005173
54.73353000008501	171.00009405005173
55.08430800004862	171.00009405005173
55.435399000067264	171.00009405005173
55.786538999993354	171.00009405005173
56.13732500001788	35.0
56.472569999983534	35.0
58.18686100002378	35.0
59.900813000043854	35.0
61.615583000006154	112.00005973336519
62.15278900007252	112.00005973336519
62.686524000018835	131.00007641671124
63.05314500001259	131.00007641671124
63.511647000093944	131.00007641671124
63.96913199999835	131.00007641671124
64.42881300009321	131.00007641671124
64.88516400009394	131.00007641671124
65.34315199998673	131.00007641671124
65.80119999998715	131.00007641671124
66.26002200006042	187.0
66.52266000001691	187.0
66.84395800007042	187.0
67.16442400007509	187.0
67.48547000007238	187.0
67.80575300008059	200.0
68.09244600008242	200.0
68.39262000005692	200.0
68.69055699999444	200.0
68.99170800007414	200.0
69.29079500003718	200.0
69.59079600009136	200.0
69.89049400005024	200.0
70.18992000003345	200.0
70.49015800002962	200.0
70.7901070000371	200.0
71.09018599998672	200.0
71.38991999998689	200.0
71.68999199999962	143.000143000143
71.72905399999581	143.000143000143
72.14893100003246	143.000143000143
72.56895500002429	143.000143000143
72.9887550000567	143.000143000143
73.40759800001979	143.000143000143
73.82788900006562	105.99995053335641
73.91591300000437	105.99995053335641
74.48204400006216	105.99995053335641
75.04855200008024	105.99995053335641
75.61378300003707	105.99995053335641
76.18003200006206	105.99995053335641
76.74615800008178	105.99995053335641
77.3123290000949	105.99995053335641
77.87939800007734	116.00008506672904
78.3717760000145	116.00008506672904
78.88694300001953	116.00008506672904
79.404530000058	116.00008506672904
79.92155199998524	113.00009605008164
79.93201900005806	113.00009605008164
80.46183600008953	113.00009605008164
80.99387500004377	113.00009605008164
81.5232079999987	113.00009605008164
82.05439100007061	113.00009605008164
82.58528600004502	113.00009605008164
83.11644800007343	113.00009605008164
83.64701600000262	80.0
83.67164600000251	80.0
84.4217199999839	80.0
85.17208699998446	80.0
85.9210970000131	141.0
86.20418600004632	141.0
86.62968500005081	141.0
87.05554100009613	141.0
87.48288900009356	141.0
87.9061610000208	141.0
88.33207200001925	141.0
88.7575829999987	141.0
89.18313600006513	141.0
89.60926800000016	141.0
90.03398800001014	45.000011250002814
90.9727960000746	45.000011250002814
92.306184999994	165.99990040005977
92.51066900009755	165.99990040005977
92.87274900008924	165.99990040005977
93.2339820000343	165.99990040005977
93.5952690000413	165.99990040005977
93.95800800004508	165.99990040005977
94.3184520000359	165.99990040005977
94.6796130000148	165.99990040005977
95.04080499999691	165.99990040005977
95.40224000008311	165.99990040005977
95.76367300003767	120.0
95.82964900007937	120.0
96.32893000007607	120.0
96.83012400008738	120.0
97.3290140000172	120.0
97.83009400009178	201.0003115504829
98.0353110000724	201.0003115504829
98.33339899999555	201.0003115504829
98.63185300002806	201.0003115504829
98.93182100006379	201.0003115504829
99.23059300007299	201.0003115504829
99.52710499998648	201.0003115504829
99.82646000001114	201.0003115504829
100.12439400004223	201.0003115504829
100.42314700002316	201.0003115504829
100.72195899998769	201.0003115504829
101.02155300008599	201.0003115504829
101.31903300003614	201.0003115504829
101.61758499999996	42.99999498333392
101.68108400003985	42.99999498333392
103.07733000000007	42.99999498333392
104.47171200008597	104.99992125005906
104.52899900008924	104.99992125005906
105.10034800006542	104.99992125005906
105.67328400001861	104.99992125005906
106.2436400000006	104.99992125005906
106.8151310000103	104.99992125005906
107.38640399998985	104.99992125005906
107.95868600008544	104.99992125005906
108.52875300007872	104.99992125005906
109.10032000008505	33.99999773333349
109.411749000079	33.99999773333349
111.1764480000129	69.99998833333528
111.48366000002716	69.99998833333528
112.3408070000587	69.99998833333528
113.1980400000466	69.99998833333528
114.05514900002163	160.0
114.17722000007052	160.0
114.55453299998771	160.0
114.92794100008905	160.0
115.30261400004383	160.0
115.6782930000918	160.0
116.05364100006409	160.0
116.42944900004659	123.0
116.51943400001619	123.0
117.0084420000203	123.0
117.49590400001034	123.0
117.9842049999861	123.0
118.47128300007898	123.0
118.96005700004753	123.0
119.4480690000346	123.0
119.93604500009678	123.0
120.42272400006186	123.0
120.91026999999303	69.00001725000432
121.50744200008921	69.00001725000432
122.37698100006673	69.00001725000432
123.24655700009316	190.0002850004275
123.49815700005274	190.0002850004275
123.81394300004467	190.0002850004275
124.12960800004657	190.0002850004275
124.44910399999935	190.0002850004275
124.76800500007812	190.0002850004275
125.07683899998665	190.0002850004275
125.40114100009669	190.0002850004275
125.7087360000005	190.0002850004275
126.02723500004504	190.0002850004275
126.3416379999835	192.0
126.65019600000232	192.0
126.96215100004338	192.0
127.27627100003883	192.0
127.5886200000532	192.0
127.90061800007243	192.0
128.2131250000093	192.0
128.52555200003553	192.0
128.83870700001717	198.000198000198
129.12215700000525	198.000198000198
129.42499400000088	198.000198000198
129.7286300000269	198.000198000198
130.03069500008132	198.000198000198
130.3336690000724	198.000198000198
130.63802900002338	198.000198000198
130.93991800001822	198.000198000198
131.24273800000083	198.000198000198
131.54592800000682	198.000198000198
131.84975200006738	198.000198000198
132.1526240000967	198.000198000198
132.4552140000742	198.000198000198
132.75888800004032	132.000132000132
133.038840000052	132.000132000132
133.49228000000585	132.000132000132
133.9481150000356	130.00013000013
133.95054099999834	130.00013000013
134.41280400007963	130.00013000013
134.87440299999435	130.00013000013
135.3352190000005	130.00013000013
135.7969560000347	130.00013000013
136.25785900000483	130.00013000013
136.71971099998336	130.00013000013
137.1834009999875	130.00013000013
137.6427150000818	130.00013000013
138.1044300000649	130.00013000013
138.56575200008228	130.00013000013
139.02773500001058	87.00002175000543
139.42519700003322	87.00002175000543
140.1150670000352	87.00002175000543
140.80464500002563	194.00021986691584
141.09799400006887	194.00021986691584
141.40703000000212	194.00021986691584
141.72114800009876	194.00021986691584
142.02571700001135	194.00021986691584
142.33568800007924	194.00021986691584
142.64466099999845	194.00021986691584
142.9552880000556	194.00021986691584
143.26284000009764	194.00021986691584
143.57356300007086	194.00021986691584
143.88550500001293	143.99988480009216
143.93946600006893	143.99988480009216
144.35165399999823	143.99988480009216
144.78045100008603	143.99988480009216
145.18448000005446	143.99988480009216
145.60064000007696	143.99988480009216
146.01824500004295	143.99988480009216
146.43408500007354	159.0
146.79067700007	159.0
147.16832699999213	159.0
147.545438000001	159.0
147.92319300002418	159.0
148.30043800000567	159.0
148.67841600009706	159.0
149.05561000003945	159.0
149.43248399998993	159.0
149.8100679999916	159.0
150.188625000068	159.0
150.56471400009468	159.0
150.94213700003456	36.99999136666868
151.40222100005485	36.99999136666868
153.02311700000428	156.000156000156
153.20347000006586	156.000156000156
153.58969000005163	156.000156000156
153.97342400008347	156.000156000156
154.35756400006358	156.000156000156
154.74231200001668	156.000156000156
155.12669499998447	156.000156000156
155.51343699998688	156.000156000156
155.8964290000731	171.0
156.23429600009695	171.0
156.58510800008662	171.0
156.9354690000182	171.0
157.28627000004053	171.0
157.63733900000807	171.0
157.9885629999917	78.9999657666815
158.25898000004236	78.9999657666815
159.01748200005386	78.9999657666815
159.77687000005972	78.9999657666815
160.53719100006856	78.9999657666815
161.29695200000424	78.9999657666815
162.0553240000736	113.99995440001824
162.50959600007627	113.99995440001824
163.03447800001595	113.99995440001824
163.56080700003076	113.99995440001824
164.0867670000298	198.99969486713454
164.27344000001904	198.99969486713454
164.57468299998436	198.99969486713454
164.88251700007822	198.99969486713454
165.17878900002688	198.99969486713454
165.47997800004669	198.99969486713454
165.78216000006068	198.99969486713454
166.0841220000293	198.99969486713454
166.38468500005547	198.99969486713454
166.6855950000463	198.99969486713454
166.98753400007263	198.99969486713454
167.28993000008631	198.99969486713454
167.59167100000195	198.99969486713454
167.89190300006885	173.99979120025057
167.89989400003105	173.99979120025057
168.24462300003506	173.99979120025057
168.59093100007158	173.99979120025057
168.9340610000072	173.99979120025057
169.27811000007205	173.99979120025057
169.62328400008846	173.99979120025057
169.96912600006908	50.99998215000625
170.33181800006423	50.99998215000625
171.5085530000506	50.99998215000625
172.6844170000404	50.99998215000625
173.88244600000326	50.99998215000625
175.0366590000922	30.99999793333347
175.771035999991	30.99999793333347
177.70695800008252	88.0
177.85398300003726	88.0
178.53600299998652	88.0
179.2179560000077	88.0
179.90016200009268	26.000003466667128
180.0393369999947	26.000003466667128
182.34631000005174	75.99996960001216
182.8003360000439	75.99996960001216
183.58938000001945	75.99996960001216
184.3789940000279	75.99996960001216
185.16828600002918	75.99996960001216
185.95792499999516	130.0
186.3713299999945	130.0
186.83078800002113	130.0
187.29283000004943	130.0
187.7543950000545	130.0
188.21630700002424	177.00002655000398
188.46291400003247	177.00002655000398
188.79391200002283	177.00002655000398
189.1326350000454	177.00002655000398
189.47163899999578	177.00002655000398
189.81056800007354	177.00002655000398
190.15150000003632	177.00002655000398
190.49010000005364	177.00002655000398
190.8291250000475	177.00002655000398
191.16791399999056	177.00002655000398
191.5055290000746	177.00002655000398
191.84444800007623	177.00002655000398
192.18356999999378	177.00002655000398
192.52418000006583	177.00002655000398
192.8615840000566	30.0
193.40145100001246	30.0
195.40085000009276	100.0
195.51258900004905	100.0
196.11244699999224	100.0
196.71255100006238	100.0
197.3125220000511	100.0
197.91392600000836	100.0
198.51274300005753	100.0
199.1139190000249	100.0
199.712494000094	100.0
200.31242299999576	100.0
200.91250800003763	100.0
201.51256800000556	100.0
202.11435300006997	100.0
202.71318100008648	100.0
203.31264400004875	100.0
203.91246300004423	100.0
204.51261900004465	100.0
205.1138600000413	100.0
205.71227300004102	100.0
206.31305900006555	100.0
206.9126699999906	100.0
207.51243600004818	100.0
208.1125980000943	100.0
208.7123460000148	100.0
209.31236900005024	100.0
209.91239000007045	100.0
210.51217500003986	100.0
211.11259000003338	100.0
211.71296600007918	100.0
212.3123370000394	100.0
212.91258900007233	100.0
213.51242400007322	100.0
214.11229700001422	100.0
214.7126350000035	100.0
215.31263599998783	100.0
215.91267400002107	100.0
216.51264400000218	100.0
217.1126139999833	100.0
217.71259300003294	100.0