0.007243999978527427	120.0
0.5010659999679774	120.0
1.0007869999390095	120.0
1.5032809999538586	120.0
2.000791999977082	120.0
2.501189999980852	120.0
3.00062499998603	120.0
3.5004519999492913	120.0
4.000627000001259	120.0
4.501181000028737	120.0
5.002602000022307	120.0
5.501062999945134	120.0
6.000930999987759	120.0
6.5005749999545515	120.0
7.000848999945447	120.0
7.5003990000113845	120.0
8.000639999983832	120.0
8.501081999973394	120.0
9.001105999923311	120.0
9.500493999919854	120.0
10.000753999920562	120.0
10.500490000005811	120.0
11.000346999964677	120.0
11.501015999936499	120.0
12.000815999927	120.0
12.50064400001429	120.0
13.000468999962322	120.0
13.500493999919854	120.0
14.000239999964833	120.0
14.500937999924645	120.0
15.00155199994333	120.0
15.503342999960296	120.0
16.000583000015467	120.0
16.501504999934696	120.0
17.000537000014447	120.0
17.50034799997229	120.0
18.00061300001107	120.0
18.50097499997355	120.0
19.000783000024967	120.0
19.500937999924645	120.0
20.000914999982342	120.0
20.500420999946073	120.0
21.000522000016645	120.0
21.500478000030853	120.0
22.001006999984384	120.0
22.501047999947332	120.0
23.000693999929354	120.0
23.501371999969706	120.0
24.000741999945603	120.0
24.500780000002123	120.0
25.00080199993681	120.0
25.5009119999595	120.0
26.000913999974728	120.0
26.500633999938145	120.0
27.000862999935634	120.0
27.50075000000652	120.0
28.000980000011623	130.00013000013
28.4605740000261	130.00013000013
28.91942699998617	130.00013000013
29.381169999949634	130.00013000013
29.842299000010826	130.00013000013
30.305142999975942	198.000198000198
30.482572000008076	198.000198000198
30.78758599993307	198.000198000198
31.08899099996779	198.000198000198
31.392732999986038	198.000198000198
31.69683199992869	198.000198000198
31.999508999986574	198.000198000198
32.301860000006855	198.000198000198
32.60574499994982	198.000198000198
32.90845500002615	198.000198000198
33.20982699992601	198.000198000198
33.51269999996293	198.000198000198
33.81634199991822	198.000198000198
34.11871299997438	172.0
34.14707599999383	172.0
34.49524099996779	172.0
34.84413899993524	172.0
35.19230699993204	172.0
35.540611999924295	172.0
35.88940400001593	172.0
36.23823999997694	173.99979120025057
36.58029900002293	173.99979120025057
36.925458999932744	173.99979120025057
37.26977000001352	173.99979120025057
37.61452099995222	173.99979120025057
37.96017799992114	173.99979120025057
38.30443299992476	173.99979120025057
38.64892099995632	173.99979120025057
38.99485999997705	173.99979120025057
39.33889200002886	173.99979120025057
39.68346400000155	173.99979120025057
40.02899499994237	134.00005806669182
40.05278099991847	134.00005806669182
40.5004079999635	134.00005806669182
40.94897899997886	134.00005806669182
41.396186999976635	134.00005806669182
41.84416099998634	134.00005806669182
42.2916490000207	98.99993565004183
42.41334199998528	98.99993565004183
43.0184860000154	98.99993565004183
43.62585700000636	98.99993565004183
44.23071799997706	98.99993565004183
44.83837399992626	98.99993565004183
45.443290999974124	98.99993565004183
46.0499439999694	55.99997760000896
46.12857800000347	55.99997760000896
47.19866999995429	55.99997760000896
48.270400999928825	134.00005806669182
48.53033700003289	134.00005806669182
48.98039099993184	134.00005806669182
49.42582100001164	134.00005806669182
49.87454999994952	134.00005806669182
50.32203399995342	134.00005806669182
50.76957499992568	134.00005806669182
51.2180159999989	134.00005806669182
51.66468699998222	134.00005806669182
52.11286500003189	116.99988885010559
52.1342729999451	116.99988885010559
52.647105999989435	116.99988885010559
53.1592960000271	116.99988885010559
53.67224400001578	116.99988885010559
54.18519200000446	214.0
54.366130999987945	214.0
54.64628799993079	214.0
54.92755699995905	214.0
55.20607800001744	214.0
55.48870200000238	214.0
55.76864999998361	214.0
56.04856100003235	214.0
56.32791999995243	214.0
56.60930200002622	214.0
56.89053500001319	214.0
57.17039999994449	214.0
57.44891999999527	214.0
57.7301139999181	214.0
58.009614999988116	135.000135000135
58.03727899992373	135.000135000135
58.48017599992454	135.000135000135
58.9257669999497	135.000135000135
59.37121799995657	135.000135000135
59.814397000009194	135.000135000135
60.25924499996472	87.00002175000543
60.41751199995633	87.00002175000543
61.10726399999112	87.00002175000543
61.797206999966875	87.00002175000543
62.48693000001367	87.00002175000543
63.17516099999193	87.00002175000543
63.86492199997883	87.00002175000543
64.5552880000323	38.0
65.30902099993546	38.0
66.88659699994605	167.99993280002687
66.89349099993706	167.99993280002687
67.2496960000135	167.99993280002687
67.60822399996687	167.99993280002687
67.9645170000149	167.99993280002687
68.32121299998835	167.99993280002687
68.67827499995474	167.99993280002687
69.03549799998291	167.99993280002687
69.39277299994137	167.99993280002687
69.74998399999458	167.99993280002687
70.1065669999225	213.00010650005325
70.36056199995801	213.00010650005325
70.64219499996398	213.00010650005325
70.92449399991892	213.00010650005325
71.20537699991837	213.00010650005325
71.48688600002788	213.00010650005325
71.76980399992317	213.00010650005325
72.0510709999362	213.00010650005325
72.33278599998448	218.00028340036843
72.59931099996902	218.00028340036843
72.87544199998956	218.00028340036843
73.14962299994659	218.00028340036843
73.42519099998754	218.00028340036843
73.70033399993554	218.00028340036843
73.9750429999549	218.00028340036843
74.25031000003219	218.00028340036843
74.5274479999207	218.00028340036843
74.80181500001345	218.00028340036843
75.07650399999693	218.00028340036843
75.35193599993363	218.00028340036843
75.6282469999278	218.00028340036843
75.90287400002126	218.00028340036843
76.17922699998599	207.00005175001294
76.18986599997152	207.00005175001294
76.4791490000207	207.00005175001294
76.76883399998769	207.00005175001294
77.05740299995523	207.00005175001294
77.34922999993432	207.00005175001294
77.63859300001059	207.00005175001294
77.92867699998897	207.00005175001294
78.21684899996035	78.9999657666815
78.60070099995937	78.9999657666815
79.36042599997018	78.9999657666815
80.11950499995146	78.9999657666815
80.87942699994892	78.9999657666815
81.63832299993373	78.9999657666815
82.39927399996668	130.00013000013
82.69802300003357	130.00013000013
83.15759099996649	130.00013000013
83.61896300001536	130.00013000013
84.08095700002741	147.0
84.47824800002854	147.0
84.88636100001168	147.0
85.29476499999873	147.0
85.70245600002818	147.0
86.10990399995353	147.0
86.5181299999822	147.0
86.92770400003064	147.0
87.3358780000126	147.0
87.74323199992068	147.0
88.15097900002729	115.00002875000719
88.19897100003436	115.00002875000719
88.7198240000289	115.00002875000719
89.25665100000333	115.00002875000719
89.76428100001067	115.00002875000719
90.28655099996831	27.00000270000027
91.27617099997588	27.00000270000027
93.49874399998225	27.00000270000027
95.72014500002842	140.0
96.03126099996734	60.99997255001235
96.09220900002401	60.99997255001235
97.07711199996993	60.99997255001235
98.05937499995343	60.99997255001235
99.04347799997777	60.99997255001235
100.0262249999214	178.99974940035085
100.33699099998921	178.99974940035085
100.67126999993343	178.99974940035085
101.00646499998402	178.99974940035085
101.34122399997432	178.99974940035085
101.67700399993919	178.99974940035085
102.01234499993734	178.99974940035085
102.34856600000057	189.000189000189
102.6461620000191	189.000189000189
102.96284799999557	189.000189000189
103.2803970000241	189.000189000189
103.5981309999479	189.000189000189
103.9168209999334	189.000189000189
104.23382900003344	189.000189000189
104.55094799993094	189.000189000189
104.86799800000153	189.000189000189
105.1851800000295	189.000189000189
105.50428999995347	189.000189000189
105.82066999992821	189.000189000189
106.13835799996741	191.00007640003057
106.45186199992895	191.00007640003057
106.76509699993767	191.00007640003057
107.08021199994255	191.00007640003057
107.39365099999122	191.00007640003057
107.70899199997075	191.00007640003057
108.02090599993244	191.00007640003057
108.33561399998143	78.9999657666815
108.82051699992735	78.9999657666815
109.58043999993242	78.9999657666815
110.3398439999437	78.9999657666815
111.10003800003324	78.9999657666815
111.85900399996899	78.9999657666815
112.62052100000437	113.99995440001824
112.95524299994577	113.99995440001824
113.48158699995838	113.99995440001824
114.00923099997453	64.0
114.0122149999952	64.0
114.95032800000627	64.0
115.88854299997911	64.0
116.8263019999722	64.0
117.76264199998695	64.0
118.6999599999981	73.99998273333736
119.41653499996755	73.99998273333736
120.22889899997972	176.00004693334586
120.43890299997292	176.00004693334586
120.7797899999423	176.00004693334586
121.12009099998977	176.00004693334586
121.46009199996479	176.00004693334586
121.80117500002962	176.00004693334586
122.14319299999624	176.00004693334586
122.48366899997927	176.00004693334586
122.82464599993546	176.00004693334586
123.1660489999922	176.00004693334586
123.50615699996706	176.00004693334586
123.84858799993526	176.00004693334586
124.18826299998909	211.0
124.44212000002153	211.0
124.72626499994658	211.0
125.01237599994056	211.0
125.29561599995941	211.0
125.57863300002646	211.0
125.86345299996901	211.0
126.14845799992327	145.00003625000906
126.20996300003026	145.00003625000906
126.62370799994096	145.00003625000906
127.03884900000412	145.00003625000906
127.45178699993994	145.00003625000906
127.86670699995011	145.00003625000906
128.28051299997605	145.00003625000906
128.69297500001267	145.00003625000906
129.10719499993138	145.00003625000906
129.52066799998283	145.00003625000906
129.93558199994732	145.00003625000906
130.34796299994923	198.000198000198
130.56192399992142	198.000198000198
130.86564899992663	198.000198000198
131.17111300001852	198.000198000198
131.471048999927	198.000198000198
131.77451000001747	198.000198000198
132.07713400002103	198.000198000198
132.3795209999662	211.99990106671282
132.63914400001522	211.99990106671282
132.92134300002363	211.99990106671282
133.20465899992269	211.99990106671282
133.48932900000364	211.99990106671282
133.7702280000085	211.99990106671282
134.0541380000068	211.99990106671282
134.33745200000703	211.99990106671282
134.61995500000194	211.99990106671282
134.90317299996968	211.99990106671282
135.1860909999814	211.99990106671282
135.47043899993878	211.99990106671282
135.75191799993627	211.99990106671282
136.03495899995323	60.0
136.0742929999251	60.0
137.07396900001913	60.0
138.07503099995665	177.00002655000398
138.37681499996688	177.00002655000398
138.71671599999536	177.00002655000398
139.05498100002296	177.00002655000398
139.3934129999252	177.00002655000398
139.7333080000244	177.00002655000398
140.0713199999882	177.00002655000398
140.41019999992568	177.00002655000398
140.74931500002276	177.00002655000398
141.09042000002228	177.00002655000398
141.42753200000152	177.00002655000398
141.76796299999114	177.00002655000398
142.10632599995006	177.00002655000398
142.44483499997295	171.00009405005173
142.4592329999432	171.00009405005173
142.81041599996388	171.00009405005173
143.16104499995708	171.00009405005173
143.51236900000367	171.00009405005173
143.86344300000928	171.00009405005173
144.21329999994487	161.0
144.22769099997822	161.0
144.59788100002334	161.0
144.97149000002537	161.0
145.34419299999718	161.0
145.7183860000223	161.0
146.08973000000697	161.0
146.46210799994878	161.0
146.83537600003183	161.0
147.2088179999264	161.0
147.58009399997536	161.0
147.9525849999627	161.0
148.32892200001515	118.99992463338107
148.43057999992743	118.99992463338107
148.93586600001436	118.99992463338107
149.4404719999293	118.99992463338107
149.94309800001793	118.99992463338107
150.44835500000045	50.0
151.01873499993235	50.0
152.21925800002646	50.0
153.42003499995917	50.0
154.62342700001318	63.0
155.4517089999281	63.0
156.40458400000352	55.00000458333371
156.45806400000583	55.00000458333371
157.54965900001116	55.00000458333371
158.63933699997142	55.00000458333371
159.73030099994503	55.00000458333371
160.82131499995012	73.99998273333736
161.43083099997602	73.99998273333736
162.24122999992687	192.99989385005838
162.43023099994753	192.99989385005838
162.74108499998692	192.99989385005838
163.0522489999421	192.99989385005838
163.3631550000282	192.99989385005838
163.67427199997474	192.99989385005838
163.98437399999239	192.99989385005838
164.2948969999561	192.99989385005838
164.60609399992973	192.99989385005838
164.9183539999649	192.99989385005838
165.2297419999959	192.99989385005838
165.53858499997295	192.99989385005838
165.84999200003222	192.99989385005838
166.16048700001556	171.00009405005173
166.17736400000285	171.00009405005173
166.5269519999856	171.00009405005173
166.87804099998903	171.00009405005173
167.22873899992555	171.00009405005173
167.5802599999588	171.00009405005173
167.93141700001433	171.00009405005173
168.28154100000393	103.0000480666891
168.43953600001987	103.0000480666891
169.0227489999961	103.0000480666891
169.6051499999594	103.0000480666891
170.18758399994113	103.0000480666891
170.7699840000132	103.0000480666891
171.35226299997885	103.0000480666891
171.9367739999434	103.0000480666891
172.51845500001218	163.00007063336395
172.7123029999202	163.00007063336395
173.08035800000653	163.00007063336395
173.44920000003185	163.00007063336395
173.81658500002231	163.00007063336395
174.1842910000123	58.0
174.43099399993662	58.0
175.46568799996749	58.0
176.4998660000274	58.0
177.53442599996924	58.0
178.5704530000221	112.00005973336519
178.85732800001279	112.00005973336519
179.39208100002725	112.00005973336519
179.92855700000655	112.00005973336519
180.46440499997698	105.99995053335641
180.48599600000307	105.99995053335641
181.0521089999238	105.99995053335641
181.6179209999973	105.99995053335641
182.18473899993114	105.99995053335641
182.75076999992598	105.99995053335641
183.31675300002098	105.99995053335641
183.88300299993716	105.99995053335641
184.44886499992572	59.0
184.76272499992047	59.0
185.78015499992762	59.0
186.79732999997213	102.0000510000255
187.0732859999407	102.0000510000255
187.6612549999263	102.0000510000255
188.24956899997778	102.0000510000255
188.8386369999498	102.0000510000255
189.4268419999862	102.0000510000255
190.015328999958	102.0000510000255
190.60298899991903	126.99998518333506
190.96902900002897	126.99998518333506
191.4407329999376	126.99998518333506
191.91398399998434	126.99998518333506
192.38669099996332	218.00028340036843
192.52629399998114	218.00028340036843
192.8015749999322	218.00028340036843
193.07663199992385	218.00028340036843
193.35230199992657	218.00028340036843
193.62730699998792	218.00028340036843
193.90259800001513	218.00028340036843
194.17758100002538	218.00028340036843
194.45352300000377	218.00028340036843
194.7288609999232	218.00028340036843
195.00444599997718	218.00028340036843
195.27968299994245	218.00028340036843
195.55478599993512	218.00028340036843
195.8294459999306	218.00028340036843
196.1045940000331	218.00028340036843
196.3798709999537	218.00028340036843
196.65631999995094	218.00028340036843
196.93390800000634	218.00028340036843
197.2066019999329	218.00028340036843
197.48049600003287	218.00028340036843
197.7556849999819	218.00028340036843
198.0308560000267	218.00028340036843
198.3067719999235	218.00028340036843
198.58154799998738	218.00028340036843
198.85669099993538	218.00028340036843
199.13221399998292	218.00028340036843
199.40921199996956	218.00028340036843
199.68296999996528	218.00028340036843
199.95970599993598	218.00028340036843
200.23392199992668	218.00028340036843
200.5090439999476	218.00028340036843
200.78362300002482	218.00028340036843
201.05833899998106	218.00028340036843
201.3336039999267	218.00028340036843
201.60872699995525	218.00028340036843
201.88474599993788	218.00028340036843
202.15935899992473	218.00028340036843
202.43579799996223	218.00028340036843
202.70994800003245	218.00028340036843
202.98625299998093	218.00028340036843
203.26209299999755	218.00028340036843
203.53652900003362	218.00028340036843
203.81087099993601	218.00028340036843
204.08763199998066	218.00028340036843
204.36139700002968	218.00028340036843
204.63687199994456	218.00028340036843
204.91142899997067	218.00028340036843
205.18902499997057	218.00028340036843
205.46234199998435	218.00028340036843
205.73908299999312	218.00028340036843
206.01343499997165	218.00028340036843
206.28991399996448	218.00028340036843
206.5640639999183	218.00028340036843
206.8394870000193	218.00028340036843
207.1143780000275	218.00028340036843
207.38978199998382	218.00028340036843
207.66446899995208	218.00028340036843
207.94001199991908	218.00028340036843
208.2157189999707	218.00028340036843
208.4905039999867	218.00028340036843
208.7713329999242	218.00028340036843
209.03988699999172	218.00028340036843
209.31697199994233	218.00028340036843
209.59101299999747	218.00028340036843
209.8662769999355	218.00028340036843
210.14115399995353	218.00028340036843
210.41688399994746	218.00028340036843
210.69139599998016	218.00028340036843
210.96691600000486	218.00028340036843
211.24200099997688	218.00028340036843
211.51757199992426	218.00028340036843
211.79280099994503	218.00028340036843
212.06752299994696	218.00028340036843
212.34328799997456	218.00028340036843
212.6196559999371	218.00028340036843
212.8929599999683	218.00028340036843
213.1696740000043	218.00028340036843
213.44409300002735	218.00028340036843
213.72005200001877	218.00028340036843
213.99456499994267	218.00028340036843
214.26995799993165	218.00028340036843
214.54569900000934	218.00028340036843
214.81988800002728	218.00028340036843
215.0956020000158	218.00028340036843
215.37140699999873	218.00028340036843
215.6455999999307	218.00028340036843
215.92079899995588	218.00028340036843
216.196305999998	218.00028340036843
216.47124400001485	218.00028340036843
216.7473909999244	218.00028340036843
217.02161699999124	218.00028340036843
217.29896299995016	218.00028340036843
217.57224999996834	218.00028340036843
217.84785899997223	218.00028340036843
218.12269300001208	218.00028340036843
218.39853799995035	218.00028340036843
218.67349499999546	218.00028340036843
218.94913900003303	218.00028340036843
219.22429199994076	218.00028340036843
219.49924899998587	218.00028340036843
219.77480499993544	218.00028340036843
220.04928599996492	218.00028340036843


1.9525519999442622	120.0
2.4497909999918193	120.0
2.501315000001341	120.0
3.00062499998603	120.0
3.5004519999492913	120.0
4.000627000001259	120.0
4.501181000028737	120.0
5.002602000022307	120.0
5.501358999987133	120.0
6.000679999939166	120.0
6.500297999940813	120.0
7.00116500002332	120.0
7.5003990000113845	120.0
8.000537000014447	120.0
8.501081999973394	120.0
9.001047999947332	120.0
9.501112999976613	120.0
10.000753999920562	120.0
10.500888000009581	120.0
11.000659000012092	120.0
11.501624000025913	120.0
12.000771999941207	120.0
12.501062999945134	120.0
13.000520000001416	120.0
13.500270999968052	120.0
14.000403999933042	120.0
14.501589999999851	120.0
15.004133999929763	120.0
15.50386499997694	120.0
16.00130000000354	120.0
16.50098699994851	120.0
17.000503999996	120.0
17.500802999944426	120.0
18.000727999955416	120.0
18.500606999965385	120.0
19.001318000024185	120.0
19.5014380000066	120.0
20.001604999997653	120.0
20.50100399996154	120.0
21.00084400002379	120.0
21.50025599997025	120.0
22.000762999989092	120.0
22.50138999999035	120.0
23.001035999972373	120.0
23.50077699997928	120.0
24.00043299992103	120.0
24.50101399992127	120.0
25.00106399995275	120.0
25.5009119999595	120.0
26.000913999974728	120.0
26.500649999943562	120.0
27.00117699999828	120.0
27.500962999998592	120.0
28.00158499996178	130.00013000013
28.460213999962434	130.00013000013
28.919399000005797	130.00013000013
29.380860000033863	130.00013000013
29.8425270000007	130.00013000013
30.305142999975942	198.000198000198
30.482557000010274	198.000198000198
30.788048999966122	198.000198000198
31.08927999995649	198.000198000198
31.392081000027247	198.000198000198
31.69654899998568	198.000198000198
31.99993499997072	198.000198000198
32.300948999938555	198.000198000198
32.60510099993553	198.000198000198
32.90863099996932	198.000198000198
33.209977000020444	198.000198000198
33.513074000016786	198.000198000198
33.816329999943264	198.000198000198
34.118936999933794	172.00010320006191
34.14716099994257	172.00010320006191
34.495782000012696	172.00010320006191
34.843871999997646	172.00010320006191
35.192408000002615	172.00010320006191
35.54115800000727	172.00010320006191
35.889639999950305	172.00010320006191
36.23849999997765	173.99979120025057
36.58047099993564	173.99979120025057
36.92566199996509	173.99979120025057
37.26977000001352	173.99979120025057
37.614546000026166	173.99979120025057
37.96069799992256	173.99979120025057
38.30443299992476	173.99979120025057
38.64914300001692	173.99979120025057
38.99487900000531	173.99979120025057
39.33868899999652	173.99979120025057
39.68346400000155	173.99979120025057
40.02904799999669	134.00005806669182
40.05278099991847	134.00005806669182
40.50076099997386	134.00005806669182
40.94881199998781	134.00005806669182
41.39593699993566	134.00005806669182
41.84450300002936	134.00005806669182
42.29136599996127	99.0
42.41317099996377	99.0
43.01873599993996	99.0
43.62606699997559	99.0
44.230962999979965	99.0
44.838622999959625	99.0
45.443290999974124	99.0
46.05009199993219	55.99997760000896
46.12873699993361	55.99997760000896
47.19888399995398	55.99997760000896
48.27060399996117	134.00005806669182
48.53057699999772	134.00005806669182
48.98014499992132	134.00005806669182
49.42618800001219	134.00005806669182
49.8736880000215	134.00005806669182
50.322572999983095	134.00005806669182
50.770248999935575	134.00005806669182
51.21819799998775	134.00005806669182
51.66475100000389	134.00005806669182
52.112615999998525	117.0
52.1342729999451	117.0
52.64698199997656	117.0
53.1590889999643	117.0
53.67207099997904	117.0
54.18500399996992	213.99987160007703
54.3663359999191	213.99987160007703
54.64648200001102	213.99987160007703
54.92714399995748	213.99987160007703
55.2058749999851	213.99987160007703
55.488394999993034	213.99987160007703
55.76885500003118	213.99987160007703
56.04824299993925	213.99987160007703
56.32793199992739	213.99987160007703
56.60936100000981	213.99987160007703
56.89012599992566	213.99987160007703
57.170670000021346	213.99987160007703
57.4491599999601	213.99987160007703
57.7301139999181	213.99987160007703
58.009959999937564	135.000135000135
58.03747799992561	135.000135000135
58.48037000000477	135.000135000135
58.92540199996438	135.000135000135
59.37094299995806	135.000135000135
59.814672000007704	135.000135000135
60.259445999981835	87.00002175000543
60.41962499998044	87.00002175000543
61.10706199996639	87.00002175000543
61.79738000000361	87.00002175000543
62.48676100000739	87.00002175000543
63.17539999994915	87.00002175000543
63.86492199997883	87.00002175000543
64.55505399999674	38.000008866668736
65.30880300002173	38.000008866668736
66.887037999928	167.99993280002687
66.89328900002874	167.99993280002687
67.24990099994466	167.99993280002687
67.60801500000525	167.99993280002687
67.96435899997596	167.99993280002687
68.3209949999582	167.99993280002687
68.678694000002	167.99993280002687
69.03596699994523	167.99993280002687
69.39277299994137	167.99993280002687
69.74972299998626	167.99993280002687
70.10682200000156	213.00010650005325
70.36056199995801	213.00010650005325
70.64237599994522	213.00010650005325
70.92467099998612	213.00010650005325
71.20568000001367	213.00010650005325
71.4871179999318	213.00010650005325
71.77022199996281	213.00010650005325
72.05032599996775	218.0
72.32527499995194	218.0
72.59955199994147	218.0
72.87562099995557	218.0
73.14943400002085	218.0
73.42529199994169	218.0
73.70068300003186	218.0
73.97832899994683	218.0
74.25055300001986	218.0
74.5278849999886	218.0
74.8015009999508	218.0
75.07628999999724	218.0
75.351948000025	218.0
75.62801400001626	218.0
75.9024999999674	218.0
76.17933700000867	207.00005175001294
76.19082200003322	207.00005175001294
76.47864400001708	207.00005175001294
76.76913299993612	207.00005175001294
77.05716999992728	207.00005175001294
77.34900399995968	207.00005175001294
77.6388980000047	207.00005175001294
77.92912899993826	207.00005175001294
78.21661699994002	78.9999657666815
78.60032199998386	78.9999657666815
79.36158199992497	78.9999657666815
80.11966999992728	78.9999657666815
80.87947599997278	78.9999657666815
81.6385569999693	78.9999657666815
82.39926999993622	130.0
82.69803400000092	130.0
83.15759099996649	130.0
83.61896300001536	130.0
84.08114999998361	147.0000955500621
84.47840100002941	147.0000955500621
84.88636100001168	147.0000955500621
85.29436900001019	147.0000955500621
85.70246599998791	147.0000955500621
86.10990399995353	147.0000955500621
86.51794099994004	147.0000955500621
86.92813599994406	147.0000955500621
87.3356330000097	147.0000955500621
87.74345399998128	147.0000955500621
88.15169899992179	115.00002875000719
88.19866799993906	115.00002875000719
88.72002300003078	115.00002875000719
89.2413350000279	115.00002875000719
89.7638609999558	115.00002875000719
90.28679399995599	27.00000270000027
91.27659299992956	27.00000270000027
93.49881000001915	27.00000270000027
95.7199580000015	140.00014000014
96.03146299999207	140.00014000014
96.4601740000071	60.99997255001235
97.07688299997244	60.99997255001235
98.05913800001144	60.99997255001235
99.0430139999371	60.99997255001235
100.02621299994644	178.99974940035085
100.33672199991997	178.99974940035085
100.67124599998351	178.99974940035085
101.00613100000191	178.99974940035085
101.34122399997432	178.99974940035085
101.67678899993189	178.99974940035085
102.01191599993035	189.0
102.3288669999456	189.0
102.6463699999731	189.0
102.96351199992932	189.0
103.28079099999741	189.0
103.5981080000056	189.0
103.91708899999503	189.0
104.23382900003344	189.0
104.55058799998369	189.0
104.8685739999637	189.0
105.18520399997942	189.0
105.50339899992105	189.0
105.82040700002108	189.0
106.13767899991944	191.00007640003057
106.45317400002386	191.00007640003057
106.76533500000369	191.00007640003057
107.07971999992151	191.00007640003057
107.39307799993549	191.00007640003057
107.70855999994092	191.00007640003057
108.0209549999563	191.00007640003057
108.33588999998756	78.9999657666815
108.8207720000064	78.9999657666815
109.58026299998164	78.9999657666815
110.3398439999437	78.9999657666815
111.10024099994916	78.9999657666815
111.8591010000091	78.9999657666815
112.62002299993765	114.0
112.95481100003235	114.0
113.48130899993703	114.0
114.00892900000326	114.0
114.53379499993753	64.0
114.95009499997832	64.0
115.88788399996702	64.0
116.82659700000659	64.0
117.76235299999826	64.0
118.69972199993208	73.99998273333736
119.41627299995162	73.99998273333736
120.22910300001968	176.00004693334586
120.4386190000223	176.00004693334586
120.778937999974	176.00004693334586
121.11923900002148	176.00004693334586
121.46009199996479	176.00004693334586
121.80117500002962	176.00004693334586
122.14210599998478	176.00004693334586
122.4834939999273	176.00004693334586
122.82488800003193	176.00004693334586
123.16565199999604	176.00004693334586
123.50595899997279	176.00004693334586
123.84878899995238	176.00004693334586
124.18759899993893	211.00014066676044
124.4431259999983	211.00014066676044
124.72606200003065	211.00014066676044
125.01348500000313	211.00014066676044
125.29533699993044	211.00014066676044
125.57863300002646	211.00014066676044
125.86316800001077	211.00014066676044
126.14798699994572	145.00003625000906
126.20973400003277	145.00003625000906
126.6240359999938	145.00003625000906
127.03908699995372	145.00003625000906
127.4515830000164	145.00003625000906
127.86698900000192	145.00003625000906
128.28005299996585	145.00003625000906
128.69271500001196	145.00003625000906
129.10689499997534	145.00003625000906
129.5208949999651	145.00003625000906
129.93510000000242	145.00003625000906
130.34811999998055	198.000198000198
130.5615509999916	198.000198000198
130.8654089999618	198.000198000198
131.1694809999317	198.000198000198
131.47138300002553	198.000198000198
131.77427099994384	198.000198000198
132.07751899992581	212.0
132.35598200000823	212.0
132.63863699999638	212.0
132.9211110000033	212.0
133.20465899992269	212.0
133.4891269999789	212.0
133.77022299997043	212.0
134.05408399994485	212.0
134.33716500003356	212.0
134.61959000001661	212.0
134.9031969999196	212.0
135.1860909999814	212.0
135.4699519999558	212.0
135.751644999953	212.0
136.03466899995692	212.0
136.31760599999689	60.0
137.07449699996505	60.0
138.0752700000303	177.00002655000398
138.37716299993917	177.00002655000398
138.71671599999536	177.00002655000398
139.0547179999994	177.00002655000398
139.39468100003432	177.00002655000398
139.7330859999638	177.00002655000398
140.07131099991966	177.00002655000398
140.41019999992568	177.00002655000398
140.74902300001122	177.00002655000398
141.09085799998138	177.00002655000398
141.4281079999637	177.00002655000398
141.7686789999716	177.00002655000398
142.10632599995006	171.0
142.1084109999938	171.0
142.45880199992098	171.0
142.8101519999327	171.0
143.16064799996093	171.0
143.51235700002871	171.0
143.86344300000928	171.0
144.21347800001968	160.99991681670966
144.22738199995365	160.99991681670966
144.59818099997938	160.99991681670966
144.9715060000308	160.99991681670966
145.34378899994772	160.99991681670966
145.7178099999437	160.99991681670966
146.0894449999323	160.99991681670966
146.46187599992845	160.99991681670966
146.83513499994297	160.99991681670966
147.20911599998362	160.99991681670966
147.5804159999825	160.99991681670966
147.95302399992943	160.99991681670966
148.32855600002222	118.99992463338107
148.4309329999378	118.99992463338107
148.9355440000072	118.99992463338107
149.43980900000315	118.99992463338107
149.94309800001793	118.99992463338107
150.44835500000045	50.0
151.01871099998243	50.0
152.21991600003093	50.0
153.42046900000423	50.0
154.6230209999485	62.99999685000016
155.45244100003038	62.99999685000016
156.4041979999747	55.00000458333371
156.45748999994248	55.00000458333371
157.55003599997144	55.00000458333371
158.63911099999677	55.00000458333371
159.72986500000115	55.00000458333371
160.8209949999582	73.99998273333736
161.43053100001998	73.99998273333736
162.2409650000045	193.0
162.43007899995428	193.0
162.74087099998724	193.0
163.0520489999326	193.0
163.36333900003228	193.0
163.67476399999578	193.0
163.98419099999592	193.0
164.29509999998845	193.0
164.60587500000838	193.0
164.918154999963	193.0
165.2297419999959	193.0
165.53873000002932	193.0
165.8500429999549	193.0
166.16046899999492	171.00009405005173
166.17878800001927	171.00009405005173
166.52692600002047	171.00009405005173
166.87831699999515	171.00009405005173
167.2291490000207	171.00009405005173
167.57988299999852	171.00009405005173
167.93119099992327	171.00009405005173
168.28171999996994	103.0000480666891
168.43934699997772	103.0000480666891
169.02250600000843	103.0000480666891
169.6060920000309	103.0000480666891
170.18786199996248	103.0000480666891
170.76976699999068	103.0000480666891
171.35230000002775	103.0000480666891
171.93602699995972	103.0000480666891
172.51848899992183	163.0
172.71254899993073	163.0
173.08006900001783	163.0
173.44846899993718	163.0
173.81658500002231	163.0
174.18439599999692	57.999986466669824
174.4310449999757	57.999986466669824
175.4668219999876	57.999986466669824
176.4995849999832	57.999986466669824
177.53427299996838	57.999986466669824
178.5694239999866	112.00005973336519
178.85697500000242	112.00005973336519
179.40566899999976	112.00005973336519
179.9273670000257	112.00005973336519
180.46365599997807	105.99995053335641
180.48777999996673	105.99995053335641
181.05246299994178	105.99995053335641
181.61793800001033	105.99995053335641
182.18480599997565	105.99995053335641
182.75053800002206	105.99995053335641
183.31675300002098	105.99995053335641
183.88279399997555	105.99995053335641
184.4486109999707	59.00000885000133
184.76257399993483	59.00000885000133
185.7805979999248	59.00000885000133
186.79764399991836	102.0000510000255
187.07368199992925	102.0000510000255
187.6612549999263	102.0000510000255
188.24978800001554	102.0000510000255
188.83837100001983	102.0000510000255
189.42705099994782	102.0000510000255
190.01569499995094	102.0000510000255
190.60298899991903	126.99998518333506
190.96902900002897	126.99998518333506
191.44097200001124	126.99998518333506
191.91377899993677	126.99998518333506
192.38649800000712	218.0
192.5265130000189	218.0
192.80195400002412	218.0
193.07664400001522	218.0
193.35208300000522	218.0
193.62703500001226	218.0
193.90298699995037	218.0
194.1780339999823	218.0
194.4537189999828	218.0
194.72907000000123	218.0
195.00425200001337	218.0
195.27957299991976	218.0
195.5547759999754	218.0
195.82925299997441	218.0
196.1045940000331	218.0
196.37962000002153	218.0
196.65631999995094	218.0
196.9314519999316	218.0
197.2066019999329	218.0
197.48018399998546	218.0
197.75590999994893	218.0
198.0308560000267	218.0
198.30610699998215	218.0
198.58154799998738	218.0
198.85631099995226	218.0
199.1322040000232	218.0
199.4089559999993	218.0
199.68296999996528	218.0
199.95988999994006	218.0
200.23586799995974	218.0
200.5087460000068	218.0
200.7839249999961	218.0
201.05815499997698	218.0
201.333639999968	218.0
201.60852799995337	218.0
201.88474599993788	218.0
202.1590739999665	218.0
202.4356179999886	218.0
202.70990299992263	218.0
202.98645999992732	218.0
203.26194400002714	218.0
203.53679099993315	218.0
203.81043499999214	218.0
204.08763199998066	218.0
204.36115899996366	218.0
204.6365699999733	218.0
204.91141299996525	218.0
205.18882399995346	218.0
205.46232799999416	218.0
205.73863999999594	218.0
206.01321999996435	218.0
206.28971699997783	218.0
206.56379599997308	218.0
206.83910899993498	218.0
207.11414700001478	218.0
207.38997000001837	218.0
207.6646479999181	218.0
207.9397970000282	218.0
208.215533999959	218.0
208.49002000002656	218.0
208.77055100002326	218.0
209.03988699999172	218.0
209.31676600000355	218.0
209.5907700000098	218.0
209.86600799998268	218.0
210.1415730000008	218.0
210.4172419999959	218.0
210.69157399993856	218.0
210.96713100001216	218.0
211.24286699993536	218.0
211.51738299999852	218.0
211.79284000000916	218.0
212.06753100000788	218.0
212.34306600003038	218.0
212.6196329999948	218.0
212.89340199995786	218.0
213.16945499996655	218.0
213.44384099997114	218.0
213.71984999999404	218.0
213.99418499995954	218.0
214.27014099992812	218.0
214.54532199993264	218.0
214.82013399992138	218.0
215.09540899994317	218.0
215.37100099993404	218.0
215.6458289999282	218.0
215.92102100001648	218.0
216.19682199996896	218.0
216.47124999994412	218.0
216.74713000003248	218.0
217.02167099993676	218.0
217.2987509999657	218.0
217.5722179999575	218.0
217.84823999996297	218.0
218.1224579999689	218.0
218.39830999996047	218.0
218.67327399994247	218.0
218.94938599993475	218.0
219.22406899998896	218.0
219.4995259999996	218.0
219.775171999936	218.0
220.0494310000213	218.0


3.960579999955371	120.0
4.455860999994911	120.0
4.501648999983445	120.0
5.002923000021838	120.0
5.500809999997728	120.0
6.0006999999750406	120.0
6.500297999940813	120.0
7.00116500002332	120.0
7.500707999919541	120.0
8.000372999929823	120.0
8.500724999932572	120.0
9.000688000000082	120.0
9.500815999927	120.0
10.000383000005968	120.0
10.50067300000228	120.0
11.000659000012092	120.0
11.5013349999208	120.0
12.000537000014447	120.0
12.50086199992802	120.0
13.0003039999865	120.0
13.502927999943495	120.0
14.000952999922447	120.0
14.500998999923468	120.0
15.003863999969326	120.0
15.503793000010774	120.0
16.00092899997253	120.0
16.50139999995008	120.0
17.00030600000173	120.0
17.50057499995455	120.0
18.00092199991923	120.0
18.5013190000318	120.0
19.000379999983124	120.0
19.50103299994953	120.0
20.001379000023007	120.0
20.50046399992425	120.0
21.000474000000395	120.0
21.500508000026457	120.0
22.00118699995801	120.0
22.50169800000731	120.0
23.00135799997952	120.0
23.501084999996237	120.0
24.001045999932103	120.0
24.500389999942854	120.0
25.001120999921113	120.0
25.501301000011154	120.0
26.000599000020884	120.0
26.500918000005186	120.0
27.00117699999828	120.0
27.501335999928415	120.0
28.00129599997308	130.00013000013
28.460257999948226	130.00013000013
28.919747999985702	130.00013000013
29.380803999956697	130.00013000013
29.842560000019148	130.00013000013
30.305531000019982	198.000198000198
30.4828480000142	198.000198000198
30.787240999983624	198.000198000198
31.088675000006333	198.000198000198
31.392527999938466	198.000198000198
31.69621800002642	198.000198000198
31.999508999986574	198.000198000198
32.3013599999249	198.000198000198
32.60543100000359	198.000198000198
32.90879499993753	198.000198000198
33.20963099994697	198.000198000198
33.512916999985464	198.000198000198
33.8165919999592	198.000198000198
34.11892999999691	172.00010320006191
34.14728999999352	172.00010320006191
34.494995999964885	172.00010320006191
34.84392699995078	172.00010320006191
35.192092999932356	172.00010320006191
35.540857999934815	172.00010320006191
35.889639999950305	172.00010320006191
36.23849999997765	174.0
36.58012099994812	174.0
36.925227000028826	174.0
37.26956099993549	174.0
37.614340999978594	174.0
37.96098500001244	174.0
38.304149999981746	174.0
38.6493199999677	174.0
38.995169000001624	174.0
39.338441999978386	174.0
39.68369400000665	174.0
40.0294190000277	134.00005806669182
40.053254000027664	134.00005806669182
40.500435999943875	134.00005806669182
40.94880299991928	134.00005806669182
41.39568399998825	134.00005806669182
41.84440199995879	134.00005806669182
42.29169699992053	98.99993565004183
42.412969999946654	98.99993565004183
43.01897600002121	98.99993565004183
43.625628000008874	98.99993565004183
44.23071799997706	98.99993565004183
44.838849999941885	98.99993565004183
45.44304599997122	98.99993565004183
46.049756999942474	56.0
46.12853799993172	56.0
47.19908299995586	56.0
48.27021500002593	134.00005806669182
48.53033700003289	134.00005806669182
48.980335999978706	134.00005806669182
49.42602899996564	134.00005806669182
49.87408700003289	134.00005806669182
50.32203399995342	134.00005806669182
50.769802000024356	134.00005806669182
51.21782699995674	134.00005806669182
51.66500299994368	134.00005806669182
52.112406000029296	116.99988885010559
52.13409900001716	116.99988885010559
52.64722399995662	116.99988885010559
53.15883899992332	116.99988885010559
53.671750999987125	116.99988885010559
54.18535499996506	213.99987160007703
54.36651800002437	213.99987160007703
54.646630999981426	213.99987160007703
54.92827799997758	213.99987160007703
55.2058749999851	213.99987160007703
55.48814399994444	213.99987160007703
55.768989000003785	213.99987160007703
56.04876399994828	213.99987160007703
56.328189000021666	213.99987160007703
56.60909599997103	213.99987160007703
56.8903360000113	213.99987160007703
57.172023999970406	213.99987160007703
57.44891999999527	213.99987160007703
57.72991400002502	213.99987160007703
58.009614999988116	213.99987160007703
58.290290999924764	135.000135000135
58.48019299993757	135.000135000135
58.92562100000214	135.000135000135
59.371151000028476	135.000135000135
59.814397000009194	135.000135000135
60.25902999995742	87.00002175000543
60.41749299992807	87.00002175000543
61.10728599992581	87.00002175000543
61.79723799997009	87.00002175000543
62.48656899994239	87.00002175000543
63.17561099992599	87.00002175000543
63.86513199994806	87.00002175000543
64.55484400002751	38.000008866668736
65.30879299994558	38.000008866668736
66.88602099998388	168.0
66.89364499994554	168.0
67.2496960000135	168.0
67.60800000000745	168.0
67.96432199992705	168.0
68.3209949999582	168.0
68.67849900003057	168.0
69.03576999995857	168.0
69.39300199993886	168.0
69.74974599992856	168.0
70.10690299991984	213.00010650005325
70.36034799995832	213.00010650005325
70.6424119999865	213.00010650005325
70.92428699997254	213.00010650005325
71.20560400001705	213.00010650005325
71.4871179999318	213.00010650005325
71.77040799998213	213.00010650005325
72.051277999999	218.00028340036843
72.32504799996968	218.00028340036843
72.59970799996518	218.00028340036843
72.87579399999231	218.00028340036843
73.14981299999636	218.00028340036843
73.42490300000645	218.00028340036843
73.70055499998853	218.00028340036843
73.97577599994838	218.00028340036843
74.25055300001986	218.00028340036843
74.52776399999857	218.00028340036843
74.8015009999508	218.00028340036843
75.07628999999724	218.00028340036843
75.35218199994415	218.00028340036843
75.62803499994334	218.00028340036843
75.90275000000838	218.00028340036843
76.1788059999235	207.0
76.19108299992513	207.0
76.47890999994706	207.0
76.76883399998769	207.0
77.05740299995523	207.0
77.34943800000474	207.0
77.6392909999704	207.0
77.92892899992876	207.0
78.21704499993939	78.9999657666815
78.60052700003143	78.9999657666815
79.35986999992747	78.9999657666815
80.11948400002439	78.9999657666815
80.87890499993227	78.9999657666815
81.6387359999353	78.9999657666815
82.3994829999283	130.00013000013
82.69779999996535	130.00013000013
83.1574069999624	130.00013000013
83.61917700001504	130.00013000013
84.08136499999091	147.0000955500621
84.47851599997375	147.0000955500621
84.8867489999393	147.0000955500621
85.2950590000255	147.0000955500621
85.70223900000565	147.0000955500621
86.11013599997386	147.0000955500621
86.51780899998266	147.0000955500621
86.92795599997044	147.0000955500621
87.33565899997484	147.0000955500621
87.74366599996574	147.0000955500621
88.15127299993765	115.00002875000719
88.19921999995131	115.00002875000719
88.72014799993485	115.00002875000719
89.2413350000279	115.00002875000719
89.7638609999558	115.00002875000719
90.28621699998621	27.00000270000027
91.27640099998098	27.00000270000027
93.49895799998194	27.00000270000027
95.71970000001602	140.00014000014
96.03146299999207	61.0
96.09201799996663	61.0
97.0768720000051	61.0
98.05913800001144	61.0
99.04328999994323	61.0
100.0264919999754	178.99974940035085
100.33672199991997	178.99974940035085
100.67163899994921	178.99974940035085
101.00627699994948	178.99974940035085
101.34169599995948	178.99974940035085
101.6772120000096	178.99974940035085
102.01186299999245	178.99974940035085
102.34834000002593	189.000189000189
102.64592599996831	189.000189000189
102.96285899996292	189.000189000189
103.28060199995525	189.000189000189
103.59833599999547	189.000189000189
103.91732300003059	189.000189000189
104.23353099997621	189.000189000189
104.55116899998393	189.000189000189
104.86799800000153	189.000189000189
105.18573399994057	189.000189000189
105.50371499999892	189.000189000189
105.82062899996527	189.000189000189
106.13924299995415	191.0
106.45147099997848	191.0
106.76450399996247	191.0
107.08055099996272	191.0
107.39307799993549	191.0
107.70882199995685	191.0
108.02070799993817	191.0
108.33563600003254	78.9999657666815
108.82051699992735	78.9999657666815
109.58047799998894	78.9999657666815
110.33961000002455	78.9999657666815
111.1004289999837	78.9999657666815
111.85948099999223	78.9999657666815
112.62002299993765	113.99995440001824
112.95501799997874	113.99995440001824
113.48101600003429	113.99995440001824
114.00917700002901	113.99995440001824
114.53406700002961	64.0
114.95009499997832	64.0
115.88936799997464	64.0
116.8265759999631	64.0
117.76293099997565	64.0
118.70018699998036	73.99998273333736
119.41627299995162	73.99998273333736
120.2291640000185	176.00004693334586
120.4386190000223	176.00004693334586
120.77833699993789	176.00004693334586
121.1203380000079	176.00004693334586
121.4605079999892	176.00004693334586
121.80135800002608	176.00004693334586
122.14202099991962	176.00004693334586
122.48326799995266	176.00004693334586
122.82511899992824	176.00004693334586
123.16565199999604	176.00004693334586
123.50608199997805	176.00004693334586
123.84858799993526	176.00004693334586
124.18781599996146	211.00014066676044
124.44352500000969	211.00014066676044
124.72629699995741	211.00014066676044
125.01312899996992	211.00014066676044
125.29558399994858	211.00014066676044
125.57911199994851	211.00014066676044
125.86371299996972	211.00014066676044
126.14823499997146	145.0
126.20996300003026	145.0
126.62370799994096	145.0
127.0399960000068	145.0
127.4515830000164	145.0
127.86670699995011	145.0
128.28239599999506	145.0
128.69271500001196	145.0
129.10748300002888	145.0
129.52039499999955	145.0
129.93535699998029	145.0
130.34773999999743	198.000198000198
130.56171799998265	198.000198000198
130.8654089999618	198.000198000198
131.16949400003068	198.000198000198
131.4707059999928	198.000198000198
131.77402100001927	198.000198000198
132.07733599992935	211.99990106671282
132.3555349999806	211.99990106671282
132.63863699999638	211.99990106671282
132.92110099992715	211.99990106671282
133.20439600001555	211.99990106671282
133.48910000000615	211.99990106671282
133.77067100000568	211.99990106671282
134.05384399998002	211.99990106671282
134.33716500003356	211.99990106671282
134.61962299991865	211.99990106671282
134.90296300000045	211.99990106671282
135.18649699992966	211.99990106671282
135.4699519999558	211.99990106671282
135.751644999953	211.99990106671282
136.03466899995692	60.0
136.07435499993153	60.0
137.07420999999158	60.0
138.0747669999255	60.0
139.07498000003397	177.00002655000398
139.39440899994224	177.00002655000398
139.73351299995556	177.00002655000398
140.07159800000954	177.00002655000398
140.4104090000037	177.00002655000398
140.74906199995894	177.00002655000398
141.09066200000234	177.00002655000398
141.42780099995434	177.00002655000398
141.7682649999624	177.00002655000398
142.10659400001168	171.00009405005173
142.10817599995062	171.00009405005173
142.4590339999413	171.00009405005173
142.80989599996246	171.00009405005173
143.16087399993557	171.00009405005173
143.51261299999896	171.00009405005173
143.86367099999916	171.00009405005173
144.21327700000256	160.99991681670966
144.22677599999588	160.99991681670966
144.59828499995638	160.99991681670966
144.97179999994114	160.99991681670966
145.34378899994772	160.99991681670966
145.7177789999405	160.99991681670966
146.08939600002486	160.99991681670966
146.46187599992845	160.99991681670966
146.83504599996377	160.99991681670966
147.20945999992546	160.99991681670966
147.58065799996257	160.99991681670966
147.9525849999627	160.99991681670966
148.32884999993257	118.99992463338107
148.43057999992743	118.99992463338107
148.9355440000072	118.99992463338107
149.4401389999548	118.99992463338107
149.943711000029	118.99992463338107
150.44895400002133	50.0
151.01984600001015	50.0
152.21971099998336	50.0
153.42036099999677	50.0
154.6235020000022	62.99999685000016
155.4517089999281	62.99999685000016
156.4041979999747	55.0
156.4579349999549	55.0
157.54996299999766	55.0
158.6393799999496	55.0
159.72986500000115	55.0
160.82097799994517	73.99998273333736
161.43021899997257	73.99998273333736
162.24098999996204	192.99989385005838
162.42989099991973	192.99989385005838
162.741268999991	192.99989385005838
163.05203799996525	192.99989385005838
163.36351699999068	192.99989385005838
163.67425999999978	192.99989385005838
163.98438399995212	192.99989385005838
164.2948969999561	192.99989385005838
164.60609399992973	192.99989385005838
164.91794800001662	192.99989385005838
165.22953399992548	192.99989385005838
165.53837199998088	192.99989385005838
165.84959999995772	192.99989385005838
166.16068700002506	171.0
166.1788879999658	171.0
166.52741199999582	171.0
166.87802699999884	171.0
167.22927899996284	171.0
167.57960499997716	171.0
167.93097099999432	171.0
168.28171999996994	103.0000480666891
168.43970699992497	103.0000480666891
169.02290099998936	103.0000480666891
169.60657099995296	103.0000480666891
170.18758399994113	103.0000480666891
170.7699840000132	103.0000480666891
171.3525779999327	103.0000480666891
171.9357880000025	103.0000480666891
172.5181829999201	163.00007063336395
172.7123029999202	163.00007063336395
173.08026299998164	163.00007063336395
173.44897100003436	163.00007063336395
173.81694199994672	163.00007063336395
174.18456800002605	57.999986466669824
174.43118700000923	57.999986466669824
175.4652149999747	57.999986466669824
176.50057999999262	57.999986466669824
177.53403300000355	57.999986466669824
178.5700380000053	112.00005973336519
178.85695499996655	112.00005973336519
179.40569299994968	112.00005973336519
179.92835800000466	112.00005973336519
180.46386899997015	105.99995053335641
180.4880229999544	105.99995053335641
181.05270400003064	105.99995053335641
181.61753799999133	105.99995053335641
182.18456999992486	105.99995053335641
182.75032799993642	105.99995053335641
183.31705599999987	105.99995053335641
183.8825609999476	105.99995053335641
184.4484480000101	59.00000885000133
184.76287199999206	59.00000885000133
185.78037900000345	59.00000885000133
186.79758599994238	102.0
187.07353299995884	102.0
187.66146400000434	102.0
188.24978800001554	102.0
188.8381529999897	102.0
189.42679800000042	102.0
190.015328999958	102.0
190.60320999997202	126.99998518333506
190.96922099997755	126.99998518333506
191.4407329999376	126.99998518333506
191.91400599991903	126.99998518333506
192.38669099996332	218.00028340036843
192.52629399998114	218.00028340036843
192.8017680000048	218.00028340036843
193.07718899997417	218.00028340036843
193.35208300000522	218.00028340036843
193.6275439999299	218.00028340036843
193.90281499992125	218.00028340036843
194.1779010000173	218.00028340036843
194.45375099999364	218.00028340036843
194.72908700001426	218.00028340036843
195.00425200001337	218.00028340036843
195.27944399998523	218.00028340036843
195.55451199994422	218.00028340036843
195.8291840000311	218.00028340036843
196.10475499997847	218.00028340036843
196.37939799996093	218.00028340036843
196.6565029999474	218.00028340036843
196.9347069999203	218.00028340036843
197.2069279999705	218.00028340036843
197.48073399998248	218.00028340036843
197.7556849999819	218.00028340036843
198.0312429999467	218.00028340036843
198.30675099999644	218.00028340036843
198.58176600001752	218.00028340036843
198.85653400002047	218.00028340036843
199.1319679999724	218.00028340036843
199.4091560000088	218.00028340036843
199.68321299995296	218.00028340036843
199.95970599993598	218.00028340036843
200.23475599999074	218.00028340036843
200.5087170000188	218.00028340036843
200.783502999926	218.00028340036843
201.0583789999364	218.00028340036843
201.33343100000639	218.00028340036843
201.60872699995525	218.00028340036843
201.88495600002352	218.00028340036843
202.15928000002168	218.00028340036843
202.43604199995752	218.00028340036843
202.7097300000023	218.00028340036843
202.9860430000117	218.00028340036843
203.26268399995752	218.00028340036843
203.53701099997852	218.00028340036843
203.81067799997982	218.00028340036843
204.08740999992006	218.00028340036843
204.36139700002968	218.00028340036843
204.6368810000131	218.00028340036843
204.91196099994704	218.00028340036843
205.1888059999328	218.00028340036843
205.46263999992516	218.00028340036843
205.73863999999594	218.00028340036843
206.01362899993546	218.00028340036843
206.28971699997783	218.00028340036843
206.56429799995385	218.00028340036843
206.83935699996073	218.00028340036843
207.11414700001478	218.00028340036843
207.38999900000636	218.00028340036843
207.66452500002924	218.00028340036843
207.94001199991908	218.00028340036843
208.215533999959	218.00028340036843
208.49028899997938	218.00028340036843
208.77154699992388	218.00028340036843
209.04012699995656	218.00028340036843
209.31676600000355	218.00028340036843
209.5907700000098	218.00028340036843
209.86600799998268	218.00028340036843
210.14136799995322	218.00028340036843
210.41706399992108	218.00028340036843
210.69118500000332	218.00028340036843
210.9666440000292	218.00028340036843
211.24221599998418	218.00028340036843
211.51780699996743	218.00028340036843
211.79298099991865	218.00028340036843
212.06778699997813	218.00028340036843
212.34306600003038	218.00028340036843
212.61988899996504	218.00028340036843
212.89315699995495	218.00028340036843
213.16986100003123	218.00028340036843
213.44432399992365	218.00028340036843
213.7200849999208	218.00028340036843
213.99440999992657	218.00028340036843
214.26992599992082	218.00028340036843
214.54532199993264	218.00028340036843
214.81988800002728	218.00028340036843
215.0953880000161	218.00028340036843
215.37125299999025	218.00028340036843
215.64558899996337	218.00028340036843
215.9205119999824	218.00028340036843
216.19658999994863	218.00028340036843
216.47172399994452	218.00028340036843
216.74747699999716	218.00028340036843
217.02181800000835	218.00028340036843
217.2987209999701	218.00028340036843
217.5720319999382	218.00028340036843
217.84805399994366	218.00028340036843
218.1228869999759	218.00028340036843
218.39815999998245	218.00028340036843
218.67349499999546	218.00028340036843
218.94957799999975	218.00028340036843
219.22406899998896	218.00028340036843
219.49980200000573	218.00028340036843
219.77510400000028	218.00028340036843
220.04905199992936	218.00028340036843


6.064950999920256	120.0
6.55891799996607	120.0
7.000848999945447	120.0
7.500694999936968	120.0
8.000272999983281	120.0
8.500724999932572	120.0
9.001702999928966	120.0
9.500815999927	120.0
10.000360999954864	120.0
10.500692999921739	120.0
11.000346999964677	120.0
11.5013349999208	120.0
12.000514999963343	120.0
12.50064400001429	120.0
13.000631999922916	120.0
13.500656999996863	120.0
14.000516999978572	120.0
14.501229999936186	120.0
15.000866999966092	120.0
15.503093999926932	120.0
16.001036999979988	120.0
16.50092100002803	120.0
17.000710999942385	120.0
17.50034799997229	120.0
18.000326999928802	120.0
18.501017999951728	120.0
19.000783000024967	120.0
19.500612000003457	120.0
20.001028999919072	120.0
20.500843000016175	120.0
21.00078499992378	120.0
21.50108800001908	120.0
22.000762999989092	120.0
22.50138999999035	120.0
23.001010000007227	120.0
23.50077699997928	120.0
24.00078400003258	120.0
24.50069000001531	120.0
25.00135199993383	120.0
25.501265999977477	120.0
26.001200999948196	120.0
26.500942999962717	120.0
27.00146699999459	120.0
27.500707000028342	120.0
28.00129599997308	130.0
28.460611999966204	130.0
28.919705000007525	130.0
29.381225000019185	130.0
29.842262999969535	130.0
30.305531000019982	198.000198000198
30.4828480000142	198.000198000198
30.788094999967143	198.000198000198
31.08899099996779	198.000198000198
31.392081000027247	198.000198000198
31.69654899998568	198.000198000198
31.99982699996326	198.000198000198
32.300969999982044	198.000198000198
32.60550299996976	198.000198000198
32.90845500002615	198.000198000198
33.209805999998935	198.000198000198
33.512856999994256	198.000198000198
33.81669200002216	198.000198000198
34.119143999996595	172.00010320006191
34.14757999998983	172.00010320006191
34.495468999957666	172.00010320006191
34.84430999995675	172.00010320006191
35.192092999932356	172.00010320006191
35.540857999934815	172.00010320006191
35.88940400001593	172.00010320006191
36.238706000032835	173.99979120025057
36.58012099994812	173.99979120025057
36.925227000028826	173.99979120025057
37.26954999996815	173.99979120025057
37.6146970000118	173.99979120025057
37.96066999994218	173.99979120025057
38.304149999981746	173.99979120025057
38.649124999996275	173.99979120025057
38.99502199993003	173.99979120025057
39.33867700002156	173.99979120025057
39.6832080000313	173.99979120025057
40.02922399993986	134.00005806669182
40.05304699996486	134.00005806669182
40.50058400002308	134.00005806669182
40.9491599999601	134.00005806669182
41.395636999979615	134.00005806669182
41.844699000008404	134.00005806669182
42.29193199996371	98.99993565004183
42.412969999946654	98.99993565004183
43.0184860000154	98.99993565004183
43.62585700000636	98.99993565004183
44.23119299998507	98.99993565004183
44.8383619999513	98.99993565004183
45.443515999941155	98.99993565004183
46.0499439999694	55.99997760000896
46.12890899996273	55.99997760000896
47.19866999995429	55.99997760000896
48.270429000025615	134.0
48.53070000000298	134.0
48.98017500003334	134.0
49.426017999998294	134.0
49.87391900003422	134.0
50.32238199992571	134.0
50.76983000000473	134.0
51.21783500001766	134.0
51.66488699999172	134.0
52.112406000029296	116.99988885010559
52.13409900001716	116.99988885010559
52.646867999923415	116.99988885010559
53.1590889999643	116.99988885010559
53.67204400000628	116.99988885010559
54.1850240000058	213.99987160007703
54.366130999987945	213.99987160007703
54.646461999975145	213.99987160007703
54.927388999960385	213.99987160007703
55.206267999950796	213.99987160007703
55.48816099995747	213.99987160007703
55.76864999998361	213.99987160007703
56.04858800000511	213.99987160007703
56.32817699993029	213.99987160007703
56.609106999938376	213.99987160007703
56.89036499999929	213.99987160007703
57.17018899996765	213.99987160007703
57.44930600002408	213.99987160007703
57.72994599991944	213.99987160007703
58.00978299998678	135.0
58.03750899992883	135.0
58.48041199997533	135.0
58.92540199996438	135.0
59.37055300001521	135.0
59.81418999994639	135.0
60.25924499996472	87.00002175000543
60.41949200001545	87.00002175000543
61.10706199996639	87.00002175000543
61.796996999997646	87.00002175000543
62.486750999931246	87.00002175000543
63.17539999994915	87.00002175000543
63.86530199996196	87.00002175000543
64.55509799998254	38.000008866668736
65.30898999993224	38.000008866668736
66.88620499998797	167.99993280002687
66.89329699997324	167.99993280002687
67.2499110000208	167.99993280002687
67.60822399996687	167.99993280002687
67.9641169999959	167.99993280002687
68.32136599998921	167.99993280002687
68.67849900003057	167.99993280002687
69.03552799997851	167.99993280002687
69.39321699994616	167.99993280002687
69.75011799996719	167.99993280002687
70.10814100003336	213.00010650005325
70.36078899994027	213.00010650005325
70.64215600001626	213.00010650005325
70.92428699997254	213.00010650005325
71.20530099992175	213.00010650005325
71.48688600002788	213.00010650005325
71.7699909999501	213.00010650005325
72.0507669999497	218.00028340036843
72.32509699999355	218.00028340036843
72.59953000000678	218.00028340036843
72.87544199998956	218.00028340036843
73.14943400002085	218.00028340036843
73.42490300000645	218.00028340036843
73.70052800001577	218.00028340036843
73.97520899993833	218.00028340036843
74.25032099999953	218.00028340036843
74.5274479999207	218.00028340036843
74.80212899995968	218.00028340036843
75.07605399994645	218.00028340036843
75.35167699994054	218.00028340036843
75.62780899996869	218.00028340036843
75.9024999999674	218.00028340036843
76.17736099998001	207.00005175001294
76.19013300002553	207.00005175001294
76.47892899997532	207.00005175001294
76.76935900002718	207.00005175001294
77.05764299992006	207.00005175001294
77.34901300002821	207.00005175001294
77.63865700003225	207.00005175001294
77.92889899993315	207.00005175001294
78.21661699994002	79.0
78.60056399996392	79.0
79.36324500001501	79.0
80.11928199999966	79.0
80.87919399992097	79.0
81.63833899993915	79.0
82.39950299996417	130.00013000013
82.69778899999801	130.00013000013
83.1574069999624	130.00013000013
83.61917700001504	130.00013000013
84.08095700002741	147.0000955500621
84.47812200000044	147.0000955500621
84.88660500000697	147.0000955500621
85.29480000003241	147.0000955500621
85.70223900000565	147.0000955500621
86.11013599997386	147.0000955500621
86.51778100000229	147.0000955500621
86.92795599997044	147.0000955500621
87.33610199997202	147.0000955500621
87.74323199992068	147.0000955500621
88.15097900002729	115.0
88.1986409999663	115.0
88.72021599998698	115.0
89.24240799993277	115.0
89.76408599992283	115.0
90.28621699998621	27.00000270000027
91.27693299995735	27.00000270000027
93.49856600002386	27.00000270000027
95.71970000001602	140.00014000014
96.03126099996734	140.00014000014
96.45988700003363	60.99997255001235
97.07712399994489	60.99997255001235
98.05937499995343	60.99997255001235
99.04258999996819	60.99997255001235
100.0264769999776	178.99974940035085
100.33699099998921	178.99974940035085
100.67144399997778	178.99974940035085
101.00667999999132	178.99974940035085
101.341466999962	178.99974940035085
101.67700399993919	178.99974940035085
102.0121710000094	178.99974940035085
102.34834000002593	189.000189000189
102.64592599996831	189.000189000189
102.9631909999298	189.000189000189
103.2806120000314	189.000189000189
103.59839199995622	189.000189000189
103.91708899999503	189.000189000189
104.23353099997621	189.000189000189
104.55058799998369	189.000189000189
104.86832000000868	189.000189000189
105.18544399994425	189.000189000189
105.50480699993204	189.000189000189
105.82040700002108	189.000189000189
106.13811699999496	191.00007640003057
106.45120499993209	191.00007640003057
106.76674799993634	191.00007640003057
107.07964999997057	191.00007640003057
107.39348099997733	191.00007640003057
107.70858500001486	191.00007640003057
108.0212210000027	79.0
108.06119699997362	79.0
108.82101800001692	79.0
109.58066400000826	79.0
110.33961000002455	79.0
111.10024099994916	79.0
111.85925300000235	79.0
112.62027499999385	113.99995440001824
112.95478799997363	113.99995440001824
113.48130899993703	113.99995440001824
114.00944499997422	113.99995440001824
114.53381900000386	64.0
114.95032800000627	64.0
115.88980499992613	64.0
116.82634499995038	64.0
117.76261199999135	64.0
118.69972199993208	74.0
119.41655500000343	74.0
120.22929699998349	176.00004693334586
120.43917799997143	176.00004693334586
120.78053500002716	176.00004693334586
121.1195300000254	176.00004693334586
121.46033099992201	176.00004693334586
121.80092399998102	176.00004693334586
122.14237299992237	176.00004693334586
122.48326799995266	176.00004693334586
122.82464599993546	176.00004693334586
123.16585599991959	176.00004693334586
123.50633699994069	176.00004693334586
123.84835799993016	176.00004693334586
124.18785099999513	211.00014066676044
124.44224899995606	211.00014066676044
124.72652100003324	211.00014066676044
125.01272599992808	211.00014066676044
125.29576999996789	211.00014066676044
125.57888399995863	211.00014066676044
125.86345299996901	211.00014066676044
126.14823499997146	145.00003625000906
126.2101590000093	145.00003625000906
126.6242659999989	145.00003625000906
127.03978300001472	145.00003625000906
127.451924999943	145.00003625000906
127.86698900000192	145.00003625000906
128.2812050000066	145.00003625000906
128.69299499993213	145.00003625000906
129.10696799994912	145.00003625000906
129.52039499999955	145.00003625000906
129.93510000000242	145.00003625000906
130.34792500000913	198.000198000198
130.56203599995933	198.000198000198
130.86564899992663	198.000198000198
131.16974899999332	198.000198000198
131.47073499998078	198.000198000198
131.77402100001927	198.000198000198
132.07713400002103	211.99990106671282
132.3555349999806	211.99990106671282
132.63893699995242	211.99990106671282
132.92134300002363	211.99990106671282
133.20439600001555	211.99990106671282
133.4895569999935	211.99990106671282
133.77045900002122	211.99990106671282
134.05430600000545	211.99990106671282
134.33745200000703	211.99990106671282
134.62001600000076	211.99990106671282
134.90296300000045	211.99990106671282
135.18632600002456	211.99990106671282
135.4701880000066	211.99990106671282
135.75212199997623	211.99990106671282
136.03494699997827	60.0
136.0746700000018	60.0
137.0739439999452	60.0
138.07503099995665	177.0
138.37682899995707	177.0
138.716970999958	177.0
139.05498100002296	177.0
139.39408100000583	177.0
139.7333080000244	177.0
140.07159800000954	177.0
140.41044100001454	177.0
140.7492589999456	177.0
141.09042000002228	177.0
141.42777900001965	177.0
141.7673749999376	177.0
142.1067219999386	171.00009405005173
142.10817599995062	171.00009405005173
142.45882299996447	171.00009405005173
142.8099200000288	171.00009405005173
143.16064799996093	171.00009405005173
143.51280999998562	171.00009405005173
143.86382800003048	171.00009405005173
144.21353599999566	160.99991681670966
144.22677599999588	160.99991681670966
144.5979309999384	160.99991681670966
144.97122800000943	160.99991681670966
145.3439879999496	160.99991681670966
145.71809999994002	160.99991681670966
146.08994999993593	160.99991681670966
146.46226199995726	160.99991681670966
146.8355290000327	160.99991681670966
147.20877499994822	160.99991681670966
147.58000600000378	160.99991681670966
147.9533989999909	160.99991681670966
148.3284810000332	119.0
148.43089299998246	119.0
148.9361730000237	119.0
149.44016599992756	119.0
149.94341900001746	119.0
150.44866599992383	50.0
151.01906299998518	50.0
152.21913199999835	50.0
153.42003499995917	50.0
154.62309300003108	62.99999685000016
155.4521470000036	62.99999685000016
156.40451399993617	55.00000458333371
156.45748999994248	55.00000458333371
157.55027200002223	55.00000458333371
158.6391209999565	55.00000458333371
159.73009399999864	55.00000458333371
160.82131499995012	73.99998273333736
161.43053100001998	73.99998273333736
162.24068599997554	192.99989385005838
162.43007899995428	192.99989385005838
162.74087099998724	192.99989385005838
163.05243699997663	192.99989385005838
163.3633919999702	192.99989385005838
163.67453900002874	192.99989385005838
163.98419099999592	192.99989385005838
164.2952519999817	192.99989385005838
164.60627999994904	192.99989385005838
164.918154999963	192.99989385005838
165.22954400000162	192.99989385005838
165.53837199998088	192.99989385005838
165.84942300000694	192.99989385005838
166.16026899998542	171.00009405005173
166.1771230000304	171.00009405005173
166.5272170000244	171.00009405005173
166.87831699999515	171.00009405005173
167.22902099997737	171.00009405005173
167.57988299999852	171.00009405005173
167.93119099992327	171.00009405005173
168.28190499998163	103.0
168.43934699997772	103.0
169.0225259999279	103.0
169.6048019999871	103.0
170.1873589999741	103.0
170.76976699999068	103.0
171.35245599993505	103.0
171.9365659999894	103.0
172.5187460000161	163.00007063336395
172.712538999971	163.00007063336395
173.0804680000292	163.00007063336395
173.44826899992768	163.00007063336395
173.81678899994586	163.00007063336395
174.18467999994755	57.999986466669824
174.43082799995318	57.999986466669824
175.46524199994747	57.999986466669824
176.49947899999097	57.999986466669824
177.53423500002827	57.999986466669824
178.5702469999669	112.0
178.8576190000167	112.0
179.40514299995266	112.0
179.92822100000922	112.0
180.4641769999871	105.99995053335641
180.48560200002976	105.99995053335641
181.05242800002452	105.99995053335641
181.61753799999133	105.99995053335641
182.18451599997934	105.99995053335641
182.7505269999383	105.99995053335641
183.31727400003	105.99995053335641
183.8828049999429	105.99995053335641
184.44863899995107	59.00000885000133
184.76279599999543	59.00000885000133
185.78037900000345	59.00000885000133
186.79745099996217	102.0000510000255
187.0734269999666	102.0000510000255
187.66165000002366	102.0000510000255
188.24997699994128	102.0000510000255
188.8384579999838	102.0000510000255
189.4265080000041	102.0000510000255
190.01551699999254	102.0000510000255
190.60336499998812	126.99998518333506
190.96938899997622	126.99998518333506
191.44120300002396	126.99998518333506
191.91377899993677	126.99998518333506
192.3864899999462	218.00028340036843
192.52602899994235	218.00028340036843
192.8017680000048	218.00028340036843
193.07691800000612	218.00028340036843
193.35244099993724	218.00028340036843
193.6273720000172	218.00028340036843
193.90259800001513	218.00028340036843
194.17752699996345	218.00028340036843
194.45389399991836	218.00028340036843
194.72928500000853	218.00028340036843
195.0046779999975	218.00028340036843
195.2798409999814	218.00028340036843
195.55454299994744	218.00028340036843
195.82898999995086	218.00028340036843
196.10480700002518	218.00028340036843
196.3793669999577	218.00028340036843
196.65607799997088	218.00028340036843
196.93158799991943	218.00028340036843
197.20717700000387	218.00028340036843
197.4804699999513	218.00028340036843
197.75610400002915	218.00028340036843
198.03106299997307	218.00028340036843
198.30650900001638	218.00028340036843
198.5819279999705	218.00028340036843
198.8562999999849	218.00028340036843
199.1319679999724	218.00028340036843
199.40896699996665	218.00028340036843
199.68321299995296	218.00028340036843
199.95951199997216	218.00028340036843
200.23277000000235	218.00028340036843
200.50838699995074	218.00028340036843
200.78326799999923	218.00028340036843
201.05854300002102	218.00028340036843
201.33376700000372	218.00028340036843
201.60852799995337	218.00028340036843
201.88495600002352	218.00028340036843
202.15912199998274	218.00028340036843
202.43509399995673	218.00028340036843
202.71007499995176	218.00028340036843
202.98605299997143	218.00028340036843
203.2609330000123	218.00028340036843
203.53652900003362	218.00028340036843
203.81043499999214	218.00028340036843
204.08740999992006	218.00028340036843
204.36115899996366	218.00028340036843
204.63713699998334	218.00028340036843
204.91170399996918	218.00028340036843
205.1885890000267	218.00028340036843
205.46294899994973	218.00028340036843
205.73888299998362	218.00028340036843
206.01321999996435	218.00028340036843
206.2895220000064	218.00028340036843
206.56379599997308	218.00028340036843
206.83910899993498	218.00028340036843
207.1143780000275	218.00028340036843
207.38978199998382	218.00028340036843
207.66429500002414	218.00028340036843
207.94020099996123	218.00028340036843
208.21534599992447	218.00028340036843
208.49002000002656	218.00028340036843
208.77178900002036	218.00028340036843
209.04034700000193	218.00028340036843
209.31716600002255	218.00028340036843
209.591155000031	218.00028340036843
209.86628900002688	218.00028340036843
210.14115399995353	218.00028340036843
210.41709200001787	218.00028340036843
210.6914579999866	218.00028340036843
210.9666440000292	218.00028340036843
211.24242699996103	218.00028340036843
211.51738299999852	218.00028340036843
211.79260299995076	218.00028340036843
212.06792399997357	218.00028340036843
212.34341800003313	218.00028340036843
212.62002099992242	218.00028340036843
212.8935379999457	218.00028340036843
213.16945499996655	218.00028340036843
213.44384099997114	218.00028340036843
213.71984999999404	218.00028340036843
213.99418499995954	218.00028340036843
214.26966099999845	218.00028340036843
214.5455480000237	218.00028340036843
214.82013399992138	218.00028340036843
215.09518399997614	218.00028340036843
215.37102199997753	218.00028340036843
215.64530700002797	218.00028340036843
215.92082599992864	218.00028340036843
216.196305999998	218.00028340036843
216.47151299996767	218.00028340036843
216.74731499992777	218.00028340036843
217.02141699998174	218.00028340036843
217.2989289999241	218.00028340036843
217.57239899993874	218.00028340036843
217.84786899993196	218.00028340036843
218.12269300001208	218.00028340036843
218.39861799997743	218.00028340036843
218.6737149999244	218.00028340036843
218.94913900003303	218.00028340036843
219.22445999993943	218.00028340036843
219.49932800000533	218.00028340036843
219.77498200000264	218.00028340036843
220.04925199993886	218.00028340036843


8.055686999927275	120.0
8.549899999983609	120.0
9.000706000020728	120.0
9.500493999919854	120.0
10.001114999991842	120.0
10.500490000005811	120.0
11.00094800000079	120.0
11.501033999957144	120.0
12.00121399993077	120.0
12.50086199992802	120.0
13.0003039999865	120.0
13.5027579999296	120.0
14.000300999963656	120.0
14.501318000024185	120.0
15.00291699997615	120.0
15.503603999968618	120.0
16.001312999986112	120.0
16.501248999964446	120.0
17.00030600000173	120.0
17.500637999968603	120.0
18.000287999981083	120.0
18.500606999965385	120.0
19.000379999983124	120.0
19.500570999924093	120.0
20.001306999940425	120.0
20.500734000001103	120.0
21.001089000026695	120.0
21.50129799998831	120.0
22.00098699994851	120.0
22.501066999975592	120.0
23.000693999929354	120.0
23.50112899998203	120.0
24.000461000017822	120.0
24.50036900001578	120.0
25.00075000000652	120.0
25.501533000031486	120.0
26.000599000020884	120.0
26.501224000006914	120.0
27.000862999935634	120.0
27.501292999950238	120.0
28.000980000011623	130.00013000013
28.460870999959297	130.00013000013
28.920014000032097	130.00013000013
29.38165899994783	130.00013000013
29.84285799995996	130.00013000013
30.30582200002391	198.0
30.483195999986492	198.0
30.78728599997703	198.0
31.088675000006333	198.0
31.39242499996908	198.0
31.69621800002642	198.0
32.0001119999215	198.0
32.3013599999249	198.0
32.6050839999225	198.0
32.90865999995731	198.0
33.20963099994697	198.0
33.51265499996953	198.0
33.81652200000826	198.0
34.11871299997438	172.00010320006191
34.14754699997138	172.00010320006191
34.49522099993192	172.00010320006191
34.84409000002779	172.00010320006191
35.19226099993102	172.00010320006191
35.540611999924295	172.00010320006191
35.889854999957606	172.00010320006191
36.238279999932274	173.99979120025057
36.58033599995542	173.99979120025057
36.925446999957785	173.99979120025057
37.269954000017606	173.99979120025057
37.614340999978594	173.99979120025057
37.96036100003403	173.99979120025057
38.30466699996032	173.99979120025057
38.64892099995632	173.99979120025057
38.99507900001481	173.99979120025057
39.33838700002525	173.99979120025057
39.6832080000313	173.99979120025057
40.0302270000102	134.0
40.05302699992899	134.0
40.50065199995879	134.0
40.94900000002235	134.0
41.396139999968	134.0
41.844146999996156	134.0
42.291407999931835	98.99993565004183
42.41317099996377	98.99993565004183
43.018748999922536	98.99993565004183
43.625628000008874	98.99993565004183
44.23100499995053	98.99993565004183
44.838622999959625	98.99993565004183
45.44304599997122	98.99993565004183
46.049756999942474	55.99997760000896
46.128819999983534	55.99997760000896
47.19888399995398	55.99997760000896
48.270185000030324	134.00005806669182
48.53052299993578	134.00005806669182
48.98051999998279	134.00005806669182
49.42582100001164	134.00005806669182
49.87432699999772	134.00005806669182
50.322370999958366	134.00005806669182
50.769433000008576	134.00005806669182
51.2180159999989	134.00005806669182
51.66508199996315	134.00005806669182
52.112635000026785	116.99988885010559
52.13445299991872	116.99988885010559
52.64731799997389	116.99988885010559
53.15883899992332	116.99988885010559
53.671733999974094	116.99988885010559
54.18525199999567	213.99987160007703
54.3663359999191	213.99987160007703
54.64628799993079	213.99987160007703
54.927154999924824	213.99987160007703
55.206098999944516	213.99987160007703
55.488394999993034	213.99987160007703
55.768837000010535	213.99987160007703
56.04824299993925	213.99987160007703
56.32843200000934	213.99987160007703
56.60952499997802	213.99987160007703
56.89012599992566	213.99987160007703
57.17018899996765	213.99987160007703
57.44912300002761	213.99987160007703
57.73032400000375	213.99987160007703
58.00982999999542	135.000135000135
58.03726999997161	135.000135000135
58.480555000016466	135.000135000135
58.925596999935806	135.000135000135
59.37016799999401	135.000135000135
59.81418999994639	135.000135000135
60.25902999995742	87.0
60.41944299999159	87.0
61.107462999993004	87.0
61.796996999997646	87.0
62.48656899994239	87.0
63.17516099999193	87.0
63.86513199994806	87.0
64.5548130000243	38.000008866668736
65.3091860000277	38.000008866668736
66.88640600000508	167.99993280002687
66.89347200002521	167.99993280002687
67.25008499994874	167.99993280002687
67.60842199996114	167.99993280002687
67.9641169999959	167.99993280002687
68.3211870000232	167.99993280002687
68.67827499995474	167.99993280002687
69.03575799998362	167.99993280002687
69.39300199993886	167.99993280002687
69.74992999993265	167.99993280002687
70.10660599998664	213.0
70.36034799995832	213.0
70.64189199998509	213.0
70.92455599992536	213.0
71.20549600000959	213.0
71.48733099992387	213.0
71.76979299995583	213.0
72.05055699998047	218.00028340036843
72.32533999998122	218.00028340036843
72.59928299998865	218.00028340036843
72.87562099995557	218.00028340036843
73.14965999999549	218.00028340036843
73.42510500003118	218.00028340036843
73.70033399993554	218.00028340036843
73.97594999999274	218.00028340036843
74.25074699998368	218.00028340036843
74.52765299996827	218.00028340036843
74.80177799996454	218.00028340036843
75.07605399994645	218.00028340036843
75.35167699994054	218.00028340036843
75.62779199995566	218.00028340036843
75.90269799996167	218.00028340036843
76.1790729999775	207.00005175001294
76.19038099993486	207.00005175001294
76.47865599999204	207.00005175001294
76.76909800001886	207.00005175001294
77.05716999992728	207.00005175001294
77.34922999993432	207.00005175001294
77.63926600001287	207.00005175001294
77.92867699998897	207.00005175001294
78.21684899996035	78.9999657666815
78.60032199998386	78.9999657666815
79.36004099994898	78.9999657666815
80.11928199999966	78.9999657666815
80.87905200000387	78.9999657666815
81.6385569999693	78.9999657666815
82.39969699992798	130.00013000013
82.69826999993529	130.00013000013
83.15781999996398	130.00013000013
83.6193519999506	130.00013000013
84.08118199999444	147.0000955500621
84.47795500000939	147.0000955500621
84.88657400000375	147.0000955500621
85.29447900003288	147.0000955500621
85.70267000002787	147.0000955500621
86.11036699998658	147.0000955500621
86.51803599996492	147.0000955500621
86.92772899998818	147.0000955500621
87.3358780000126	147.0000955500621
87.7434849999845	147.0000955500621
88.15134699991904	115.00002875000719
88.19895799993537	115.00002875000719
88.71992299996782	115.00002875000719
89.24156899994705	115.00002875000719
89.76408599992283	115.00002875000719
90.28716900001746	27.0
91.2767730000196	27.0
93.49853400001302	27.0
95.71993299992755	140.00014000014
96.03164699999616	140.00014000014
96.45988700003363	60.99997255001235
97.07732599996962	60.99997255001235
98.05974599998444	60.99997255001235
99.04281899996568	60.99997255001235
100.02669299999252	179.0
100.33721099991817	179.0
100.67150900000706	179.0
101.0062189999735	179.0
101.341466999962	179.0
101.67678899993189	179.0
102.01212400000077	179.0
102.34856600000057	189.000189000189
102.6461620000191	189.000189000189
102.96320499991998	189.000189000189
103.2803970000241	189.000189000189
103.59855999995489	189.000189000189
103.9168209999334	189.000189000189
104.23409699997865	189.000189000189
104.5509079999756	189.000189000189
104.8682929999195	189.000189000189
105.18548300000839	189.000189000189
105.50398299994413	189.000189000189
105.82083799992688	189.000189000189
106.13834099995438	191.00007640003057
106.45289900002535	191.00007640003057
106.76484499999788	191.00007640003057
107.07993599993642	191.00007640003057
107.39329199993517	191.00007640003057
107.70878999994602	191.00007640003057
108.02070799993817	191.00007640003057
108.33588999998756	78.9999657666815
108.8207720000064	78.9999657666815
109.58026299998164	78.9999657666815
110.34003800002392	78.9999657666815
111.10003800003324	78.9999657666815
111.85960600001272	78.9999657666815
112.62029599992093	113.99995440001824
112.95504199992865	113.99995440001824
113.48101600003429	113.99995440001824
114.0096950000152	113.99995440001824
114.5340449999785	64.0
114.95052800001577	64.0
115.89038400002755	64.0
116.82680799998343	64.0
117.76237999997102	64.0
118.6999599999981	73.99998273333736
119.41679599997588	73.99998273333736
120.22889899997972	176.0
120.43895699991845	176.0
120.77892700000666	176.0
121.11987699999008	176.0
121.46033099992201	176.0
121.80092399998102	176.0
122.14229400001932	176.0
122.48347199999262	176.0
122.82488800003193	176.0
123.1659000000218	176.0
123.50633699994069	176.0
123.84835799993016	176.0
124.18753999995533	211.00014066676044
124.44188399997074	211.00014066676044
124.72606200003065	211.00014066676044
125.01201199996285	211.00014066676044
125.29534900002182	211.00014066676044
125.57888399995863	211.00014066676044
125.86318300000858	211.00014066676044
126.14798699994572	145.00003625000906
126.20973400003277	145.00003625000906
126.62401599995792	145.00003625000906
127.03957100003026	145.00003625000906
127.45176700002048	145.00003625000906
127.8672469999874	145.00003625000906
128.2815249999985	145.00003625000906
128.6932089999318	145.00003625000906
129.1072929999791	145.00003625000906
129.52066799998283	145.00003625000906
129.93535699998029	145.00003625000906
130.34772900003009	198.0
130.56180899997707	198.0
130.8658529999666	198.0
131.1710539999185	198.0
131.471137000015	198.0
131.77427099994384	198.0
132.07923599996138	211.99990106671282
132.35590099997353	211.99990106671282
132.63890199991874	211.99990106671282
132.92157200002111	211.99990106671282
133.20490699994843	211.99990106671282
133.4893639999209	211.99990106671282
133.77051199995913	211.99990106671282
134.05383699992672	211.99990106671282
134.33768300001975	211.99990106671282
134.62020899995696	211.99990106671282
134.90337700000964	211.99990106671282
135.1863059999887	211.99990106671282
135.47022399993148	211.99990106671282
135.7518820000114	211.99990106671282
136.03519600001164	60.0
136.07465700001922	60.0
137.07424699992407	60.0
138.0747669999255	177.00002655000398
138.3771789999446	177.00002655000398
138.716970999958	177.00002655000398
139.0547179999994	177.00002655000398
139.39415800001007	177.00002655000398
139.7330859999638	177.00002655000398
140.0718329999363	177.00002655000398
140.41061999998055	177.00002655000398
140.74948400002904	177.00002655000398
141.09066200000234	177.00002655000398
141.42753200000152	177.00002655000398
141.76767999993172	177.00002655000398
142.10653400002047	171.00009405005173
142.1084109999938	171.00009405005173
142.4590339999413	171.00009405005173
142.810216999962	171.00009405005173
143.1608520000009	171.00009405005173
143.51261899992824	171.00009405005173
143.86365099996328	171.00009405005173
144.21367600001395	160.99991681670966
144.22704899997916	160.99991681670966
144.59808999998495	160.99991681670966
144.97122800000943	160.99991681670966
145.3440900000278	160.99991681670966
145.7180449999869	160.99991681670966
146.08969099994283	160.99991681670966
146.46208500000648	160.99991681670966
146.83530499995686	160.99991681670966
147.20907500002068	160.99991681670966
147.58034699992277	160.99991681670966
147.95302399992943	160.99991681670966
148.32913500000723	118.99992463338107
148.4311769999331	118.99992463338107
148.93586600001436	118.99992463338107
149.43980900000315	118.99992463338107
149.94341900001746	118.99992463338107
150.44866599992383	50.0
151.0195379999932	50.0
152.22049300000072	50.0
153.42066499998327	50.0
154.62376899993978	62.99999685000016
155.45207499992102	62.99999685000016
156.40482199995313	55.00000458333371
156.45820699993055	55.00000458333371
157.54970400000457	55.00000458333371
158.63958199997433	55.00000458333371
159.73009399999864	55.00000458333371
160.82162199995946	74.0
161.43021899997257	74.0
162.24068599997554	192.99989385005838
162.42989099991973	192.99989385005838
162.74108499998692	192.99989385005838
163.05226199992467	192.99989385005838
163.36314299993683	192.99989385005838
163.67452599992976	192.99989385005838
163.98454400000628	192.99989385005838
164.29509999998845	192.99989385005838
164.60587500000838	192.99989385005838
164.91794800001662	192.99989385005838
165.22997500002384	192.99989385005838
165.53856499993708	192.99989385005838
165.85024499997962	192.99989385005838
166.16019700001925	171.00009405005173
166.17714699998032	171.00009405005173
166.52718500001356	171.00009405005173
166.87858599994797	171.00009405005173
167.22875399992336	171.00009405005173
167.57960499997716	171.00009405005173
167.93095199996606	171.00009405005173
168.28149199998006	103.0000480666891
168.4395680000307	103.0000480666891
169.02269499993417	103.0000480666891
169.60569300001953	103.0000480666891
170.1873589999741	103.0000480666891
170.77018799993675	103.0000480666891
171.35272800002713	103.0000480666891
171.9363599999342	103.0000480666891
172.5181970000267	163.00007063336395
172.7127539999783	163.00007063336395
173.08012399997097	163.00007063336395
173.44825899996795	163.00007063336395
173.81675999995787	163.00007063336395
174.18480399996042	57.999986466669824
174.43081799999345	57.999986466669824
175.46544800000265	57.999986466669824
176.50064199999906	57.999986466669824
177.53404900000896	57.999986466669824
178.56907899992075	112.00005973336519
178.8573440000182	112.00005973336519
179.40612199995667	112.00005973336519
179.9276939999545	112.00005973336519
180.46342499996535	106.0
180.48750199994538	106.0
181.05265199998394	106.0
181.61830899992492	106.0
182.18494800000917	106.0
182.75029599992558	106.0
183.3170669999672	106.0
183.88258700002916	106.0
184.4484480000101	59.00000885000133
184.76257399993483	59.00000885000133
185.78015499992762	59.00000885000133
186.79722099995706	102.0000510000255
187.07314599992242	102.0000510000255
187.66148599993903	102.0000510000255
188.24956899997778	102.0000510000255
188.83811399992555	102.0000510000255
189.4265080000041	102.0000510000255
190.01552699995227	102.0000510000255
190.60317499993835	127.0
190.96922099997755	127.0
191.4409400000004	127.0
191.91416299995035	127.0
192.38687199994456	218.00028340036843
192.52602899994235	218.00028340036843
192.8015749999322	218.00028340036843
193.0769469999941	218.00028340036843
193.35226399998646	218.00028340036843
193.62758500000928	218.00028340036843
193.90281499992125	218.00028340036843
194.17775899998378	218.00028340036843
194.45353199995589	218.00028340036843
194.72883399995044	218.00028340036843
195.00446800002828	218.00028340036843
195.27929700003006	218.00028340036843
195.5549999999348	218.00028340036843
195.82898999995086	218.00028340036843
196.10492299997713	218.00028340036843
196.37962000002153	218.00028340036843
196.65607799997088	218.00028340036843
196.93177599995397	218.00028340036843
197.2069279999705	218.00028340036843
197.48018399998546	218.00028340036843
197.75590999994893	218.00028340036843
198.03106800001115	218.00028340036843
198.30610699998215	218.00028340036843
198.58174699998926	218.00028340036843
198.85649699997157	218.00028340036843
199.132426999975	218.00028340036843
199.4093400000129	218.00028340036843
199.6834389999276	218.00028340036843
199.95951199997216	218.00028340036843
200.2339689999353	218.00028340036843
200.50838699995074	218.00028340036843
200.78326799999923	218.00028340036843
201.05814400000963	218.00028340036843
201.3333730000304	218.00028340036843
201.60889599996153	218.00028340036843
201.88513700000476	218.00028340036843
202.15948000003118	218.00028340036843
202.43586399999913	218.00028340036843
202.70971899991855	218.00028340036843
202.98628900002223	218.00028340036843
203.26072399993427	218.00028340036843
203.53679099993315	218.00028340036843
203.81065799994394	218.00028340036843
204.0879169999389	218.00028340036843
204.36159600003157	218.00028340036843
204.63724299997557	218.00028340036843
204.9116909999866	218.00028340036843
205.18860100000165	218.00028340036843
205.4626639999915	218.00028340036843
205.73888299998362	218.00028340036843
206.01346699998248	218.00028340036843
206.2895220000064	218.00028340036843
206.5640639999183	218.00028340036843
206.8393020000076	218.00028340036843
207.11459100001957	218.00028340036843
207.39016900002025	218.00028340036843
207.66427499998827	218.00028340036843
207.9402429999318	218.00028340036843
208.21531499992125	218.00028340036843
208.49028899997938	218.00028340036843
208.7708359999815	218.00028340036843
209.04012699995656	218.00028340036843
209.31700399995316	218.00028340036843
209.5909700000193	218.00028340036843
209.8665209999308	218.00028340036843
210.14136799995322	218.00028340036843
210.41688399994746	218.00028340036843
210.69123899994884	218.00028340036843
210.96689299994614	218.00028340036843
211.24262000003364	218.00028340036843
211.51761300000362	218.00028340036843
211.79260299995076	218.00028340036843
212.0677549999673	218.00028340036843
212.34324999991804	218.00028340036843
212.61984699999448	218.00028340036843
212.89295000000857	218.00028340036843
213.1696740000043	218.00028340036843
213.44409300002735	218.00028340036843
213.72025100002065	218.00028340036843
213.99439000000712	218.00028340036843
214.26963899994735	218.00028340036843
214.54552799998783	218.00028340036843
214.82034799992107	218.00028340036843
215.09518399997614	218.00028340036843
215.3712129999185	218.00028340036843
215.64535000000615	218.00028340036843
215.9205119999824	218.00028340036843
216.1966029999312	218.00028340036843
216.47151299996767	218.00028340036843
216.74716299993452	218.00028340036843
217.02141699998174	218.00028340036843
217.29911699995864	218.00028340036843
217.5720319999382	218.00028340036843
217.84809500002302	218.00028340036843
218.12247399997432	218.00028340036843
218.3984159999527	218.00028340036843
218.67327399994247	218.00028340036843
218.9493749999674	218.00028340036843
219.224264999968	218.00028340036843
219.4995939999353	218.00028340036843
219.77478400000837	218.00028340036843
220.04905199992936	218.00028340036843