0.006397000048309565	120.0
0.5004480000352487	120.0
1.0003630000865087	120.0
1.500324000022374	120.0
2.0003990000113845	120.0
2.501492000068538	120.0
3.0021140000317246	120.0
3.5026110000908375	120.0
4.000537000014447	120.0
4.50373400002718	120.0
5.000324000022374	120.0
5.5016160000814125	120.0
6.000362000078894	120.0
6.501048000063747	120.0
7.001077000051737	120.0
7.501217000070028	120.0
8.001260000048205	120.0
8.500998000032268	120.0
9.000296000041999	120.0
9.500600000028498	120.0
10.000582000007853	120.0
10.500269000069238	120.0
11.000379000091925	120.0
11.500474000000395	120.0
12.00051300006453	120.0
12.50079600000754	120.0
13.001795000047423	120.0
13.500601000036113	120.0
14.000237000058405	120.0
14.500709000043571	120.0
15.00182100001257	120.0
15.5017419999931	120.0
16.001542000100017	120.0
16.50036100007128	120.0
17.000433000037447	120.0
17.501171000069007	120.0
18.000362000078894	120.0
18.501670000026934	120.0
19.000279000028968	120.0
19.500992999994196	120.0
20.000563999987207	120.0
20.500456000096165	120.0
21.000333000090905	120.0
21.50035700004082	120.0
22.00029400002677	120.0
22.501981000066735	120.0
23.002541000023484	120.0
23.500353000010364	120.0
24.00047700002324	120.0
24.500829000025988	120.0
25.000345000065863	120.0
25.500777999986894	120.0
26.000296000042	120.0
26.500345000065863	120.0
27.000276000006124	120.0
27.501873000059277	120.0
28.000609999988228	120.0
28.50064600002952	120.0
29.000560000073165	120.0
29.50056900002528	120.0
30.00070900004357	206.0000961333782
30.068440000060946	206.0000961333782
30.35962300002575	206.0000961333782
30.650967000052333	206.0000961333782
30.942260000039823	206.0000961333782
31.233456999994814	206.0000961333782
31.525022000074387	196.0002874670883
31.528247000067495	196.0002874670883
31.834639000007883	196.0002874670883
32.140216000028886	196.0002874670883
32.44725500000641	196.0002874670883
32.75300900009461	196.0002874670883
33.05887700000312	196.0002874670883
33.36466600000858	196.0002874670883
33.67092300008517	196.0002874670883
33.97796700010076	196.0002874670883
34.283060000045225	196.0002874670883
34.589261000044644	196.0002874670883
34.8958500000881	196.0002874670883
35.202114000101574	196.0002874670883
35.50801200000569	196.0002874670883
35.814517999999225	89.9999550000225
36.21384099998977	89.9999550000225
36.88083999999799	89.9999550000225
37.54735500004608	217.0
37.753381000016816	217.0
38.03118000004906	217.0
38.30752900009975	217.0
38.58333100005984	217.0
38.85909200005699	217.0
39.1357400000561	217.0
39.41247000009753	217.0
39.68868400005158	217.0
39.96567900001537	217.0
40.242107000085525	217.0
40.5182630000636	217.0
40.79598600009922	217.0
41.07158900005743	217.0
41.347789000021294	217.0
41.62414800003171	80.0
41.846406000084244	80.0
42.595415999996476	80.0
43.3456030000234	80.0
44.09579000005033	177.00002655000398
44.11595400003716	177.00002655000398
44.44989799999166	177.00002655000398
44.78867000003811	177.00002655000398
45.12827400001697	177.00002655000398
45.46758600010071	177.00002655000398
45.80582900007721	177.00002655000398
46.14469200000167	177.00002655000398
46.484412000048906	177.00002655000398
46.82320600003004	177.00002655000398
47.17592200008221	177.00002655000398
47.50058300001547	116.0
47.542099000071175	116.0
48.05730600003153	116.0
48.57457900000736	116.0
49.09220600000117	116.0
49.6090480000712	116.0
50.12638999999035	173.99979120025057
50.25907000002917	173.99979120025057
50.60249200009275	173.99979120025057
50.94741600006819	173.99979120025057
51.29239600000437	173.99979120025057
51.637130000046454	173.99979120025057
51.98232400009874	173.99979120025057
52.32672500004992	173.99979120025057
52.671847000019625	173.99979120025057
53.01628300000448	173.99979120025057
53.361300999997184	173.99979120025057
53.70728800003417	198.000198000198
53.98510200006422	198.000198000198
54.288592000026256	198.000198000198
54.59067900001537	198.000198000198
54.8935670000501	198.000198000198
55.19705200009048	198.000198000198
55.49987900000997	198.000198000198
55.80278700008057	143.99988480009216
55.911346000037156	143.99988480009216
56.329800000065006	143.99988480009216
56.74454700003844	143.99988480009216
57.161109999986365	143.99988480009216
57.577916000038385	143.99988480009216
57.994464999996126	143.99988480009216
58.41149600001518	143.99988480009216
58.82999700005166	143.99988480009216
59.24450800009072	143.99988480009216
59.661215000087395	143.99988480009216
60.07776200002991	82.99995020002989
60.51373600005172	82.99995020002989
61.23596300010104	82.99995020002989
61.96096000005491	110.9999056500802
62.37778300000355	110.9999056500802
62.918378000031225	110.9999056500802
63.45978000003379	110.9999056500802
63.99965200002771	110.9999056500802
64.54005300009158	110.9999056500802
65.08069000008982	110.9999056500802
65.62118000001647	104.00001386666851
65.63232700002845	104.00001386666851
66.21068300004117	104.00001386666851
66.78585099999327	104.00001386666851
67.36276700010058	104.00001386666851
67.94139200006612	217.0
67.95336600008886	217.0
68.22970000002533	217.0
68.50683800003026	217.0
68.78286200005095	217.0
69.06125900009647	217.0
69.33626800007187	217.0
69.61183499998879	217.0
69.89055700006429	217.0
70.16497899999376	217.0
70.44146100000944	217.0
70.71834700007457	217.0
70.99571899999864	217.0
71.27103100006934	217.0
71.54929300001822	42.99999498333392
71.99148800002877	42.99999498333392
73.38731200003531	42.99999498333392
74.78202200005762	88.00002346667293
75.46187300002202	88.00002346667293
76.14511100004893	88.00002346667293
76.82747700007167	88.00002346667293
77.50824600004125	135.0
77.93262600002345	135.0
78.37671000009868	135.0
78.82137500005774	135.0
79.2669960000785	135.0
79.7120040000882	97.9999836666694
79.80863500002306	97.9999836666694
80.42159899999388	97.9999836666694
81.03314600000158	97.9999836666694
81.64519599999767	97.9999836666694
82.25803300004918	97.9999836666694
82.87041500001214	97.9999836666694
83.4819800000405	110.9999056500802
84.01930000004359	110.9999056500802
84.56008100009058	110.9999056500802
85.1015330000082	110.9999056500802
85.64051900000777	168.99980283356336
85.93279500002973	168.99980283356336
86.28942799998913	168.99980283356336
86.64262800000142	168.99980283356336
86.99945700005628	168.99980283356336
87.3531860000221	168.99980283356336
87.70798499998637	168.99980283356336
88.0633660000749	168.99980283356336
88.41972600005101	168.99980283356336
88.77273399999831	168.99980283356336
89.12920399999712	168.99980283356336
89.48282400006428	168.99980283356336
89.83962500002235	122.99996925000768
89.98017600004096	122.99996925000768
90.4682010000106	122.99996925000768
90.95578900002874	122.99996925000768
91.44377800007351	122.99996925000768
91.93156600010116	186.9997756002693
92.09021600009874	186.9997756002693
92.41095100005623	186.9997756002693
92.732284000027	186.9997756002693
93.05259400000796	186.9997756002693
93.37320100003853	186.9997756002693
93.69462000008207	186.9997756002693
94.01499300007708	186.9997756002693
94.33748200000264	186.9997756002693
94.65818600007333	186.9997756002693
94.97797400003765	186.9997756002693
95.29877100000158	186.9997756002693
95.6192400000291	48.9999918333347
96.05872500000987	48.9999918333347
97.28364700009115	48.9999918333347
98.5072490000166	135.0
98.73581000010017	135.0
99.1800050000893	135.0
99.62453999998979	135.0
100.06977599998936	135.0
100.51384000002872	135.0
100.95822800009046	135.0
101.40257600008044	135.0
101.8471220000647	157.999931533363
102.17876300006174	157.999931533363
102.55859100003727	157.999931533363
102.93731800001115	157.999931533363
103.31785099999979	157.999931533363
103.69647100009024	159.0002067002687
104.0732910000952	159.0002067002687
104.45215999998618	159.0002067002687
104.82778500008862	159.0002067002687
105.20662800001446	159.0002067002687
105.5838470000308	159.0002067002687
105.96007400006056	159.0002067002687
106.33828700007871	159.0002067002687
106.71567500010133	159.0002067002687
107.09237900003791	159.0002067002687
107.47243200009689	159.0002067002687
107.8485080000246	129.0
107.93339900008868	129.0
108.3999490001006	129.0
108.86375700007193	129.0
109.32990500004962	129.0
109.79391400003806	132.9999468000213
110.23733000003267	132.9999468000213
110.68849600001704	132.9999468000213
111.1403280000668	132.9999468000213
111.59057800006121	132.9999468000213
112.04213600000367	132.9999468000213
112.49304299999494	132.9999468000213
112.94476600002963	132.9999468000213
113.39541500003543	132.9999468000213
113.84663200005889	200.0
114.03764500003308	200.0
114.3391319999937	200.0
114.63814799999818	200.0
114.93720100005157	200.0
115.23814100003801	200.0
115.53788600000553	200.0
115.83825600007549	196.9996946504733
115.84254700003657	196.9996946504733
116.14749300002586	196.9996946504733
116.45173299999442	196.9996946504733
116.75739100005012	196.9996946504733
117.06076200003736	196.9996946504733
117.36472100007813	196.9996946504733
117.66985700000077	196.9996946504733
117.97382600000128	196.9996946504733
118.27883800002746	196.9996946504733
118.58314600004815	196.9996946504733
118.88779100007378	196.9996946504733
119.19244100002106	196.9996946504733
119.49734100000933	196.9996946504733
119.8018330000341	30.0
121.34905100008473	30.0
123.35211900004651	32.99999670000033
125.00087600003462	32.99999670000033
126.81931200006511	77.99997660000702
126.84715000004508	77.99997660000702
127.61671199998818	92.0
128.24779600009788	92.0
128.89978800003882	92.0
129.55219300009776	92.0
130.2054440000793	92.0
130.85656000010204	92.0
131.5084780000616	92.0
132.16084000002593	196.9996946504733
132.45598100009374	196.9996946504733
132.75999000004958	196.9996946504733
133.0648490000749	196.9996946504733
133.3692630000878	196.9996946504733
133.67436800000723	94.99999208333399
133.8004770000698	94.99999208333399
134.43108400003985	94.99999208333399
135.06331400002819	94.99999208333399
135.69442100008018	94.99999208333399
136.3268040000694	94.99999208333399
136.9580390000483	94.99999208333399
137.59096100006718	35.0
137.75871000008192	35.0
139.47188299999107	35.0
141.1875210000435	207.99966720053249
141.22423699998762	207.99966720053249
141.5119190000696	207.99966720053249
141.80033500003628	207.99966720053249
142.09100800007582	207.99966720053249
142.37728600006085	207.99966720053249
142.6658470000839	207.99966720053249
142.9552450000774	207.99966720053249
143.24334700009786	207.99966720053249
143.53110400005244	198.000198000198
143.531813000096	198.000198000198
143.83479300001636	198.000198000198
144.13779599999543	198.000198000198
144.44131300004665	198.000198000198
144.74396400002297	198.000198000198
145.04804900009185	198.000198000198
145.34999900008552	198.000198000198
145.65297699999064	176.00004693334586
145.66912900004536	176.00004693334586
146.01068300008774	176.00004693334586
146.35101000010036	176.00004693334586
146.692524000071	176.00004693334586
147.03340499999467	176.00004693334586
147.37380100006703	176.00004693334586
147.7149250000948	176.00004693334586
148.05685799999628	176.00004693334586
148.3978520000819	176.00004693334586
148.737695000018	176.00004693334586
149.07815700001083	176.00004693334586
149.42087000003085	176.00004693334586
149.75995900004636	24.0
151.41138000006322	24.0
153.91226600005757	147.0000955500621
153.96214800002053	147.0000955500621
154.37216400005855	147.0000955500621
154.77880000008736	147.0000955500621
155.18855700001586	147.0000955500621
155.59508200001437	93.00004185001883
155.630928000086	93.00004185001883
156.27610800007824	93.00004185001883
156.92142000002787	93.00004185001883
157.56784900010098	80.0
157.57726700010244	80.0
158.32580200000666	80.0
159.07748500001617	80.0
159.8257670000894	80.0
160.5759610000532	80.0
161.32663300004788	80.0
162.07732700009365	135.000135000135
162.28899900009856	135.000135000135
162.733738000039	135.000135000135
163.1796280000126	135.000135000135
163.62291100004222	69.00001725000432
163.7280749999918	69.00001725000432
164.59720700001344	69.00001725000432
165.46653500001412	69.00001725000432
166.33735899999738	69.00001725000432
167.20602899999358	69.00001725000432
168.07647700002417	159.0
168.13534500007518	159.0
168.5125860000262	159.0
168.89032400003634	159.0
169.2669500000775	159.0
169.6453310000943	215.99982720013824
169.88704800000414	215.99982720013824
170.164848000044	215.99982720013824
170.44268600002397	215.99982720013824
170.72021900000982	215.99982720013824
170.99807800003327	215.99982720013824
171.27543200005312	215.99982720013824
171.55386099999305	215.99982720013824
171.83122799999546	215.99982720013824
172.1090560000157	215.99982720013824
172.38805599999614	215.99982720013824
172.66556800005492	215.99982720013824
172.94228200009093	215.99982720013824
173.22004200005904	215.99982720013824
173.49920200009365	215.99982720013824
173.77554000006057	69.00001725000432
174.33043100009672	69.00001725000432
175.19990600005258	69.00001725000432
176.0692230000859	178.99974940035085
176.3986740000546	178.99974940035085
176.73359800002072	178.99974940035085
177.07045500003733	178.99974940035085
177.40393100003712	178.99974940035085
177.74001700000372	178.99974940035085
178.074522000039	178.99974940035085
178.409970000037	178.99974940035085
178.74554800009355	178.99974940035085
179.0802740000654	178.99974940035085
179.4157820000546	178.99974940035085
179.75040300004184	125.0
179.8306530000409	125.0
180.31093100004364	125.0
180.7907660000492	125.0
181.2710420000367	125.0
181.75153900007717	177.99981606685674
182.03640700003598	177.99981606685674
182.37198000005446	177.99981606685674
182.70989500009455	177.99981606685674
183.04645700007677	177.99981606685674
183.38374100008514	177.99981606685674
183.7205360000953	177.99981606685674
184.05772700009402	177.99981606685674
184.3948800000362	177.99981606685674
184.7318460000679	177.99981606685674
185.06972999998834	177.99981606685674
185.40645900007803	177.99981606685674
185.7427640000824	203.99975520029375
186.01577000005636	203.99975520029375
186.3106900000712	203.99975520029375
186.6038080001017	203.99975520029375
186.89799000008497	203.99975520029375
187.19214100006502	203.99975520029375
187.48615000001155	203.99975520029375
187.78045800002292	188.0
187.8017380000092	188.0
188.12099100009073	188.0
188.44051200000104	188.0
188.76150800008327	188.0
189.07855900004506	188.0
189.3978000000352	188.0
189.7172600000631	188.0
190.03709900006652	188.0
190.35594500007574	188.0
190.67421100009233	188.0
190.99330500001088	188.0
191.31266799999867	188.0
191.6315670000622	207.99966720053249
191.91745400009677	207.99966720053249
192.2059930000687	207.99966720053249
192.49421600007918	207.99966720053249
192.7827310001012	207.99966720053249
193.07073600008152	207.99966720053249
193.3599239999894	207.99966720053249
193.64949500001967	207.99966720053249
193.93600400001742	207.99966720053249
194.22466700000223	207.99966720053249
194.5132160000503	207.99966720053249
194.80136700009461	207.99966720053249
195.0897910000058	207.99966720053249
195.3784400000004	207.99966720053249
195.66680200002156	207.99966720053249
195.95581100007985	207.99966720053249
196.24460000009276	207.99966720053249
196.53217700007372	207.99966720053249
196.82071500003804	207.99966720053249
197.11108599998988	207.99966720053249
197.39913500007242	207.99966720053249
197.68605900008697	207.99966720053249
197.97494099999312	207.99966720053249
198.26305499998853	207.99966720053249
198.55156100005843	207.99966720053249
198.84058000007644	207.99966720053249
199.12992700003088	207.99966720053249
199.41878000006545	207.99966720053249
199.70638200000394	207.99966720053249
199.99435300007463	207.99966720053249
200.28278500004672	207.99966720053249
200.5717949999962	207.99966720053249
200.85928900004365	207.99966720053249
201.1476590000093	207.99966720053249
201.43601100007072	207.99966720053249
201.72557800007053	207.99966720053249
202.01295100001153	207.99966720053249
202.3015069999965	207.99966720053249
202.592059000046	207.99966720053249
202.87945700006094	207.99966720053249
203.1678940000711	207.99966720053249
203.4551930000307	207.99966720053249
203.74373500002548	207.99966720053249
204.03239400009625	207.99966720053249
204.32144400000107	207.99966720053249
204.60919500002638	207.99966720053249
204.89754400006495	207.99966720053249
205.18694200005848	207.99966720053249
205.47448199999053	207.99966720053249
205.76318000000902	207.99966720053249
206.05186800006777	207.99966720053249
206.3416290000314	207.99966720053249
206.62867400003597	207.99966720053249
206.91795200004708	207.99966720053249
207.2066150000319	207.99966720053249
207.49380400008522	207.99966720053249
207.7824140000157	207.99966720053249
208.0721570000751	207.99966720053249
208.35902800003532	207.99966720053249
208.64778100000694	207.99966720053249
208.93673800001852	207.99966720053249
209.2251170000527	207.99966720053249
209.51367000001483	207.99966720053249
209.801795000094	207.99966720053249
210.09139800001867	207.99966720053249
210.38049600005616	207.99966720053249
210.66680800006725	207.99966720053249
210.95529000007082	207.99966720053249
211.24463700002525	207.99966720053249
211.5323310000822	207.99966720053249
211.8207350000739	207.99966720053249
212.10910500003956	207.99966720053249
212.3979990000371	207.99966720053249
212.6873290000949	207.99966720053249
212.97475100005977	207.99966720053249
213.2637120001018	207.99966720053249
213.551470000064	207.99966720053249
213.84026100009214	207.99966720053249
214.12847900006454	207.99966720053249
214.41678600001615	207.99966720053249
214.70526399998926	207.99966720053249
214.99460600002203	207.99966720053249
215.2822729999898	207.99966720053249
215.57068600005005	207.99966720053249
215.86105300008785	207.99966720053249
216.14778700005263	207.99966720053249
216.43598300009035	207.99966720053249
216.72498599998653	207.99966720053249
217.01296800002456	207.99966720053249
217.30174000002444	207.99966720053249
217.58978100004606	207.99966720053249
217.87966000009328	207.99966720053249
218.16749900009017	207.99966720053249
218.4560000000056	207.99966720053249
218.7448490000097	207.99966720053249
219.03206600004341	207.99966720053249
219.32083700003568	207.99966720053249
219.6093300000066	207.99966720053249
219.89797500008717	207.99966720053249
220.18717000004835	207.99966720053249
220.47567800001707	207.99966720053249
220.76287299999967	207.99966720053249
221.05153100006282	207.99966720053249
221.34212200006004	207.99966720053249
221.62932400009595	207.99966720053249
221.91722900001332	207.99966720053249
222.20634000003338	207.99966720053249
222.49381600006018	207.99966720053249
222.78217900008895	207.99966720053249
223.0705490000546	207.99966720053249
223.35903900000267	207.99966720053249
223.65006300003733	207.99966720053249
223.9369949999964	207.99966720053249
224.22459300002083	207.99966720053249
224.51306500006467	207.99966720053249
224.8015590000432	207.99966720053249
225.09006200009026	207.99966720053249
225.37838800007012	207.99966720053249
225.66796300001442	207.99966720053249
225.95568500005174	207.99966720053249
226.24385700002313	207.99966720053249
226.53225600009318	207.99966720053249
226.82201200001873	207.99966720053249
227.11005300004035	207.99966720053249
227.39791300008073	207.99966720053249
227.6872480000602	207.99966720053249
227.97556000004988	207.99966720053249
228.26323600008618	207.99966720053249
228.55158299999312	207.99966720053249
228.84168000007048	207.99966720053249
229.12849900010042	207.99966720053249
229.41698500001803	207.99966720053249
229.70679700002074	207.99966720053249
229.99486199999228	207.99966720053249
230.28251400007866	207.99966720053249
230.57159200008027	207.99966720053249
230.8593310000142	207.99966720053249
231.1498670000583	207.99966720053249
231.4363140000496	207.99966720053249
231.72507899999619	207.99966720053249
232.01401000004262	207.99966720053249
232.30182200006675	207.99966720053249
232.59027500008233	207.99966720053249
232.8800090000732	207.99966720053249
233.16839500004426	207.99966720053249
233.45635900006164	207.99966720053249
233.743981000036	207.99966720053249
234.03255700005684	207.99966720053249
234.3211059999885	207.99966720053249
234.6091299999971	207.99966720053249
234.89764199999627	207.99966720053249
235.18694600008894	207.99966720053249
235.47509299998637	207.99966720053249
235.76367800007574	207.99966720053249
236.05139999999665	207.99966720053249
236.34086500003468	207.99966720053249
236.6308999999892	207.99966720053249
236.91737200005446	207.99966720053249
237.2054150000913	207.99966720053249


1.9568820000858977	120.0
2.4514250000938773	120.0
2.5015190000412986	120.0
3.0021620000479743	120.0
3.502589000039734	120.0
4.000354000017978	120.0
4.503696000087075	120.0
5.000335999997333	120.0
5.501535000046715	120.0
6.000649000052363	120.0
6.50068200007081	120.0
7.001358999987133	120.0
7.50150700006634	120.0
8.00156300002709	120.0
8.50156500004232	120.0
9.000447000027634	120.0
9.500859000021592	120.0
10.000350999995135	120.0
10.500526000047103	120.0
11.000622000079602	120.0
11.500803000060841	120.0
12.000732999993488	120.0
12.501137000042945	120.0
13.001231000060216	120.0
13.500763999996707	120.0
14.000594000099227	120.0
14.500322000007145	120.0
15.002068000030704	120.0
15.501494000083767	120.0
16.00178000004962	120.0
16.50069900008384	120.0
17.000631000031717	120.0
17.5014150000643	120.0
18.000563999987207	120.0
18.50200900004711	120.0
19.0004960000515	120.0
19.501181000028737	120.0
20.000308000016958	120.0
20.500230000005104	120.0
21.000593000091612	120.0
21.500585000030696	120.0
22.000471000093967	120.0
22.501737000071444	120.0
23.00221100007184	120.0
23.500566000002436	120.0
24.00037300004624	120.0
24.500629000016488	120.0
25.00054700009059	120.0
25.500568000017665	120.0
26.000296000042	120.0
26.500570000032894	120.0
27.000570000032894	120.0
27.501971999998204	120.0
28.00027499999851	120.0
28.500312000047415	120.0
29.000893000047654	120.0
29.500610999995843	206.0
29.777153000002727	206.0
30.068652000045404	206.0
30.36000200000126	206.0
30.65112500009127	206.0
30.94268100010231	206.0
31.233681000070646	206.0
31.524657000089064	196.0002874670883
31.52794200007338	196.0002874670883
31.83461800008081	196.0002874670883
32.14024099998642	196.0002874670883
32.44701900007203	196.0002874670883
32.75280800007749	196.0002874670883
33.05863700003829	196.0002874670883
33.36576200008858	196.0002874670883
33.67114200000651	196.0002874670883
33.97764300007839	196.0002874670883
34.28331299999263	196.0002874670883
34.58947000000626	196.0002874670883
34.89542300009634	196.0002874670883
35.20187500002794	196.0002874670883
35.507809000089765	196.0002874670883
35.81472100003157	89.9999550000225
36.21409300004598	89.9999550000225
36.88064700004179	89.9999550000225
37.547558000078425	216.99976130026258
37.75363600009587	216.99976130026258
38.03105900005903	216.99976130026258
38.30662100005429	216.99976130026258
38.58333100005984	216.99976130026258
38.85914600000251	216.99976130026258
39.13582700002007	216.99976130026258
39.41229900007602	216.99976130026258
39.68891700007953	216.99976130026258
39.9653620000463	216.99976130026258
40.24188200000208	216.99976130026258
40.51848200010136	216.99976130026258
40.79568400001153	216.99976130026258
41.071426999988034	216.99976130026258
41.34760199999437	216.99976130026258
41.62473999999929	80.0
41.84667500003707	80.0
42.59565900010057	80.0
43.345429000095464	80.0
44.09613300010096	177.00002655000398
44.116200000047684	177.00002655000398
44.44996400002856	177.00002655000398
44.78867000003811	177.00002655000398
45.12825499998871	177.00002655000398
45.46757199999411	177.00002655000398
45.80582900007721	177.00002655000398
46.14464000007138	177.00002655000398
46.484412000048906	177.00002655000398
46.822807000018656	177.00002655000398
47.169533000094816	177.00002655000398
47.50056700001005	116.00008506672904
47.542099000071175	116.00008506672904
48.05734699999448	116.00008506672904
48.574551000026986	116.00008506672904
49.09220600000117	116.00008506672904
49.60901300003752	174.0
49.91298100003041	174.0
50.25905200000852	174.0
50.60257800004911	174.0
50.94746000005398	174.0
51.2923830000218	174.0
51.63708500005305	174.0
51.98226800002158	174.0
52.326751000015065	174.0
52.67185899999458	174.0
53.01628300000448	174.0
53.361300999997184	174.0
53.70723500009626	198.000198000198
53.98510200006422	198.000198000198
54.288473000051454	198.000198000198
54.5906960000284	198.000198000198
54.89364200003911	198.000198000198
55.1970830000937	198.000198000198
55.49987900000997	198.000198000198
55.8028040000936	143.99988480009216
55.911346000037156	143.99988480009216
56.329800000065006	143.99988480009216
56.74456000002101	143.99988480009216
57.16113200003747	143.99988480009216
57.57793100003619	143.99988480009216
57.99455000006128	143.99988480009216
58.41149600001518	143.99988480009216
58.82991500000935	143.99988480009216
59.24451800005045	143.99988480009216
59.661227000062354	83.0
59.790811000042595	83.0
60.51375000004191	83.0
61.23598600004334	83.0
61.96102500008419	110.9999056500802
62.377794000087306	110.9999056500802
62.91836400004104	110.9999056500802
63.45966799999587	110.9999056500802
63.99965200002771	110.9999056500802
64.53998300002422	110.9999056500802
65.08090800000355	110.9999056500802
65.62141400005203	104.00001386666851
65.6321220000973	104.00001386666851
66.21070500009228	104.00001386666851
66.78585099999327	104.00001386666851
67.3630290000001	104.00001386666851
67.94139200006612	216.99976130026258
67.95336600008886	216.99976130026258
68.22997600003146	216.99976130026258
68.5063889999874	216.99976130026258
68.78269800008275	216.99976130026258
69.06169000000227	216.99976130026258
69.33617100003175	216.99976130026258
69.61358000000473	216.99976130026258
69.89052500005346	216.99976130026258
70.16548200009856	216.99976130026258
70.44150600000285	216.99976130026258
70.71864300000016	216.99976130026258
70.99571899999864	216.99976130026258
71.27123100007884	216.99976130026258
71.54901499999687	42.99999498333392
71.99207700008992	42.99999498333392
73.38727800000925	42.99999498333392
74.78225100005511	88.00002346667293
75.46209600009024	88.00002346667293
76.1449160000775	88.00002346667293
76.82705100008752	88.00002346667293
77.50730100006331	135.000135000135
77.93288800003938	135.000135000135
78.37696500006132	135.000135000135
78.82167800003663	135.000135000135
79.26662600005511	135.000135000135
79.71169200004078	98.0
79.80841699999291	98.0
80.42186400003266	98.0
81.03286999999546	98.0
81.64548200007994	98.0
82.25779100006912	98.0
82.8702550000744	98.0
83.48221200006083	110.9999056500802
84.01903200009838	110.9999056500802
84.56026500009466	110.9999056500802
85.10177400009707	110.9999056500802
85.64072600007057	168.99980283356336
85.93318600009661	168.99980283356336
86.2897520000115	168.99980283356336
86.64324300002772	168.99980283356336
86.99984800000675	168.99980283356336
87.35294700006489	168.99980283356336
87.70820600003935	168.99980283356336
88.06302900006995	168.99980283356336
88.41936000005808	168.99980283356336
88.77251899999101	168.99980283356336
89.12936300004367	168.99980283356336
89.48291500005871	123.0
89.49194000009447	123.0
89.98014400003012	123.0
90.46771400002763	123.0
90.95599000004586	123.0
91.44424000009894	123.0
91.93132600001991	186.9997756002693
92.09003200009465	186.9997756002693
92.41113100002985	186.9997756002693
92.73275700001977	186.9997756002693
93.05285700003151	186.9997756002693
93.37355700007174	186.9997756002693
93.69506600010209	186.9997756002693
94.0154249999905	186.9997756002693
94.33716400002595	186.9997756002693
94.65818600007333	186.9997756002693
94.97776800009888	186.9997756002693
95.29882600007113	186.9997756002693
95.61944300006144	48.9999918333347
96.05915099999402	48.9999918333347
97.28325300000142	48.9999918333347
98.5072490000166	135.000135000135
98.73687800008338	135.000135000135
99.18021200003568	135.000135000135
99.63010200008284	135.000135000135
100.06946500006597	135.000135000135
100.51358000002801	135.000135000135
100.95850900001824	135.000135000135
101.40227100008633	135.000135000135
101.84671100007836	157.999931533363
102.17856400005985	157.999931533363
102.55834400001913	157.999931533363
102.93731800001115	157.999931533363
103.31752100004815	157.999931533363
103.69700300006662	159.0002067002687
104.07327200006694	159.0002067002687
104.4524940000847	159.0002067002687
104.82803400000557	159.0002067002687
105.20616000005975	159.0002067002687
105.58243200008292	159.0002067002687
105.95994000008795	159.0002067002687
106.33820300002117	159.0002067002687
106.71591500006616	159.0002067002687
107.09236700006295	159.0002067002687
107.47125500009861	159.0002067002687
107.84827399998903	129.00007740004645
107.93373200006317	129.00007740004645
108.40064800006803	129.00007740004645
108.86378800007515	129.00007740004645
109.32989300007466	129.00007740004645
109.79391400003806	133.0
110.23687200003769	133.0
110.68868900008965	133.0
111.14049700007308	133.0
111.59020299999975	133.0
112.04169900005218	133.0
112.49253400007728	133.0
112.94447800004855	133.0
113.39556800003629	133.0
113.84699300001375	200.0
114.03715099999681	200.0
114.3388500000583	200.0
114.63792000000831	200.0
114.93741200002842	200.0
115.238777999999	200.0
115.53717100003269	200.0
115.83851000003051	196.9996946504733
115.8428009999916	196.9996946504733
116.14767800003756	196.9996946504733
116.45151700009592	196.9996946504733
116.757086000056	196.9996946504733
117.06112399999984	196.9996946504733
117.36492900003213	196.9996946504733
117.66956100007519	196.9996946504733
117.97399299999233	196.9996946504733
118.27882500004489	196.9996946504733
118.58343800005969	196.9996946504733
118.887630000012	196.9996946504733
119.19243000005372	196.9996946504733
119.4976200000383	196.9996946504733
119.80140200001188	30.0
121.34899600001518	30.0
123.35112300002947	32.99999670000033
125.00057300005574	32.99999670000033
126.81911300006323	77.99997660000702
126.84694200009108	77.99997660000702
127.61603200004902	91.99998773333498
128.24756600009277	91.99998773333498
128.90004199999385	91.99998773333498
129.55196900002193	91.99998773333498
130.2051990000764	91.99998773333498
130.85635900008492	91.99998773333498
131.5088120000437	91.99998773333498
132.16110300004948	196.9996946504733
132.4559330000775	196.9996946504733
132.75987300009	196.9996946504733
133.06488000007812	196.9996946504733
133.36930500005838	196.9996946504733
133.67432900005952	94.99999208333399
133.80046699999366	94.99999208333399
134.43108400003985	94.99999208333399
135.06331400002819	94.99999208333399
135.69446900009643	94.99999208333399
136.32678700005636	94.99999208333399
136.9580390000483	94.99999208333399
137.59096100006718	34.99999416666764
137.75871000008192	34.99999416666764
139.47191200009547	34.99999416666764
141.1874980001012	208.0
141.22420300007798	208.0
141.51191400003154	208.0
141.80048000009265	208.0
142.09096699999645	208.0
142.37728600006085	208.0
142.66580800001975	208.0
142.95522400003392	208.0
143.2433140000794	208.0
143.53112599998713	198.000198000198
143.53180300001986	198.000198000198
143.8347660000436	198.000198000198
144.13776599999983	198.000198000198
144.44131300004665	198.000198000198
144.7439439999871	198.000198000198
145.04804900009185	198.000198000198
145.3499820000725	198.000198000198
145.65295500005595	176.00004693334586
145.66912900004536	176.00004693334586
146.01006900006905	176.00004693334586
146.35120999999344	176.00004693334586
146.69227600004524	176.00004693334586
147.0331850000657	176.00004693334586
147.37422600004356	176.00004693334586
147.71463100006804	176.00004693334586
148.0571100000525	176.00004693334586
148.39756800001487	176.00004693334586
148.73726100008935	176.00004693334586
149.0784220000496	176.00004693334586
149.42060100007802	176.00004693334586
149.75995900004636	24.0
151.41135200008284	24.0
153.91227700002491	147.0000955500621
153.96217000007164	147.0000955500621
154.3724640000146	147.0000955500621
154.77853300003335	147.0000955500621
155.1883670000825	147.0000955500621
155.59544100007042	93.00004185001883
155.6309360000305	93.00004185001883
156.27636900008656	93.00004185001883
156.92168400005903	93.00004185001883
157.56810900010169	80.0
157.57853000005707	80.0
158.32610599999316	80.0
159.0771320000058	80.0
159.82591700006742	80.0
160.57619900000282	80.0
161.32707100000698	80.0
162.07749600009993	135.000135000135
162.2894400000805	135.000135000135
162.7334920000285	135.000135000135
163.17998100002296	135.000135000135
163.62270499998704	69.00001725000432
163.72775700001512	69.00001725000432
164.59701500006486	69.00001725000432
165.46710600005463	69.00001725000432
166.33712500007823	69.00001725000432
167.2058230000548	69.00001725000432
168.0768120000139	159.0002067002687
168.13639600004535	159.0002067002687
168.5122590000974	159.0002067002687
168.89010200009216	159.0002067002687
169.26736100006383	159.0002067002687
169.64509000000544	216.0
169.88675100007094	216.0
170.1643590000458	216.0
170.44300600001588	216.0
170.72020600002725	216.0
170.99778000009246	216.0
171.27565100009087	216.0
171.55335400009062	216.0
171.8314150000224	216.0
172.1087009999901	216.0
172.38785100006498	216.0
172.6653580000857	216.0
172.9422890000278	216.0
173.21979000000283	216.0
173.49915899999905	216.0
173.775602000067	69.00001725000432
174.3301569999894	69.00001725000432
175.19984500005376	69.00001725000432
176.06971599999815	178.99974940035085
176.39860300009605	178.99974940035085
176.73446100007277	178.99974940035085
177.07022200000938	178.99974940035085
177.40426199999638	178.99974940035085
177.74041200010106	178.99974940035085
178.07445900002494	178.99974940035085
178.40996100008488	178.99974940035085
178.74577300006058	178.99974940035085
179.0802070000209	178.99974940035085
179.41635800001677	178.99974940035085
179.75034200004302	125.0
179.8310670000501	125.0
180.31090400007088	125.0
180.79082500003278	125.0
181.270695000072	125.0
181.75149900000542	177.99981606685674
182.03659500007052	177.99981606685674
182.37195400008932	177.99981606685674
182.70901200000662	177.99981606685674
183.04610000003595	177.99981606685674
183.38354900002014	177.99981606685674
183.72054600005504	177.99981606685674
184.05746999999974	177.99981606685674
184.39468400005717	177.99981606685674
184.7316850000061	177.99981606685674
185.06922000006307	177.99981606685674
185.40620000008494	177.99981606685674
185.74316800001543	203.99975520029375
186.0156610000413	203.99975520029375
186.31073400005698	203.99975520029375
186.60346400004346	203.99975520029375
186.8977620000951	203.99975520029375
187.19178800005466	203.99975520029375
187.4860800000606	203.99975520029375
187.78043000004254	187.99996240000752
187.80194000003394	187.99996240000752
188.1211980000371	187.99996240000752
188.44070000003558	187.99996240000752
188.7611840000609	187.99996240000752
189.07833000004757	187.99996240000752
189.39760100003332	187.99996240000752
189.71693600004073	187.99996240000752
190.03678100008983	187.99996240000752
190.3556760000065	187.99996240000752
190.67447200010065	187.99996240000752
190.9934399999911	187.99996240000752
191.31258600007277	187.99996240000752
191.6315670000622	207.99966720053249
191.9174040000653	207.99966720053249
192.20601299998816	207.99966720053249
192.49421600007918	207.99966720053249
192.78268400009256	207.99966720053249
193.07083700003568	207.99966720053249
193.35989100008737	207.99966720053249
193.6497630000813	207.99966720053249
193.93591700005345	207.99966720053249
194.22467700007837	207.99966720053249
194.51317400007974	207.99966720053249
194.8013890000293	207.99966720053249
195.08977900003083	207.99966720053249
195.3784160000505	207.99966720053249
195.66680200002156	207.99966720053249
195.95579500007443	207.99966720053249
196.24458599998616	207.99966720053249
196.53217700007372	207.99966720053249
196.82070200005546	207.99966720053249
197.1110200000694	207.99966720053249
197.3991260000039	207.99966720053249
197.68623700004537	207.99966720053249
197.97490500006825	207.99966720053249
198.26305499998853	207.99966720053249
198.55128900008276	207.99966720053249
198.84034400002565	207.99966720053249
199.12948000000324	207.99966720053249
199.4184810000006	207.99966720053249
199.70615199999884	207.99966720053249
199.99435300007463	207.99966720053249
200.282733	207.99966720053249
200.57178200001363	207.99966720053249
200.8592490000883	207.99966720053249
201.14759800001048	207.99966720053249
201.4359060000861	207.99966720053249
201.72557800007053	207.99966720053249
202.01335300004575	207.99966720053249
202.3015219999943	207.99966720053249
202.592105000047	207.99966720053249
202.87923600000795	207.99966720053249
203.16794000007212	207.99966720053249
203.45520600001328	207.99966720053249
203.74373500002548	207.99966720053249
204.03238099999726	207.99966720053249
204.32170400000177	207.99966720053249
204.60919500002638	207.99966720053249
204.89755800005514	207.99966720053249
205.1869660000084	207.99966720053249
205.47446000005584	207.99966720053249
205.76318000000902	207.99966720053249
206.05186800006777	207.99966720053249
206.34151300007943	207.99966720053249
206.62861500005238	207.99966720053249
206.91792999999598	207.99966720053249
207.20651600009296	207.99966720053249
207.4938320000656	207.99966720053249
207.78236499999184	207.99966720053249
208.07214500010014	207.99966720053249
208.35902800003532	207.99966720053249
208.64767700002994	207.99966720053249
208.93675600003917	207.99966720053249
209.22491400002036	207.99966720053249
209.5136450000573	207.99966720053249
209.80177100002766	207.99966720053249
210.09141900006216	207.99966720053249
210.38045100006275	207.99966720053249
210.6668270000955	207.99966720053249
210.95521700009704	207.99966720053249
211.24474700004794	207.99966720053249
211.53230600000825	207.99966720053249
211.82074600004125	207.99966720053249
212.10913500003517	207.99966720053249
212.39795000001322	207.99966720053249
212.68730099999812	207.99966720053249
212.97481500008143	207.99966720053249
213.26365600002464	207.99966720053249
213.55141700000968	207.99966720053249
213.84027899999637	207.99966720053249
214.1283580000745	207.99966720053249
214.4168050000444	207.99966720053249
214.7052880000556	207.99966720053249
214.99459000001661	207.99966720053249
215.28223800007254	207.99966720053249
215.57071400003042	207.99966720053249
215.86105300008785	207.99966720053249
216.14778700005263	207.99966720053249
216.43626800004859	207.99966720053249
216.72498599998653	207.99966720053249
217.0129420000594	207.99966720053249
217.30197100003716	207.99966720053249
217.58992100006435	207.99966720053249
217.87966000009328	207.99966720053249
218.16729600005783	207.99966720053249
218.45566900004633	207.99966720053249
218.7449079999933	207.99966720053249
219.03236300009303	207.99966720053249
219.32078800001182	207.99966720053249
219.60924300004262	207.99966720053249
219.89809100003913	207.99966720053249
220.1871810000157	207.99966720053249
220.47578000009526	207.99966720053249
220.76301700004842	207.99966720053249
221.05152500001714	207.99966720053249
221.34209500008728	207.99966720053249
221.62964200007264	207.99966720053249
221.91703800007235	207.99966720053249
222.20635100000072	207.99966720053249
222.49381600006018	207.99966720053249
222.78237800009083	207.99966720053249
223.07121500000358	207.99966720053249
223.35903900000267	207.99966720053249
223.64991500007454	207.99966720053249
223.93697100004647	207.99966720053249
224.22480000008363	207.99966720053249
224.51285699999426	207.99966720053249
224.8018480000319	207.99966720053249
225.0903110000072	207.99966720053249
225.37836700002663	207.99966720053249
225.6679460000014	207.99966720053249
225.95597300003283	207.99966720053249
226.2439880000893	207.99966720053249
226.5325329999905	207.99966720053249
226.82183600007556	207.99966720053249
227.10978500009514	207.99966720053249
227.39756100007799	207.99966720053249
227.68697100004647	207.99966720053249
227.97581199998967	207.99966720053249
228.26342900004238	207.99966720053249
228.5515510000987	207.99966720053249
228.84158100001514	207.99966720053249
229.12886000005528	207.99966720053249
229.416939000017	207.99966720053249
229.7067720000632	207.99966720053249
229.9948700000532	207.99966720053249
230.28241800004616	207.99966720053249
230.5716160000302	207.99966720053249
230.85933900007512	207.99966720053249
231.1497410000302	207.99966720053249
231.43630200007465	207.99966720053249
231.7253470000578	207.99966720053249
232.01401000004262	207.99966720053249
232.30199200008065	207.99966720053249
232.59044900001027	207.99966720053249
232.8803220000118	207.99966720053249
233.16814800002612	207.99966720053249
233.45655500004068	207.99966720053249
233.74374900001567	207.99966720053249
234.03221600002144	207.99966720053249
234.32078200008254	207.99966720053249
234.6094480000902	207.99966720053249
234.89788300008513	207.99966720053249
235.187217000057	207.99966720053249
235.4747310000239	207.99966720053249
235.76392400008626	207.99966720053249
236.05164300010074	207.99966720053249
236.34124900004826	207.99966720053249
236.630574000068	207.99966720053249
236.9171970000025	207.99966720053249
237.20561000006273	207.99966720053249


3.9726469999877736	120.0
4.465149000054225	120.0
4.50392400007695	120.0
5.000573000055738	120.0
5.501764000044204	120.0
6.000453000073321	120.0
6.5007270000642166	120.0
7.001312000094913	120.0
7.501553000067361	120.0
8.001415000064299	120.0
8.501322000054643	120.0
9.000629000016488	120.0
9.500288000097498	120.0
10.00066300004255	120.0
10.500295000034384	120.0
11.00072100001853	120.0
11.501088000019081	120.0
12.00097699998878	120.0
12.501359999994747	120.0
13.001505000051111	120.0
13.500399000011384	120.0
14.000433000037447	120.0
14.50054200005252	120.0
15.002272000070661	120.0
15.501908000092953	120.0
16.002024000044912	120.0
16.500953000038862	120.0
17.000623000087216	120.0
17.501113000093028	120.0
18.00051500007976	120.0
18.50191500002984	120.0
19.0004960000515	120.0
19.501181000028737	120.0
20.00033000006806	120.0
20.500456000096165	120.0
21.000828000018373	120.0
21.50067500001751	120.0
22.000447000027634	120.0
22.50179900007788	120.0
23.002473000087775	120.0
23.500556000042707	120.0
24.00044199998956	120.0
24.50104900007136	120.0
25.000345000065863	120.0
25.50032300001476	120.0
26.000560000073165	120.0
26.500760000082664	120.0
27.00120100006461	120.0
27.502312000025995	120.0
28.00044600002002	120.0
28.500478000030853	120.0
29.000958000076935	120.0
29.500300000072457	120.0
30.000594999990426	206.0000961333782
30.068690000101924	206.0000961333782
30.359846000093967	206.0000961333782
30.650963000021875	206.0000961333782
30.942273000022396	206.0000961333782
31.233660000027157	206.0000961333782
31.524918000097387	206.0000961333782
31.816715000080876	196.0002874670883
31.834911000099964	196.0002874670883
32.140476000029594	196.0002874670883
32.44672600005288	196.0002874670883
32.75280800007749	196.0002874670883
33.058645999990404	196.0002874670883
33.365252000046894	196.0002874670883
33.67092300008517	196.0002874670883
33.97760400001425	196.0002874670883
34.28323800000362	196.0002874670883
34.589695000089705	196.0002874670883
34.895392000093125	196.0002874670883
35.20224400004372	196.0002874670883
35.50757000001613	196.0002874670883
35.787125000031665	89.9999550000225
36.18724800006021	89.9999550000225
36.85392500006128	89.9999550000225
37.52068399998825	216.99976130026258
37.726603000075556	216.99976130026258
38.00311100005638	216.99976130026258
38.280433000065386	216.99976130026258
38.55622400005814	216.99976130026258
38.832637000014074	216.99976130026258
39.109264000086114	216.99976130026258
39.38699600007385	216.99976130026258
39.662031000014395	216.99976130026258
39.93967500003055	216.99976130026258
40.215924000018276	216.99976130026258
40.491632000077516	216.99976130026258
40.76896400004625	216.99976130026258
41.04537700000219	216.99976130026258
41.3212980000535	216.99976130026258
41.59788800007664	216.99976130026258
41.874127999995835	80.0
42.56883900007233	80.0
43.31969100004062	80.0
44.06889300001785	177.0
44.08409900008701	177.0
44.423695000004955	177.0
44.76238100009505	177.0
45.101104000001214	177.0
45.43999800004531	177.0
45.78155700000934	177.0
46.11939800006803	177.0
46.45712200005073	177.0
46.79621300008148	177.0
47.13690400007181	177.0
47.47484500007704	116.00008506672904
47.514216999989	116.00008506672904
48.030701000010595	116.00008506672904
48.5479940000223	116.00008506672904
49.0664720000932	116.00008506672904
49.58244999998715	173.99979120025057
49.887253000051714	173.99979120025057
50.231076000025496	173.99979120025057
50.57612199999858	173.99979120025057
50.92130700009875	173.99979120025057
51.2665360000683	173.99979120025057
51.610341000021435	173.99979120025057
51.955189000000246	173.99979120025057
52.302255999995396	173.99979120025057
52.645402000052854	173.99979120025057
52.99074500007555	173.99979120025057
53.33568100002594	173.99979120025057
53.679415000020526	198.0
53.95899300009478	198.0
54.2622590000974	198.0
54.564838999998756	198.0
54.86714200000279	198.0
55.1713410000084	198.0
55.473517000093125	198.0
55.776416999986395	143.99988480009216
55.88460099999793	143.99988480009216
56.30206400004681	143.99988480009216
56.71806900005322	143.99988480009216
57.134655000059865	143.99988480009216
57.551204000017606	143.99988480009216
57.97000700002536	143.99988480009216
58.38580200006254	143.99988480009216
58.80119999998715	143.99988480009216
59.21995900000911	143.99988480009216
59.63451200001873	82.99995020002989
59.76416900008917	82.99995020002989
60.486527000088245	82.99995020002989
61.20933500002138	82.99995020002989
61.9344530000817	110.9999056500802
62.35168100008741	110.9999056500802
62.892273000092246	110.9999056500802
63.43378100008704	110.9999056500802
63.97289900004398	110.9999056500802
64.51387800008524	110.9999056500802
64.54024600004777	110.9999056500802
65.08067699999083	110.9999056500802
65.62118000001647	104.00001386666851
65.6320940000005	104.00001386666851
66.21028700005263	104.00001386666851
66.78608600003645	104.00001386666851
67.36299400008284	104.00001386666851
67.94117900007404	216.99976130026258
67.9531549999956	216.99976130026258
68.23001200007275	216.99976130026258
68.50604300003033	216.99976130026258
68.78262400010135	216.99976130026258
69.06151200004388	216.99976130026258
69.33672000002116	216.99976130026258
69.61213100003079	216.99976130026258
69.89086300006602	216.99976130026258
70.16529000003356	216.99976130026258
70.44180900009815	216.99976130026258
70.71799000003375	216.99976130026258
70.99540500005241	216.99976130026258
71.27081900008488	216.99976130026258
71.54947000008542	42.99999498333392
71.99183499999344	42.99999498333392
73.38692300010007	42.99999498333392
74.78202200005762	88.0
75.46237100008875	88.0
76.1455980000319	88.0
76.82675100001507	88.0
77.50833700003568	135.000135000135
77.93259900005069	135.000135000135
78.37667700008024	135.000135000135
78.82184200000484	135.000135000135
79.26662600005511	135.000135000135
79.71166200004518	97.9999836666694
79.8084009999875	97.9999836666694
80.42189500003587	97.9999836666694
81.03293800004758	97.9999836666694
81.64555600006133	97.9999836666694
82.25777400005609	97.9999836666694
82.8699740000302	97.9999836666694
83.48220100009348	111.0
84.01903200009838	111.0
84.5601420000894	111.0
85.10100000002421	111.0
85.64092500007246	168.99980283356336
85.93301400006749	168.99980283356336
86.2891730000265	168.99980283356336
86.64301800006069	168.99980283356336
86.99912100005895	168.99980283356336
87.35239000001457	168.99980283356336
87.70775100006722	168.99980283356336
88.0635600000387	168.99980283356336
88.4199400000507	168.99980283356336
88.77295300003607	168.99980283356336
89.12900499999523	168.99980283356336
89.48255800001789	168.99980283356336
89.84136800002307	122.99996925000768
89.97984600008931	122.99996925000768
90.46795399999246	122.99996925000768
90.9555330000585	122.99996925000768
91.44405000004917	122.99996925000768
91.93104699999094	186.9997756002693
92.09021600009874	186.9997756002693
92.41105600004084	186.9997756002693
92.73256400006358	186.9997756002693
93.05259400000796	186.9997756002693
93.37316800002009	186.9997756002693
93.69485500000883	186.9997756002693
94.01495900005102	186.9997756002693
94.33763200009707	186.9997756002693
94.6579330000095	186.9997756002693
94.97810599999502	186.9997756002693
95.29848600004334	186.9997756002693
95.61922100000083	48.9999918333347
96.05894300004002	48.9999918333347
97.28277799999341	48.9999918333347
98.50750599999446	135.000135000135
98.73710600007325	135.000135000135
99.18037600000389	135.000135000135
99.62967100006063	135.000135000135
100.06989500008058	135.000135000135
100.51377800002228	135.000135000135
100.9584540000651	135.000135000135
101.40276299999095	135.000135000135
101.8469730000943	157.999931533363
102.17835200007539	157.999931533363
102.55810000002384	157.999931533363
102.9375440001022	157.999931533363
103.31774200010113	157.999931533363
103.69647100009024	159.0
104.07350599998608	159.0
104.45231399999466	159.0
104.82782400003634	159.0
105.20644800004084	159.0
105.58265800005756	159.0
105.96006900002249	159.0
106.33797100000083	159.0
106.71567500010133	159.0
107.09263500000816	159.0
107.47411700000521	159.0
107.84862900001463	129.00007740004645
107.9334670000244	129.00007740004645
108.4009050000459	129.00007740004645
108.86409500008449	129.00007740004645
109.3301330000395	129.00007740004645
109.79458900005557	132.9999468000213
110.2370790001005	132.9999468000213
110.68848200002685	132.9999468000213
111.14057300006971	132.9999468000213
111.59025400003884	132.9999468000213
112.04173200007062	132.9999468000213
112.49251600005664	132.9999468000213
112.94447800004855	132.9999468000213
113.39520999998786	132.9999468000213
113.84691600000951	200.0
114.0371340001002	200.0
114.33906800008845	200.0
114.63793299999088	200.0
114.93745100009255	200.0
115.23798400000669	200.0
115.53741099999752	200.0
115.83851000003051	196.9996946504733
115.84255900001153	196.9996946504733
116.14768799999729	196.9996946504733
116.45171400008257	196.9996946504733
116.75730900000781	196.9996946504733
117.06074600003194	196.9996946504733
117.36515200010035	196.9996946504733
117.66926100000273	196.9996946504733
117.97379399999045	196.9996946504733
118.2790040000109	196.9996946504733
118.58329700003378	196.9996946504733
118.88796000008006	196.9996946504733
119.19260499998927	196.9996946504733
119.49740200000815	196.9996946504733
119.80201099999249	30.0
121.34871400007978	30.0
123.35185700003058	32.99999670000033
125.00075000000652	32.99999670000033
126.81879300007131	77.99997660000702
126.82384700002149	77.99997660000702
127.59380700008478	91.99998773333498
128.22590600000694	91.99998773333498
128.8775190000888	91.99998773333498
129.5297890000511	91.99998773333498
130.18236100010108	91.99998773333498
130.83469500008505	91.99998773333498
131.4861469999887	91.99998773333498
132.1384460000554	196.9996946504733
132.4331869999878	196.9996946504733
132.73747900000308	196.9996946504733
133.04251300008036	196.9996946504733
133.34666700009257	196.9996946504733
133.65151700004935	95.0
133.77786700008437	95.0
134.4089170000516	95.0
135.04052100004628	95.0
135.67207700002473	95.0
136.30416599998716	95.0
136.93524400005117	95.0
137.56681099999696	34.99999416666764
137.73570600000676	34.99999416666764
139.44963600009214	34.99999416666764
141.1638040000107	207.99966720053249
141.2015450000763	207.99966720053249
141.49021900002845	207.99966720053249
141.77864999999292	207.99966720053249
142.0676000000676	207.99966720053249
142.35549900005572	207.99966720053249
142.64367400004994	207.99966720053249
142.9321789999958	207.99966720053249
143.22057700005826	207.99966720053249
143.50934400002006	198.0
143.81321500008926	198.0
144.11564700002782	198.0
144.41862600005697	198.0
144.7217210000381	198.0
145.02530300000217	198.0
145.32824400009122	198.0
145.63098000001628	176.00004693334586
145.64735900005326	176.00004693334586
145.98782600008417	176.00004693334586
146.32873400009703	176.00004693334586
146.66974300006405	176.00004693334586
147.0112960000988	176.00004693334586
147.35177499998827	176.00004693334586
147.69283499999437	176.00004693334586
148.03336400003172	176.00004693334586
148.374184000073	176.00004693334586
148.7155320000602	176.00004693334586
149.05594200000633	176.00004693334586
149.39695200009737	176.00004693334586
149.73806200001854	24.0
151.38882800005376	24.0
153.8882070000982	147.0000955500621
153.9399980000453	147.0000955500621
154.34827600000426	147.0000955500621
154.37216400005855	147.0000955500621
154.77854700002354	147.0000955500621
155.1883890000172	147.0000955500621
155.59508200001437	93.00004185001883
155.63111399998888	93.00004185001883
156.2763360000681	93.00004185001883
156.92166600003839	93.00004185001883
157.56808600004297	80.0
157.57796000002418	80.0
158.32580200000666	80.0
159.07743200007826	80.0
159.82606900006067	80.0
160.57575800002087	80.0
161.32695900008548	80.0
162.07732700009365	135.000135000135
162.28906000009738	135.000135000135
162.73354600009043	135.000135000135
163.17963900009636	135.000135000135
163.62270499998704	69.0
163.72747500007972	69.0
164.59700599999633	69.0
165.46682500001043	69.0
166.33712500007823	69.0
167.20580400002655	69.0
168.07669500005431	159.0002067002687
168.13622800004669	159.0002067002687
168.51265100005548	159.0002067002687
168.89007100008894	159.0002067002687
169.2671580000315	159.0002067002687
169.645545000094	215.99982720013824
169.88678699999582	215.99982720013824
170.16466000000946	215.99982720013824
170.44264800008386	215.99982720013824
170.72045700007584	215.99982720013824
170.99798700003885	215.99982720013824
171.2757940000156	215.99982720013824
171.5536870000651	215.99982720013824
171.83147199999075	215.99982720013824
172.1089230000507	215.99982720013824
172.38756000006106	215.99982720013824
172.66555000003427	215.99982720013824
172.94246900000144	215.99982720013824
173.2200329999905	215.99982720013824
173.49963800003752	215.99982720013824
173.77588800003286	69.0
174.33036500005983	69.0
175.20006900001317	69.0
176.06991000007838	178.99974940035085
176.39882800006308	178.99974940035085
176.73361600004137	178.99974940035085
177.0699630000163	178.99974940035085
177.40412399999332	178.99974940035085
177.7402449999936	178.99974940035085
178.07482199999504	178.99974940035085
178.410177999991	178.99974940035085
178.74580800009426	178.99974940035085
179.07997600000817	178.99974940035085
179.41610200004652	178.99974940035085
179.75065599998925	125.0
179.83088300004601	125.0
180.31073700007983	125.0
180.7905589999864	125.0
181.270695000072	125.0
181.7512600000482	177.99981606685674
182.03659500007052	177.99981606685674
182.37226600002032	177.99981606685674
182.7094260000158	177.99981606685674
183.04656200006139	177.99981606685674
183.38375100004487	177.99981606685674
183.72029299999122	177.99981606685674
184.05772700009402	177.99981606685674
184.39446199999657	177.99981606685674
184.73218200006522	177.99981606685674
185.06943300005514	177.99981606685674
185.40644600009546	177.99981606685674
185.74275199999101	203.99975520029375
185.99173100001644	203.99975520029375
186.28620500001125	203.99975520029375
186.57972999999765	203.99975520029375
186.8746280000778	203.99975520029375
187.1678730000276	203.99975520029375
187.4622630000813	203.99975520029375
187.7571890000254	187.99996240000752
187.7779880000744	187.99996240000752
188.0983830000041	187.99996240000752
188.41633500007447	187.99996240000752
188.73551300005056	187.99996240000752
189.05483400006779	187.99996240000752
189.3744510000106	187.99996240000752
189.6934880000772	187.99996240000752
190.0120590000879	187.99996240000752
190.33218300004955	187.99996240000752
190.65048000006936	187.99996240000752
190.96999800007325	187.99996240000752
191.28854199999478	187.99996240000752
191.6078620000044	187.99996240000752
191.9268640000373	207.99966720053249
192.18132299999706	207.99966720053249
192.47038499999326	207.99966720053249
192.75887000001967	207.99966720053249
193.04670900001656	207.99966720053249
193.33515000005718	207.99966720053249
193.62357400008477	207.99966720053249
193.91227000008803	207.99966720053249
194.2023920000065	207.99966720053249
194.49005000002217	207.99966720053249
194.77805299998727	207.99966720053249
195.06668300007004	207.99966720053249
195.35441300005186	207.99966720053249
195.64282000006642	207.99966720053249
195.93132400000468	207.99966720053249
196.22103100002278	207.99966720053249
196.50984600000083	207.99966720053249
196.7968380000675	207.99966720053249
197.08508300001267	207.99966720053249
197.374524999992	207.99966720053249
197.66242599999532	207.99966720053249
197.95232700009365	207.99966720053249
198.23943200008944	207.99966720053249
198.5285140000051	207.99966720053249
198.81598700000905	207.99966720053249
199.1048450000817	207.99966720053249
199.3936930000782	207.99966720053249
199.6812060000375	207.99966720053249
199.97002000000793	207.99966720053249
200.25832800008357	207.99966720053249
200.54746999999043	207.99966720053249
200.83580800006166	207.99966720053249
201.12384800007567	207.99966720053249
201.41232900007162	207.99966720053249
201.70080200000666	207.99966720053249
201.98941999999806	207.99966720053249
202.2773880000459	207.99966720053249
202.56599200004712	207.99966720053249
202.85476700006984	207.99966720053249
203.1434030000819	207.99966720053249
203.4313710000133	207.99966720053249
203.7222189999884	207.99966720053249
204.01026000001002	207.99966720053249
204.29806699999608	207.99966720053249
204.58583500003442	207.99966720053249
204.87369999999646	207.99966720053249
205.1623430000618	207.99966720053249
205.4520720000146	207.99966720053249
205.73929200007115	207.99966720053249
206.0276390000945	207.99966720053249
206.3159530000994	207.99966720053249
206.60471400001552	207.99966720053249
206.89342500001658	207.99966720053249
207.1812070000451	207.99966720053249
207.470054000034	207.99966720053249
207.75858800008427	207.99966720053249
208.0466599999927	207.99966720053249
208.33544500009157	207.99966720053249
208.6240880000405	207.99966720053249
208.9121270000469	207.99966720053249
209.20046800002456	207.99966720053249
209.4889630000107	207.99966720053249
209.7793960000854	207.99966720053249
210.06643800006714	207.99966720053249
210.3549050000729	207.99966720053249
210.6430990000954	207.99966720053249
210.93140200001653	207.99966720053249
211.22236600006	207.99966720053249
211.50931100000162	207.99966720053249
211.79808700003196	207.99966720053249
212.08613200008404	207.99966720053249
212.37434400001075	207.99966720053249
212.66227400000207	207.99966720053249
212.9506260000635	207.99966720053249
213.23898700007703	207.99966720053249
213.52925900008995	207.99966720053249
213.81673700001556	207.99966720053249
214.10467000002973	207.99966720053249
214.39288900000975	207.99966720053249
214.68136000004597	207.99966720053249
214.96968900004867	207.99966720053249
215.25829200004227	207.99966720053249
215.5472080000909	207.99966720053249
215.8309560000198	207.99966720053249
216.1196550000459	207.99966720053249
216.4087620000355	207.99966720053249
216.6961430000374	207.99966720053249
216.98459300003015	207.99966720053249
217.27380600001197	207.99966720053249
217.56184500001837	207.99966720053249
217.85000000009313	207.99966720053249
218.13853200001176	207.99966720053249
218.42865300003905	207.99966720053249
218.716497000074	207.99966720053249
219.00427300005686	207.99966720053249
219.29263700009324	207.99966720053249
219.58085800008848	207.99966720053249
219.871693000081	207.99966720053249
220.15787600004114	207.99966720053249
220.44771700003184	207.99966720053249
220.73570700001437	207.99966720053249
221.02395400009118	207.99966720053249
221.31193800002802	207.99966720053249
221.6006739999866	207.99966720053249
221.88914099999238	207.99966720053249
222.17695100000128	207.99966720053249
222.4654950000113	207.99966720053249
222.75482800009195	207.99966720053249
223.04999299999326	207.99966720053249
223.33180200005881	207.99966720053249
223.61928199999966	207.99966720053249
223.90779299999122	207.99966720053249
224.19617700006347	207.99966720053249
224.48525800008792	207.99966720053249
224.77312999998685	207.99966720053249
225.06151800008956	207.99966720053249
225.35041000007186	207.99966720053249
225.63928000000305	207.99966720053249
225.9270269999979	207.99966720053249
226.21656800003257	207.99966720053249
226.50382099999115	207.99966720053249
226.79290700005367	207.99966720053249
227.08084900001995	207.99966720053249
227.3692550000269	207.99966720053249
227.65820100007113	207.99966720053249
227.94723799999338	207.99966720053249
228.23541399999522	207.99966720053249
228.52314200007822	207.99966720053249
228.8114690000657	207.99966720053249
229.1012810000684	207.99966720053249
229.38972900004592	207.99966720053249
229.67875900003128	207.99966720053249
229.96536100003868	207.99966720053249
230.25389400008135	207.99966720053249
230.54245200008154	207.99966720053249
230.83211000007577	207.99966720053249
231.12043600005563	207.99966720053249
231.40820900001563	207.99966720053249
231.69620000000577	207.99966720053249
231.98470900009852	207.99966720053249
232.27386300009675	207.99966720053249
232.56163700006437	207.99966720053249
232.85099300008733	207.99966720053249
233.14080500009004	207.99966720053249
233.42704600002617	207.99966720053249
233.71643400005996	207.99966720053249
234.00455400010105	207.99966720053249
234.29282100009732	207.99966720053249
234.58076700009406	207.99966720053249
234.8695750000188	207.99966720053249
235.15779700002167	207.99966720053249
235.44700000004377	207.99966720053249
235.73468900006264	207.99966720053249
236.02392000006512	207.99966720053249
236.31207500002347	207.99966720053249
236.60239700006787	207.99966720053249
236.89088100008667	207.99966720053249
237.17716900003143	207.99966720053249


5.949224999989383	120.0
6.444414000026882	120.0
6.500924000050873	120.0
7.001136000035331	120.0
7.50118400005158	120.0
8.00109000003431	120.0
8.50177299999632	120.0
9.000469000078738	120.0
9.50088200008031	120.0
10.000794999999925	120.0
10.500723000033759	120.0
11.000379000091925	120.0
11.500704000005499	120.0
12.000479000038467	120.0
12.501137000042945	120.0
13.001231000060216	120.0
13.500399000011384	120.0
14.001458000042476	120.0
14.500394000089727	120.0
15.001854000031017	120.0
15.501826000050642	120.0
16.00194600003306	120.0
16.500391000066884	120.0
17.000334999989718	120.0
17.50156300002709	120.0
18.000712000066414	120.0
18.501670000026934	120.0
19.000279000028968	120.0
19.500980000011623	120.0
20.00075900007505	120.0
20.500230000005104	120.0
21.000563999987207	120.0
21.50036900001578	120.0
22.00029400002677	120.0
22.50199000001885	120.0
23.002676000003703	120.0
23.500353000010364	120.0
24.000205000047572	120.0
24.500837000086904	120.0
25.00075700005982	120.0
25.50032300001476	120.0
26.000582000007853	120.0
26.50036900001578	120.0
27.000276000006124	120.0
27.501719000050798	120.0
28.000485000084154	120.0
28.50049400003627	120.0
29.000602000043727	120.0
29.50025700009428	120.0
30.00042400008533	206.0000961333782
30.06881299999077	206.0000961333782
30.359846000093967	206.0000961333782
30.65130200004205	206.0000961333782
30.942513999994844	206.0000961333782
31.23390400002245	206.0000961333782
31.52486200002022	196.0
31.528175000101328	196.0
31.834851999999955	196.0
32.14070900005754	196.0
32.44703899999149	196.0
32.753040000097826	196.0
33.05882500007283	196.0
33.365494000026956	196.0
33.67114200000651	196.0
33.97785300004762	196.0
34.283029000042006	196.0
34.58975799998734	196.0
34.895638999994844	196.0
35.20245600002818	196.0
35.50757000001613	196.0
35.814322000020184	89.9999550000225
36.21410400001332	89.9999550000225
36.88078400003724	89.9999550000225
37.547520000021905	216.99976130026258
37.72979800007306	216.99976130026258
38.0066480000969	216.99976130026258
38.28297000005841	216.99976130026258
38.559318000101484	216.99976130026258
38.83606100000907	216.99976130026258
39.111908000078984	216.99976130026258
39.38848700001836	216.99976130026258
39.665348000009544	216.99976130026258
39.941519000101835	216.99976130026258
40.21792100009043	216.99976130026258
40.49450100003742	216.99976130026258
40.77097300009336	216.99976130026258
41.04752100002952	216.99976130026258
41.32395800005179	216.99976130026258
41.60047800000757	80.0
41.8218020000495	80.0
42.571653000079095	80.0
43.321692000026815	80.0
44.07165400008671	177.00002655000398
44.08715000003576	177.00002655000398
44.42594900005497	177.00002655000398
44.76501299999654	177.00002655000398
45.1040370000992	177.00002655000398
45.44304100004956	177.00002655000398
45.781839000061154	177.00002655000398
46.12093299999833	177.00002655000398
46.4598620000761	177.00002655000398
46.798981000087224	177.00002655000398
47.13784800004214	177.00002655000398
47.476820999989286	116.00008506672904
47.51633200002834	116.00008506672904
48.033668000018224	116.00008506672904
48.550929000019096	116.00008506672904
49.068008000031114	116.00008506672904
49.58533100003842	173.99979120025057
49.889280000003055	173.99979120025057
50.23392300005071	173.99979120025057
50.57879400008824	173.99979120025057
50.923581000068225	173.99979120025057
51.26851100008935	173.99979120025057
51.61329400003888	173.99979120025057
51.95820500003174	173.99979120025057
52.30304999998771	173.99979120025057
52.64778200001456	173.99979120025057
52.992582000093535	173.99979120025057
53.337403000099584	173.99979120025057
53.682288000010885	198.000198000198
53.96080500003882	198.000198000198
54.26384400005918	198.000198000198
54.56687199999578	198.000198000198
54.87019300006796	198.000198000198
55.17304600006901	198.000198000198
55.47603200003505	198.000198000198
55.77907500008587	143.99988480009216
55.88759900000878	143.99988480009216
56.304117000079714	143.99988480009216
56.720799000002444	143.99988480009216
57.13743800006341	143.99988480009216
57.55414100002963	143.99988480009216
57.97080500004813	143.99988480009216
58.387463000020944	143.99988480009216
58.80419300007634	143.99988480009216
59.22074900008738	143.99988480009216
59.6375410000328	82.99995020002989
59.76658699999098	82.99995020002989
60.48952000006102	82.99995020002989
61.21420000004582	82.99995020002989
61.93523699999787	111.0
62.35411800001748	111.0
62.89459500007797	111.0
63.435134000028484	111.0
63.97583700006362	111.0
64.51635300007183	111.0
65.05712300003506	111.0
65.59851100004744	104.00001386666851
65.6081520000007	104.00001386666851
66.1851800000295	104.00001386666851
66.21036400005687	104.00001386666851
66.78608600003645	104.00001386666851
67.3627470000647	104.00001386666851
67.941191000049	216.99976130026258
67.95316700008698	216.99976130026258
68.22973200003617	216.99976130026258
68.50610100000631	216.99976130026258
68.78234000003431	216.99976130026258
69.06148000003304	216.99976130026258
69.33651600009762	216.99976130026258
69.61247600009665	216.99976130026258
69.89075400005095	216.99976130026258
70.16522299998906	216.99976130026258
70.44171200005803	216.99976130026258
70.71799000003375	216.99976130026258
70.99593600002117	216.99976130026258
71.2708730000304	216.99976130026258
71.54901499999687	43.0
71.99183499999344	43.0
73.38708100002259	43.0
74.78242500009947	88.00002346667293
75.461827000021	88.00002346667293
76.14551200007554	88.00002346667293
76.82752200006507	88.00002346667293
77.50810600002296	135.000135000135
77.93279800005257	135.000135000135
78.37708400003612	135.000135000135
78.82136100006755	135.000135000135
79.26729400001932	135.000135000135
79.71215000003576	97.9999836666694
79.8086740000872	97.9999836666694
80.42159899999388	97.9999836666694
81.03320500010159	97.9999836666694
81.64519599999767	97.9999836666694
82.25810500001535	97.9999836666694
82.87028800009284	97.9999836666694
83.48194700002205	110.9999056500802
84.0193520000903	110.9999056500802
84.5603279999923	110.9999056500802
85.101236000075	110.9999056500802
85.64080699998885	168.99980283356336
85.93301400006749	168.99980283356336
86.28940700006206	168.99980283356336
86.64295500004664	168.99980283356336
86.99912100005895	168.99980283356336
87.3534370000707	168.99980283356336
87.70776300004218	168.99980283356336
88.06335300009232	168.99980283356336
88.41937300004065	168.99980283356336
88.77288500010036	168.99980283356336
89.12928700004704	168.99980283356336
89.48254900006577	168.99980283356336
89.8404510000255	122.99996925000768
89.97984600008931	122.99996925000768
90.46823600004427	122.99996925000768
90.95554500003345	122.99996925000768
91.44401800003834	122.99996925000768
91.93134500004817	187.0
92.09046400000807	187.0
92.41081600007601	187.0
92.73226600000635	187.0
93.05305800004862	187.0
93.37337700009812	187.0
93.69453900004737	187.0
94.0152170000365	187.0
94.33742800005712	187.0
94.65845200000331	187.0
94.97770899999887	187.0
95.29898399999365	187.0
95.61951200000476	48.9999918333347
96.05912200000603	48.9999918333347
97.2833840000676	48.9999918333347
98.50750599999446	135.000135000135
98.73761000006925	135.000135000135
99.18021200003568	135.000135000135
99.62482400005683	135.000135000135
100.0700010000728	135.000135000135
100.51399000000674	135.000135000135
100.95811100001447	135.000135000135
101.40228999999817	135.000135000135
101.84671100007836	158.0
102.17839600006118	158.0
102.55810000002384	158.0
102.93756400002167	158.0
103.3175540000666	158.0
103.69674799998756	159.0002067002687
104.07354300003499	159.0002067002687
104.45236700004898	159.0002067002687
104.82802500005346	159.0002067002687
105.20635500003118	159.0002067002687
105.5829500000691	159.0002067002687
105.95986800000537	159.0002067002687
106.33796000003349	159.0002067002687
106.71591500006616	159.0002067002687
107.09263500000816	159.0002067002687
107.46917900000699	159.0002067002687
107.84920900000725	129.00007740004645
107.93374700006098	129.00007740004645
108.40085000009276	129.00007740004645
108.86400100006722	129.00007740004645
109.3301330000395	129.00007740004645
109.79439699999057	132.9999468000213
110.23711099999491	132.9999468000213
110.68827300006524	132.9999468000213
111.13999100006185	132.9999468000213
111.59055299998727	132.9999468000213
112.04200400004629	132.9999468000213
112.49285000003874	132.9999468000213
112.94476600002963	132.9999468000213
113.39538500003982	132.9999468000213
113.8467070000479	200.0
114.0374249999877	200.0
114.33886000001803	200.0
114.6382010000525	200.0
114.93722100008745	200.0
115.23760700004641	200.0
115.53716000006534	200.0
115.83825600007549	196.9996946504733
115.84231800003909	196.9996946504733
116.14748400007375	196.9996946504733
116.4513680000091	196.9996946504733
116.75706000009086	196.9996946504733
117.06095100007951	196.9996946504733
117.36478900001384	196.9996946504733
117.66929300001357	196.9996946504733
117.97408100008033	196.9996946504733
118.2785660000518	196.9996946504733
118.58334900008049	196.9996946504733
118.88762300007511	196.9996946504733
119.1921910000965	196.9996946504733
119.49710500007495	196.9996946504733
119.80150100006722	30.0
121.34871400007978	30.0
123.3524440000765	33.0
125.00050700001884	33.0
126.81908200006	77.99997660000702
126.84698700008448	77.99997660000702
127.61693700007163	91.99998773333498
128.2222410000395	91.99998773333498
128.8731550000375	91.99998773333498
129.52652700000908	91.99998773333498
130.17853400006425	91.99998773333498
130.82969300006516	91.99998773333498
131.48272000008728	91.99998773333498
132.13468200003263	197.0
132.42945900000632	197.0
132.73366600007284	197.0
133.03805100009777	197.0
133.34259600006044	197.0
133.64722700009588	94.99999208333399
133.77358700009063	94.99999208333399
134.40441300009843	94.99999208333399
135.0359050000552	94.99999208333399
135.66811000008602	94.99999208333399
136.29920600005426	94.99999208333399
136.9311180000659	94.99999208333399
137.56234699999914	34.99999416666764
137.73084900004324	34.99999416666764
139.445194000029	34.99999416666764
141.16112100007012	207.99966720053249
141.19826000009198	207.99966720053249
141.4864570000209	207.99966720053249
141.7736520000035	207.99966720053249
142.06229000003077	207.99966720053249
142.3505240000086	207.99966720053249
142.64007000008132	207.99966720053249
142.92911800008733	207.99966720053249
143.21715700009372	207.99966720053249
143.50450800010003	207.99966720053249
143.79286100005265	198.000198000198
143.80808800004888	198.000198000198
144.11116500000935	198.000198000198
144.4145959999878	198.000198000198
144.71723100007512	198.000198000198
145.02021200000308	198.000198000198
145.3235660000937	198.000198000198
145.62663499999326	176.00004693334586
145.642404000042	176.00004693334586
145.98348300007638	176.00004693334586
146.32513200002722	176.00004693334586
146.6662350000115	176.00004693334586
147.00657700002193	176.00004693334586
147.34698000003118	176.00004693334586
147.68836900009774	176.00004693334586
148.0288320000982	176.00004693334586
148.36975400010124	176.00004693334586
148.71075000008568	176.00004693334586
149.05164499999955	176.00004693334586
149.39257500006352	176.00004693334586
149.733945999993	24.0
151.38355000002775	24.0
153.8835160000017	147.0
153.93547900009435	147.0
154.3445060000522	147.0
154.75227200007066	147.0
155.16174500004854	147.0
155.5730400000466	93.00004185001883
155.6044819999952	93.00004185001883
156.2505050000036	93.00004185001883
156.27613400004338	93.00004185001883
156.92144300008658	93.00004185001883
157.5678590000607	80.0
157.57835900003556	80.0
158.32625200005714	80.0
159.0776640000986	80.0
159.8257670000894	80.0
160.57605400006287	80.0
161.3266120000044	80.0
162.07712500006892	135.0
162.28936400008388	135.0
162.733738000039	135.0
163.17983899998944	135.0
163.62293400010094	69.00001725000432
163.72776800009888	69.00001725000432
164.5972180000972	69.00001725000432
165.46652400004677	69.00001725000432
166.33740200009197	69.00001725000432
167.2060380000621	69.00001725000432
168.07643600006122	159.0002067002687
168.1356350000715	159.0002067002687
168.5124230000656	159.0002067002687
168.89032400003634	159.0002067002687
169.2669590000296	159.0002067002687
169.6453090000432	215.99982720013824
169.88709199998993	215.99982720013824
170.1643890000414	215.99982720013824
170.44282500003465	215.99982720013824
170.7206180000212	215.99982720013824
170.99777200003155	215.99982720013824
171.27559800003655	215.99982720013824
171.55335400009062	215.99982720013824
171.8312680000672	215.99982720013824
172.10871300008148	215.99982720013824
172.3870140000945	215.99982720013824
172.66574299999047	215.99982720013824
172.94263900001533	215.99982720013824
173.21982600004412	215.99982720013824
173.49943800002802	215.99982720013824
173.7758010000689	69.00001725000432
174.33017299999483	69.00001725000432
175.1994270000141	69.00001725000432
176.0694660000736	178.99974940035085
176.3990370000247	178.99974940035085
176.73479800007772	178.99974940035085
177.0703630000353	178.99974940035085
177.40402800007723	178.99974940035085
177.73985100002028	178.99974940035085
178.07471000007354	178.99974940035085
178.41013100009877	178.99974940035085
178.7455370000098	178.99974940035085
179.0799630000256	178.99974940035085
179.41610200004652	178.99974940035085
179.75085599999875	125.0
179.83088300004601	125.0
180.3106990000233	125.0
180.7905890000984	125.0
181.2709390000673	125.0
181.75169400009327	178.0
182.03613000002224	178.0
182.3724790000124	178.0
182.70919800002594	178.0
183.04621200007387	178.0
183.383523000055	178.0
183.72031100001186	178.0
184.05746999999974	178.0
184.39446199999657	178.0
184.7320620000828	178.0
185.06947700004093	178.0
185.4062120000599	178.0
185.74296699999832	203.99975520029375
186.0153960000025	203.99975520029375
186.31048000010196	203.99975520029375
186.60363900009543	203.99975520029375
186.8977620000951	203.99975520029375
187.1918430000078	203.99975520029375
187.48640900000464	203.99975520029375
187.78014899999835	187.99996240000752
188.0983830000041	187.99996240000752
188.41637300001457	187.99996240000752
188.73552500002552	187.99996240000752
189.05492600006983	187.99996240000752
189.3741770000197	187.99996240000752
189.6934960000217	187.99996240000752
190.01207000005525	187.99996240000752
190.33214600000065	187.99996240000752
190.6506610000506	187.99996240000752
190.9700320000993	187.99996240000752
191.28879700007383	187.99996240000752
191.6081650000997	208.0
191.8930640000617	208.0
192.18148500006646	208.0
192.47074600006454	208.0
192.75923299998976	208.0
193.04689300002065	208.0
193.33521200006362	208.0
193.62378800008446	208.0
193.91252900008112	208.0
194.20237200008705	208.0
194.48997400002554	208.0
194.77832700009458	208.0
195.06687900004908	208.0
195.3544900000561	208.0
195.64302399998996	208.0
195.9314599999925	208.0
196.22106400004122	208.0
196.50946199998725	208.0
196.7968380000675	208.0
197.08539300004486	208.0
197.3746960000135	208.0
197.66261100000702	208.0
197.95256600005087	208.0
198.23911200009752	208.0
198.52874000009615	208.0
198.81606700003613	208.0
199.10506400000304	208.0
199.39341600006446	208.0
199.68138700001873	208.0
199.97030700009782	208.0
200.25840300007258	208.0
200.5475570000708	208.0
200.83604299998842	208.0
201.12364800006617	208.0
201.41218900005333	208.0
201.70059100002982	208.0
201.98938200005796	208.0
202.27760100003798	208.0
202.56592600001022	208.0
202.85474400001112	208.0
203.1434030000819	208.0
203.4314660000382	208.0
203.72240299999248	208.0
204.01050900004338	208.0
204.2978150000563	208.0
204.58613499999046	208.0
204.87384900008328	208.0
205.16258300002664	208.0
205.4522790000774	208.0
205.73918300005607	208.0
206.0275949999923	208.0
206.3160350000253	208.0
206.60472599999048	208.0
206.89326600008644	208.0
207.1814590001013	208.0
207.46995500009507	208.0
207.75894000008702	208.0
208.0469030000968	208.0
208.33545700006653	208.0
208.62383200007025	208.0
208.91233900003135	208.0
209.20069600001443	208.0
209.48924900009297	208.0
209.77917600004002	208.0
210.06621000007726	208.0
210.35522100003436	208.0
210.64334100007545	208.0
210.93164299998898	208.0
211.2221000000136	208.0
211.50965200003702	208.0
211.79772800009232	208.0
212.08587499998976	208.0
212.37432900001295	208.0
212.66225200006738	208.0
212.95081700000446	208.0
213.23920900002122	208.0
213.52942800009623	208.0
213.81673700001556	208.0
214.1046530000167	208.0
214.39291200006846	208.0
214.6816670000553	208.0
214.96990400005598	208.0
215.25850400002673	208.0
215.54856600007042	208.0
215.83537300000899	208.0
216.12464799999725	208.0
216.41223700006958	208.0
216.4360030000098	208.0
216.7251900000265	208.0
217.01323600008618	208.0
217.30174000002444	208.0
217.5901170000434	208.0
217.8800390000688	208.0
218.16729600005783	208.0
218.45568400004413	208.0
218.74459800007753	208.0
219.03234400006477	208.0
219.32162699999753	208.0
219.60912400006782	208.0
219.89767000009306	208.0
220.186921000015	208.0
220.47544599999674	208.0
220.76284900004975	208.0
221.0513220001012	208.0
221.34181900008116	208.0
221.6293430000078	208.0
221.91745499998797	208.0
222.20659000007436	208.0
222.4941810000455	208.0
222.78216699999757	208.0
223.0705490000546	208.0
223.35932600009255	208.0
223.64945500006434	208.0
223.9372260000091	208.0
224.22457100008614	208.0
224.51308400009293	208.0
224.80152400000952	208.0
225.0899330000393	208.0
225.37860400008503	208.0
225.6683530000737	208.0
225.95566300000064	208.0
226.24379800003953	208.0
226.53225600009318	208.0
226.82168799999636	208.0
227.10998700000346	208.0
227.39777100004721	208.0
227.68726500007324	208.0
227.97556000004988	208.0
228.2630080000963	208.0
228.55132800003048	208.0
228.8413479999872	208.0
229.12849900010042	208.0
229.41713700001128	208.0
229.70653600001242	208.0
229.9946250000503	208.0
230.2821750000585	208.0
230.57130000006873	208.0
230.85952600010205	208.0
231.14943600003608	208.0
231.43608900008257	208.0
231.72513500007335	208.0
232.01378899998963	208.0
232.30174900009297	208.0
232.59027500008233	208.0
232.8803220000118	208.0
233.16845400002785	208.0
233.4564300000202	208.0
233.74376099999063	208.0
234.0322060000617	208.0
234.32098800002132	208.0
234.6091080000624	208.0
234.89787600003183	208.0
235.1869520000182	208.0
235.4747310000239	208.0
235.76371700002346	208.0
236.05141200008802	208.0
236.34083300002385	208.0
236.630574000068	208.0
236.917189000058	208.0
237.2054150000913	208.0


8.034175000037067	120.0
8.529372000019066	120.0
9.000300000072457	120.0
9.501115999999456	120.0
10.000350999995135	120.0
10.50056100008078	120.0
11.000563999987207	120.0
11.500990000087768	120.0
12.000774000072852	120.0
12.500812000012957	120.0
13.001683000009507	120.0
13.500623000087216	120.0
14.000237000058405	120.0
14.500655999989249	120.0
15.002181000076234	120.0
15.501484000007622	120.0
16.00158600008581	120.0
16.500689000007696	120.0
17.0008070000913	120.0
17.501347000012174	120.0
18.000362000078894	120.0
18.502129000029527	120.0
19.00073200010229	120.0
19.501399000058882	120.0
20.000594999990426	120.0
20.500645000021905	120.0
21.000333000090905	120.0
21.500743000069633	120.0
22.000604000058956	120.0
22.50218000006862	120.0
23.002241000067443	120.0
23.500735000008717	120.0
24.00064199999906	120.0
24.500608000089414	120.0
25.0005189999938	120.0
25.500548999989405	120.0
26.000791000085883	120.0
26.500570000032894	120.0
27.000631000031717	120.0
27.502077000099234	120.0
28.000268000061624	120.0
28.500291000003926	120.0
29.000745000084862	120.0
29.50085599999875	120.0
30.000372000038624	206.0000961333782
30.068465000018477	206.0000961333782
30.35962300002575	206.0000961333782
30.651190000004135	206.0000961333782
30.942581000039354	206.0000961333782
31.233466000063345	206.0000961333782
31.52468100003898	196.0002874670883
31.52801000000909	196.0002874670883
31.83522400003858	196.0002874670883
32.14051500009373	196.0002874670883
32.446711000055075	196.0002874670883
32.75324200000614	196.0002874670883
33.05904000008013	196.0002874670883
33.365525000030175	196.0002874670883
33.671371000004	196.0002874670883
33.97811600007117	196.0002874670883
34.28344000002835	196.0002874670883
34.58931200008374	196.0002874670883
34.89567100000568	196.0002874670883
35.201924000051804	196.0002874670883
35.50783700007014	90.0
35.547916000010446	90.0
36.213880000053905	90.0
36.8806259999983	90.0
37.54728599998634	216.99976130026258
37.75331100006588	216.99976130026258
38.031335000065155	216.99976130026258
38.30681400001049	216.99976130026258
38.583554000011645	216.99976130026258
38.85928400000557	216.99976130026258
39.13603100006003	216.99976130026258
39.41229900007602	216.99976130026258
39.68869199999608	216.99976130026258
39.94111300003715	216.99976130026258
40.21792100009043	216.99976130026258
40.49399099999573	216.99976130026258
40.77052000002004	216.99976130026258
41.047093000030145	216.99976130026258
41.32350200007204	216.99976130026258
41.60008600004949	80.0
41.82153600000311	80.0
42.57152900006622	80.0
43.32116200006567	80.0
44.071547000086866	177.00002655000398
44.08715000003576	177.00002655000398
44.42595599999186	177.00002655000398
44.764535000082105	177.00002655000398
45.10357300005853	177.00002655000398
45.44258000003174	177.00002655000398
45.78160400001798	177.00002655000398
46.12048400007188	177.00002655000398
46.45965900004376	177.00002655000398
46.79860300000291	177.00002655000398
47.13742600008845	177.00002655000398
47.4763030000031	116.00008506672904
47.51593200000934	116.00008506672904
48.033175999997184	116.00008506672904
48.550450000097044	116.00008506672904
49.06770900008269	116.00008506672904
49.58492600009777	173.99979120025057
49.88901300006546	173.99979120025057
50.233710000058636	173.99979120025057
50.578370000002906	173.99979120025057
50.92324700008612	173.99979120025057
51.26802000007592	173.99979120025057
51.612787000020035	173.99979120025057
51.95771600003354	173.99979120025057
52.30250900005922	173.99979120025057
52.64774899999611	173.99979120025057
52.99237200000789	173.99979120025057
53.3370040000882	173.99979120025057
53.68178199999966	198.000198000198
53.96044500009157	198.000198000198
54.26343600009568	198.000198000198
54.56687199999578	198.000198000198
54.870207000058144	198.000198000198
55.172481000074185	198.000198000198
55.47565600008238	198.000198000198
55.778541000094265	144.0
55.88825399999041	144.0
56.3040350000374	144.0
56.720666000037454	144.0
57.13712700002361	144.0
57.553794000064954	144.0
57.97042800008785	144.0
58.38738299999386	144.0
58.80362200003583	144.0
59.220343000022694	144.0
59.63697300001513	82.99995020002989
59.76624400005676	82.99995020002989
60.488962000003085	82.99995020002989
61.21420600009151	82.99995020002989
61.93473900004756	110.9999056500802
62.35368400008883	110.9999056500802
62.89428200002294	110.9999056500802
63.4346460000379	110.9999056500802
63.97582400008105	110.9999056500802
64.51582600001711	110.9999056500802
65.05676900001708	110.9999056500802
65.59851100004744	104.0
65.60784900002182	104.0
66.18472300004214	104.0
66.76205600006506	104.0
67.33946899999864	104.0
67.91640300001018	216.99976130026258
67.92903400002979	216.99976130026258
68.20584700000472	216.99976130026258
68.23015399998985	216.99976130026258
68.50661400007084	216.99976130026258
68.7831100000767	216.99976130026258
69.06125200004317	216.99976130026258
69.33673900004942	216.99976130026258
69.61224700009916	216.99976130026258
69.89104800007772	216.99976130026258
70.16498900006991	216.99976130026258
70.4418880000012	216.99976130026258
70.71829300001264	216.99976130026258
70.99546400003601	216.99976130026258
71.27109799999744	216.99976130026258
71.54930200008675	42.99999498333392
71.99155999999493	42.99999498333392
73.38685000000987	42.99999498333392
74.78228300006595	88.00002346667293
75.46216600004118	88.00002346667293
76.14472500002012	88.00002346667293
76.82731800002512	88.00002346667293
77.50781400001142	135.000135000135
77.93300200009253	135.000135000135
78.37686200009193	135.000135000135
78.82165900000837	135.000135000135
79.26689500000793	135.000135000135
79.7119160000002	97.9999836666694
79.80882800009567	97.9999836666694
80.42214400006924	97.9999836666694
81.03345400001854	97.9999836666694
81.64539100008551	97.9999836666694
82.25826200004667	97.9999836666694
82.8699740000302	97.9999836666694
83.48242700006813	110.9999056500802
84.01951100002043	110.9999056500802
84.56042200000957	110.9999056500802
85.10093499999493	110.9999056500802
85.64051900000777	169.0
85.93279500002973	169.0
86.2891730000265	169.0
86.64263900008518	169.0
86.99947500007693	169.0
87.35248100000899	169.0
87.70799600007012	169.0
88.06301400007214	169.0
88.41982400009874	169.0
88.77257999998983	169.0
89.12903800001368	169.0
89.48273899999913	169.0
89.84145400009584	122.99996925000768
89.98040400003083	122.99996925000768
90.46803700004239	122.99996925000768
90.95578900002874	122.99996925000768
91.44377800007351	122.99996925000768
91.93104699999094	186.9997756002693
92.09004700009245	186.9997756002693
92.4107490000315	186.9997756002693
92.73256000003312	186.9997756002693
93.05286799999885	186.9997756002693
93.37342600000557	186.9997756002693
93.69490800006315	186.9997756002693
94.01524800003972	186.9997756002693
94.3371530000586	186.9997756002693
94.6579330000095	186.9997756002693
94.97815800004173	186.9997756002693
95.29848600004334	186.9997756002693
95.6198190000141	49.0
96.05868000001647	49.0
97.28301600005943	49.0
98.50774600007571	135.000135000135
98.73646600008942	135.000135000135
99.1800050000893	135.000135000135
99.6294179999968	135.000135000135
100.07010500004981	135.000135000135
100.51354700000957	135.000135000135
100.95892300002743	135.000135000135
101.4026320000412	135.000135000135
101.84697700000834	157.999931533363
102.17863199999556	157.999931533363
102.55840300000273	157.999931533363
102.93785600003321	157.999931533363
103.31801000004634	157.999931533363
103.69671500008553	159.0002067002687
104.07366100000218	159.0002067002687
104.45212700008415	159.0002067002687
104.82819300005212	159.0002067002687
105.2061480000848	159.0002067002687
105.58312200009823	159.0002067002687
105.96023500000592	159.0002067002687
106.33838700002525	159.0002067002687
106.71613700001035	159.0002067002687
107.09280600002967	159.0002067002687
107.4715140000917	159.0002067002687
107.8482260000892	129.00007740004645
107.9339120000368	129.00007740004645
108.40103400009684	129.00007740004645
108.86417200008873	129.00007740004645
109.33033400005661	129.00007740004645
109.79422700009309	132.9999468000213
110.23686300008558	132.9999468000213
110.68827300006524	132.9999468000213
111.13997800007928	132.9999468000213
111.5903849999886	132.9999468000213
112.04192700004205	132.9999468000213
112.49279500008561	132.9999468000213
112.94498999998905	132.9999468000213
113.39522599999327	132.9999468000213
113.84682299999986	200.0
114.0374249999877	200.0
114.33926200005226	200.0
114.63841200002935	200.0
114.93764600006398	200.0
115.23743199999444	200.0
115.53756200009957	197.0
115.84233200002927	197.0
116.1478590000188	197.0
116.45127200009301	197.0
116.75760000001173	197.0
117.06117000000086	197.0
117.3650520000374	197.0
117.669576000073	197.0
117.97423100005835	197.0
118.2785440000007	197.0
118.58314600004815	197.0
118.88781600003131	197.0
119.1921910000965	197.0
119.49710500007495	197.0
119.80168700008653	30.0
121.34930700005498	30.0
123.35085200006142	32.99999670000033
125.00069900008384	32.99999670000033
126.81885600008536	78.0
126.84721200005151	78.0
127.61585500009824	91.99998773333498
128.2476060000481	91.99998773333498
128.89981100009754	91.99998773333498
129.55193600000348	91.99998773333498
130.17960999999195	91.99998773333498
130.83150299999397	91.99998773333498
131.48365200008266	91.99998773333498
132.13584000000264	196.9996946504733
132.43040100007784	196.9996946504733
132.7348270000657	196.9996946504733
133.03979100007564	196.9996946504733
133.3441050000256	196.9996946504733
133.64888700004667	94.99999208333399
133.77496000006795	94.99999208333399
134.40676600008737	94.99999208333399
135.0378460000502	94.99999208333399
135.66950000007637	94.99999208333399
136.30135500000324	94.99999208333399
136.93252700008452	94.99999208333399
137.56434100004844	34.99999416666764
137.73316800000612	34.99999416666764
139.44731700001284	34.99999416666764
141.16119700006675	207.99966720053249
141.19868100003805	207.99966720053249
141.48800900008064	207.99966720053249
141.77588500001002	207.99966720053249
142.06468200008385	207.99966720053249
142.35254600003827	207.99966720053249
142.64105900004506	207.99966720053249
142.92944500001613	207.99966720053249
143.21814300003462	207.99966720053249
143.50626000005286	198.000198000198
143.50691700004973	198.000198000198
143.80995400005486	198.000198000198
144.11349100002553	198.000198000198
144.41598799999338	198.000198000198
144.7190020000562	198.000198000198
145.022236000048	198.000198000198
145.3255520000821	198.000198000198
145.62852200004272	176.0
145.64434200001415	176.0
145.98519100004341	176.0
146.32632500003092	176.0
146.6672500000568	176.0
147.00788100005593	176.0
147.34890300000552	176.0
147.69013000000268	176.0
148.03080200008117	176.0
148.37210500007495	176.0
148.71243800001685	176.0
149.05345800006762	176.0
149.3947150000604	176.0
149.7355990000069	24.0
151.38555800006725	24.0
153.88544800004456	147.0000955500621
153.9375210000435	147.0000955500621
154.34564399998635	147.0000955500621
154.75379600003362	147.0000955500621
155.1619049999863	147.0000955500621
155.5731740000192	93.0
155.60623500007205	93.0
156.25140700000338	93.0
156.8965390000958	93.0
157.54211700009182	80.0
157.55133400007617	80.0
158.30133899999782	80.0
158.32603900006507	80.0
159.07717100006994	80.0
159.8259600000456	80.0
160.57574400003068	80.0
161.32688100007363	80.0
162.07712500006892	135.000135000135
162.28922899998724	135.000135000135
162.73394800000824	135.000135000135
163.17981000000145	135.000135000135
163.62311400007457	69.00001725000432
163.72737300000153	69.00001725000432
164.5973670000676	69.00001725000432
165.4668360000942	69.00001725000432
166.33756300003733	69.00001725000432
167.20622900000308	69.00001725000432
168.07695700007025	159.0002067002687
168.13602400000673	159.0002067002687
168.51280200004112	159.0002067002687
168.89053700002842	159.0002067002687
169.26740800007246	159.0002067002687
169.64507800003048	215.99982720013824
169.8873420000309	215.99982720013824
170.16460200003348	215.99982720013824
170.44289400009438	215.99982720013824
170.7204469999997	215.99982720013824
170.99824800004717	215.99982720013824
171.27543200005312	215.99982720013824
171.55363300000317	215.99982720013824
171.83157600008417	215.99982720013824
172.1088780000573	215.99982720013824
172.3870140000945	215.99982720013824
172.6653580000857	215.99982720013824
172.9424369999906	215.99982720013824
173.22020400001202	215.99982720013824
173.49938300007489	215.99982720013824
173.77601500006858	69.00001725000432
174.33053899998777	69.00001725000432
175.19946400006302	69.00001725000432
176.07055100006983	179.0
176.39890100003686	179.0
176.73387900006492	179.0
177.06997599999886	179.0
177.4038639999926	179.0
177.7401710000122	179.0
178.07493300002534	179.0
178.4102960000746	179.0
178.74602300010156	179.0
179.08037600002717	179.0
179.4157820000546	179.0
179.7506070000818	125.0
179.83066400000826	125.0
180.31110900000203	125.0
180.79097199998796	125.0
181.27113500004634	125.0
181.75120400008745	177.99981606685674
182.03644000005443	177.99981606685674
182.37226600002032	177.99981606685674
182.70917600009125	177.99981606685674
183.0463340000715	177.99981606685674
183.38392200006638	177.99981606685674
183.7207580000395	177.99981606685674
184.05794500000775	177.99981606685674
184.39468400005717	177.99981606685674
184.7316030000802	177.99981606685674
185.06922000006307	177.99981606685674
185.4067090000026	177.99981606685674
185.74297500005923	204.0
186.01538400002755	204.0
186.31048000010196	204.0
186.60369300004095	204.0
186.89799000008497	204.0
187.19231900002342	204.0
187.48631300008856	204.0
187.7801370000234	187.99996240000752
187.80177500005811	187.99996240000752
188.1210640000645	187.99996240000752
188.44052599999122	187.99996240000752
188.76126900000963	187.99996240000752
189.0784730000887	187.99996240000752
189.39760100003332	187.99996240000752
189.71702400001232	187.99996240000752
190.01175900001545	187.99996240000752
190.33240600000136	187.99996240000752
190.6504310000455	187.99996240000752
190.97032500000205	187.99996240000752
191.28864500008058	187.99996240000752
191.6078770000022	187.99996240000752
191.9267140000593	207.99966720053249
192.18111600005068	207.99966720053249
192.47056200006045	207.99966720053249
192.7588580000447	207.99966720053249
193.0466890000971	207.99966720053249
193.33536500006448	207.99966720053249
193.62348300009035	207.99966720053249
193.91227000008803	207.99966720053249
194.20268400001805	207.99966720053249
194.49021700001322	207.99966720053249
194.77809700008947	207.99966720053249
195.06663300003856	207.99966720053249
195.35430300002918	207.99966720053249
195.64274899999145	207.99966720053249
195.93118000007235	207.99966720053249
196.22126400005072	207.99966720053249
196.509473000071	207.99966720053249
196.79717500007246	207.99966720053249
197.0851510000648	207.99966720053249
197.37443800002802	207.99966720053249
197.66238300001714	207.99966720053249
197.95234499999788	207.99966720053249
198.23886200005654	207.99966720053249
198.52852300007362	207.99966720053249
198.8157549999887	207.99966720053249
199.1048450000817	207.99966720053249
199.3934270000318	207.99966720053249
199.6811999999918	207.99966720053249
199.9699860000983	207.99966720053249
200.25811900000554	207.99966720053249
200.54780599998776	207.99966720053249
200.83580800006166	207.99966720053249
201.1235100000631	207.99966720053249
201.4119359999895	207.99966720053249
201.70051700004842	207.99966720053249
201.98965400003362	207.99966720053249
202.27736300008837	207.99966720053249
202.5657380000921	207.99966720053249
202.85498000006191	207.99966720053249
203.1436190000968	207.99966720053249
203.4311760000419	207.99966720053249
203.72218700009398	207.99966720053249
204.0102729999926	207.99966720053249
204.29779500002041	207.99966720053249
204.58589400001802	207.99966720053249
204.87350500002503	207.99966720053249
205.1623430000618	207.99966720053249
205.45234000007622	207.99966720053249
205.7389770000009	207.99966720053249
206.02740100002848	207.99966720053249
206.31623300001957	207.99966720053249
206.60493600007612	207.99966720053249
206.89324000000488	207.99966720053249
207.1814299999969	207.99966720053249
207.46981500007678	207.99966720053249
207.75887800008059	207.99966720053249
208.0469120000489	207.99966720053249
208.3356930000009	207.99966720053249
208.62384900008328	207.99966720053249
208.91204100009054	207.99966720053249
209.20043800002895	207.99966720053249
209.48892999999225	207.99966720053249
209.7791440000292	207.99966720053249
210.06625200004783	207.99966720053249
210.3549050000729	207.99966720053249
210.6430990000954	207.99966720053249
210.9314220000524	207.99966720053249
211.22216100001242	207.99966720053249
211.50931100000162	207.99966720053249
211.79779700003564	207.99966720053249
212.08587499998976	207.99966720053249
212.37459000002127	207.99966720053249
212.66249900008552	207.99966720053249
212.95053999999072	207.99966720053249
213.2390519999899	207.99966720053249
213.52919300005306	207.99966720053249
213.81706900009885	207.99966720053249
214.10486700001638	207.99966720053249
214.39270399999805	207.99966720053249
214.68137400003616	207.99966720053249
214.96968900004867	207.99966720053249
215.2582200000761	207.99966720053249
215.54658900003415	207.99966720053249
215.83499300002586	207.99966720053249
216.12440299999435	207.99966720053249
216.41193699999712	207.99966720053249
216.7005970000755	207.99966720053249
216.98888200009242	207.99966720053249
217.2773670000024	207.99966720053249
217.5668950000545	207.99966720053249
217.85527100006584	207.99966720053249
218.14281500002835	207.99966720053249
218.43156100006308	207.99966720053249
218.45602000004146	207.99966720053249
218.7446100000525	207.99966720053249
219.03206600004341	207.99966720053249
219.3213570000371	207.99966720053249
219.60944000002928	207.99966720053249
219.8977770000929	207.99966720053249
220.18693900003564	207.99966720053249
220.4754660000326	207.99966720053249
220.76312800007872	207.99966720053249
221.05126600002404	207.99966720053249
221.34179900004528	207.99966720053249
221.62971900007688	207.99966720053249
221.91699300007895	207.99966720053249
222.20654799998738	207.99966720053249
222.49423000006936	207.99966720053249
222.78251300007105	207.99966720053249
223.07072200009134	207.99966720053249
223.3592640000861	207.99966720053249
223.6494890000904	207.99966720053249
223.93723600008525	207.99966720053249
224.2248660000041	207.99966720053249
224.51287100010086	207.99966720053249
224.80177600006573	207.99966720053249
225.08983300009277	207.99966720053249
225.3787870000815	207.99966720053249
225.6683840000769	207.99966720053249
225.95597300003283	207.99966720053249
226.24403900001198	207.99966720053249
226.5325329999905	207.99966720053249
226.8219210000243	207.99966720053249
227.1098410000559	207.99966720053249
227.39757200004533	207.99966720053249
227.68694200005848	207.99966720053249
227.9758739999961	207.99966720053249
228.26368000009097	207.99966720053249
228.55132800003048	207.99966720053249
228.8413479999872	207.99966720053249
229.12884500005748	207.99966720053249
229.41683000000194	207.99966720053249
229.70653600001242	207.99966720053249
229.9946250000503	207.99966720053249
230.28219200007152	207.99966720053249
230.57133800000884	207.99966720053249
230.85955000005197	207.99966720053249
231.14948100002948	207.99966720053249
231.43608900008257	207.99966720053249
231.72528200002853	207.99966720053249
232.0137560000876	207.99966720053249
232.3022840000922	207.99966720053249
232.59042700007558	207.99966720053249
232.88002000004053	207.99966720053249
233.16817499999888	207.99966720053249
233.45615300000645	207.99966720053249
233.74396800005343	207.99966720053249
234.03244800004177	207.99966720053249
234.32073000003584	207.99966720053249
234.60937399999239	207.99966720053249
234.89763200003654	207.99966720053249
235.18729600007646	207.99966720053249
235.47496600006707	207.99966720053249
235.76390900008846	207.99966720053249
236.05168200004846	207.99966720053249
236.34105400007684	207.99966720053249
236.6308040000731	207.99966720053249
236.91737200005446	207.99966720053249
237.20565600006375	207.99966720053249