0.006443999940529466	120.0
0.5012169999536127	120.0
1.0003560000332072	120.0
1.5011020000092685	120.0
2.0004900000058115	120.0
2.501414999947883	120.0
3.001803999999538	120.0
3.5015950000379235	120.0
4.000404999940656	120.0
4.500592999975197	120.0
5.001927000004798	120.0
5.501012000022456	120.0
6.0015910000074655	120.0
6.50037899997551	120.0
7.002779999980703	120.0
7.500800000037998	120.0
8.004278999986127	120.0
8.501108999946155	120.0
9.001861999975517	120.0
9.501934999949299	120.0
10.000387000036426	120.0
10.500502999988385	120.0
11.000988999963738	120.0
11.500904000014998	120.0
12.000841000000946	120.0
12.50037899997551	120.0
13.000317999976687	120.0
13.500250000040978	120.0
14.000508000026457	120.0
14.500189999933355	120.0
15.000916999997571	120.0
15.500279000028968	120.0
16.001766999950632	120.0
16.501976000028662	120.0
17.00064600002952	120.0
17.50196899997536	120.0
18.000529999961145	120.0
18.500895999954082	120.0
19.000758999958634	120.0
19.501341999974102	120.0
20.00136500003282	120.0
20.502174000022933	120.0
21.000173999927938	120.0
21.500331999966875	120.0
22.001731000025757	120.0
22.501760000013746	120.0
23.001552999950945	120.0
23.50079600000754	120.0
24.001274000038393	120.0
24.50056199997198	120.0
25.001002999953926	120.0
25.501320999930613	120.0
26.00205599993933	120.0
26.501537999953143	120.0
27.000935000018217	120.0
27.501823000027798	120.0
28.000762999989092	120.0
28.501634999993257	120.0
29.00195900001563	120.0
29.502194999950007	120.0
30.001627999939956	192.0
30.085327000007965	192.0
30.398040000000037	192.0
30.709832999971695	192.0
31.023076999932528	192.0
31.335112000000663	177.99981606685674
31.396177000016905	177.99981606685674
31.733071999973617	177.99981606685674
32.0703569999896	177.99981606685674
32.40746300003957	177.99981606685674
32.74465200002305	177.99981606685674
33.082634999998845	177.99981606685674
33.41900200000964	177.99981606685674
33.75582800002303	177.99981606685674
34.09373700001743	74.0
34.133278999943286	74.0
34.94526700000279	74.0
35.75523999996949	74.0
36.56608599994797	74.0
37.37707199994475	104.00001386666851
37.72446299996227	104.00001386666851
38.302089000004344	104.00001386666851
38.879688999964856	104.00001386666851
39.45544199994765	104.00001386666851
40.03419000003487	104.00001386666851
40.60960399999749	104.00001386666851
41.186135999974795	45.000011250002814
41.97513100004289	45.000011250002814
43.30600300000515	45.000011250002814
44.63959299994167	50.0
45.63430000003427	50.0
46.83412799995858	50.0
48.03586900001392	154.000154000154
48.235352999996394	154.000154000154
48.62619999994058	154.000154000154
49.01518500002567	154.000154000154
49.40408400003798	154.000154000154
49.79387699998915	20.0
51.79548299999442	20.0
54.79569800000172	149.0
54.9203559999587	149.0
55.32453300000634	149.0
55.72546600003261	149.0
56.128417999949306	149.0
56.531941000022925	149.0
56.935957000008784	149.0
57.33610299997963	149.0
57.7391859999625	149.0
58.141820000018924	149.0
58.54451199993491	149.0
58.946842000004835	149.0
59.35133500001393	149.0
59.752329000039026	149.0
60.1551159999799	122.99996925000768
60.48012600000948	122.99996925000768
60.968987999949604	122.99996925000768
61.45586300001014	132.000132000132
61.85431399999652	132.000132000132
62.30855399998836	132.000132000132
62.76316500001121	132.000132000132
63.21705999993719	132.000132000132
63.67153699998744	132.000132000132
64.12575100001413	213.0
64.4071769999573	213.0
64.68945499998517	213.0
64.97061600000598	213.0
65.25257000001147	213.0
65.5362159999786	213.0
65.81581599998754	213.0
66.09841600002255	213.0
66.37985999998637	142.0000710000355
66.50620499998331	142.0000710000355
66.92783800000325	142.0000710000355
67.34985999995843	142.0000710000355
67.77415800001472	142.0000710000355
68.19493999995757	142.0000710000355
68.61764399998356	142.0000710000355
69.04131799994502	142.0000710000355
69.46538800001144	142.0000710000355
69.88475099997595	142.0000710000355
70.30740099994	157.999931533363
70.67149500001688	157.999931533363
71.05140200001188	157.999931533363
71.43037600000389	157.999931533363
71.8092389999656	157.999931533363
72.19316499994602	157.999931533363
72.56995000003371	180.00018000018
72.8517409999622	180.00018000018
73.18436700000893	180.00018000018
73.51756099995691	180.00018000018
73.8509109999286	180.00018000018
74.18606400000863	180.00018000018
74.51738299999852	180.00018000018
74.85203199996613	180.00018000018
75.18442900001537	180.00018000018
75.51840599998832	180.00018000018
75.85111599997617	180.00018000018
76.18399099993985	180.00018000018
76.51760699995793	104.00001386666851
76.79175500001293	104.00001386666851
77.36870999995153	104.00001386666851
77.94719899992924	104.00001386666851
78.52351099997759	42.00001260000378
79.08056499995291	42.00001260000378
80.50876300001983	42.00001260000378
81.93750899995212	42.00001260000378
83.36641200003214	203.99975520029375
83.57020600000396	203.99975520029375
83.86456799996085	203.99975520029375
84.1590220000362	165.0
84.16362000000663	165.0
84.52578599995468	165.0
84.88908999995328	165.0
85.2529879999347	165.0
85.61685999995098	165.0
85.98029300000053	165.0
86.34447799995542	165.0
86.7077209999552	165.0
87.07136099995114	165.0
87.4361580000259	165.0
87.79822799994145	165.0
88.16245900001377	165.0
88.52573400002439	187.99996240000752
88.79962399997748	187.99996240000752
89.11958099994808	187.99996240000752
89.43808899994474	187.99996240000752
89.75775099999737	187.99996240000752
90.07584499998484	187.99996240000752
90.39555399992969	88.00002346667293
90.67230400000699	88.00002346667293
91.35580799996387	88.00002346667293
92.0358830000041	88.00002346667293
92.71824499999639	88.00002346667293
93.3992539999308	88.00002346667293
94.08155300002545	88.00002346667293
94.76446700002998	152.0
94.90197699994314	152.0
95.2964970000321	152.0
95.69104199996218	152.0
96.08620999997947	152.0
96.481455000001	187.99996240000752
96.7377400000114	187.99996240000752
97.05679699999746	187.99996240000752
97.37572899996303	187.99996240000752
97.69507200003136	187.99996240000752
98.01384000002872	187.99996240000752
98.3330909999786	187.99996240000752
98.6543309999397	187.99996240000752
98.97165399999358	187.99996240000752
99.29120700003114	187.99996240000752
99.6098639999982	187.99996240000752
99.92955000000075	187.99996240000752
100.24788699997589	187.99996240000752
100.56790200003888	120.0
100.7983280000044	120.0
101.2977940000128	120.0
101.79804799996782	120.0
102.29816300002858	103.0000480666891
102.32144700002391	103.0000480666891
102.90271299995948	103.0000480666891
103.48590800003149	103.0000480666891
104.06786199996714	103.0000480666891
104.6496239999542	103.0000480666891
105.23325299995486	103.0000480666891
105.81576299993321	103.0000480666891
106.39730099996086	103.0000480666891
106.98113099997863	103.0000480666891
107.56379599997308	180.99984313346928
107.83947200002149	180.99984313346928
108.17092199996114	180.99984313346928
108.50327799993102	180.99984313346928
108.83459300000686	180.99984313346928
109.16608200001065	180.99984313346928
109.49713999999221	180.99984313346928
109.82926499994937	62.99999685000016
110.1021630000323	62.99999685000016
111.0551849999465	62.99999685000016
112.00613999995403	62.99999685000016
112.957928000018	62.99999685000016
113.91046399995685	218.00028340036843
114.12606699997559	218.00028340036843
114.4030260000145	191.0
114.434580000001	191.0
114.74982399994042	191.0
115.06402900000103	191.0
115.3775420000311	191.0
115.69088300003204	191.0
116.00527199998032	191.0
116.3196450000396	191.0
116.63327600003686	191.0
116.94768099999055	191.0
117.26386299997102	191.0
117.57612500002142	191.0
117.89058699994348	191.0
118.20414199994411	191.0
118.51940600003581	191.0
118.83423399995081	191.0
119.14662000001408	191.0
119.46257600001991	191.0
119.77466400002595	191.0
120.09001199994236	24.0
122.39670899999328	54.00000540000054
122.55623099999502	54.00000540000054
123.66689899994526	54.00000540000054
124.77890699997079	155.0
125.16740199993365	155.0
125.55164900003001	155.0
125.93871799996123	155.0
126.32631299993955	155.0
126.71221699996386	155.0
127.0996139999479	155.0
127.48639400000684	126.000126000126
127.66738699993584	126.000126000126
128.1437450000085	126.000126000126
128.62120699998923	126.000126000126
129.09599399997387	126.000126000126
129.57170999993104	126.000126000126
130.04832499998156	126.000126000126
130.52563399996143	126.000126000126
131.00114700000267	126.000126000126
131.47648499999195	105.99995053335641
131.6231759999646	105.99995053335641
132.18946299992967	105.99995053335641
132.75450999999885	105.99995053335641
133.3207349999575	105.99995053335641
133.88653000001796	85.00004250002125
134.18134400004055	85.00004250002125
134.88649800000712	85.00004250002125
135.59179199999198	85.00004250002125
136.29905699996743	85.00004250002125
137.00382799992803	85.00004250002125
137.70971099997405	196.9996946504733
137.75346000003628	196.9996946504733
138.05811700003687	196.9996946504733
138.36285399994813	196.9996946504733
138.6674570000032	196.9996946504733
138.97208800003864	196.9996946504733
139.27666600001976	196.9996946504733
139.5807260000147	196.9996946504733
139.8856590000214	192.0
139.9166579999728	192.0
140.22880399995483	192.0
140.5423980000196	192.0
140.8556699999608	192.0
141.16628999996465	192.0
141.4784679999575	192.0
141.79116399993654	192.0
142.1058320000302	192.0
142.41649099998176	192.0
142.7294019999681	192.0
143.04189899994526	192.0
143.35319599998184	192.0
143.6660189999966	192.0
143.97905700001866	42.99999498333392
144.16267400002107	42.99999498333392
145.55682800000068	146.0
145.8447940000333	146.0
146.2552549999673	146.0
146.66601799998898	146.0
147.07789099996444	146.0
147.48860299994703	146.0
147.89985799998976	146.0
148.31027100002393	178.99974940035085
148.6305810000049	178.99974940035085
148.96601099998225	178.99974940035085
149.30215899995528	178.99974940035085
149.63589299994055	178.99974940035085
149.9725169999292	178.99974940035085
150.30722499999683	202.99965828390856
150.59518900001422	202.99965828390856
150.889453999931	202.99965828390856
151.18451799999457	202.99965828390856
151.48088799999095	202.99965828390856
151.77628699992783	202.99965828390856
152.07102999999188	202.99965828390856
152.36664299992844	202.99965828390856
152.6619499999797	202.99965828390856
152.95838399999775	202.99965828390856
153.2537360000424	202.99965828390856
153.54863299999852	202.99965828390856
153.8446019999683	202.99965828390856
154.14017599995714	202.99965828390856
154.43603500002064	179.0
154.46364400000311	179.0
154.797171000042	179.0
155.13231999997515	179.0
155.4680449999869	179.0
155.80451899999753	179.0
156.13895900000352	179.0
156.47381799994037	179.0
156.80893599998672	179.0
157.14382200001273	154.99990958338608
157.19797899993137	154.99990958338608
157.5856259999564	154.99990958338608
157.97154699999373	154.99990958338608
158.35890200000722	154.99990958338608
158.7457530000247	154.99990958338608
159.13408500002697	154.99990958338608
159.51945599995088	154.99990958338608
159.9066879999591	154.99990958338608
160.296503999969	154.99990958338608
160.68121599999722	154.99990958338608
161.06864199996926	126.99998518333506
161.12799299997278	126.99998518333506
161.5994720000308	126.99998518333506
162.07389400003012	126.99998518333506
162.544591999962	126.99998518333506
163.01717999996617	152.99994645001874
163.37489800003823	152.99994645001874
163.76476199994795	152.99994645001874
164.1572589999996	152.99994645001874
164.5491069999989	152.99994645001874
164.94281399995089	152.99994645001874
165.3335889999289	152.99994645001874
165.72599399997853	152.99994645001874
166.11790299997665	152.99994645001874
166.51061699993443	152.99994645001874
166.90436899999622	178.99974940035085
167.22446199995466	178.99974940035085
167.5583189999452	178.99974940035085
167.89354900002945	178.99974940035085
168.230150999967	178.99974940035085
168.56482500000857	178.99974940035085
168.90021400002297	195.000195000195
169.2004779999843	195.000195000195
169.50792599993292	195.000195000195
169.81508500000928	195.000195000195
170.12237899994943	195.000195000195
170.4303249999648	195.000195000195
170.73774200002663	195.000195000195
171.04587799997535	195.000195000195
171.35339599999133	195.000195000195
171.66113100002985	195.000195000195
171.96965799992904	195.000195000195
172.27662100002635	195.000195000195
172.58589700004086	195.000195000195
172.8915809999453	27.00000270000027
173.36327099998016	27.00000270000027
175.5854109999491	56.0
176.25528299994767	56.0
177.32693500001915	56.0
178.39862799993716	56.0
179.46978899999522	125.0
179.5912229999667	125.0
180.06953300000168	125.0
180.5500619999366	125.0
181.0309020000277	102.0000510000255
181.07834499992896	102.0000510000255
181.66614400001708	102.0000510000255
182.25654900004156	102.0000510000255
182.84271600004286	102.0000510000255
183.43086800002493	102.0000510000255
184.02039399999194	102.0000510000255
184.60776899999473	102.0000510000255
185.19600600004196	154.0
185.4576769999694	154.0
185.8474189999979	154.0
186.23701000004075	154.0
186.6268009999767	154.0
187.01642100000754	154.0
187.4053820000263	154.0
187.79476499999873	154.0
188.18449999997392	180.99984313346928
188.38910000002943	180.99984313346928
188.72229700000025	180.99984313346928
189.05176900001243	180.99984313346928
189.38363399996888	180.99984313346928
189.71520199999213	180.99984313346928
190.04620300000533	180.99984313346928
190.37857099995017	180.99984313346928
190.70965899992734	180.99984313346928
191.0410779999802	180.99984313346928
191.37249199999496	180.99984313346928
191.70423999999184	180.99984313346928
192.03545600001235	196.9996946504733
192.28258100000676	196.9996946504733
192.59826699993573	196.9996946504733
192.89279099996202	196.9996946504733
193.20035900000948	196.9996946504733
193.50668999995105	196.9996946504733
193.80509199993685	196.9996946504733
194.1113099999493	196.9996946504733
194.41436499997508	196.9996946504733
194.71933799993712	202.99965828390856
194.97329699993134	202.99965828390856
195.26931899995543	202.99965828390856
195.56459399999585	202.99965828390856
195.8611759999767	202.99965828390856
196.15580800001044	202.99965828390856
196.4522949999664	202.99965828390856
196.74688500002958	202.99965828390856
197.04449200001545	202.99965828390856
197.3382200000342	202.99965828390856
197.63365500001237	202.99965828390856
197.93055799999274	202.99965828390856
198.22449699998833	202.99965828390856
198.52180500002578	202.99965828390856
198.81566700001713	202.99965828390856
199.11162500001956	202.99965828390856
199.40700899995863	202.99965828390856
199.70307099993806	202.99965828390856
199.99841599992942	202.99965828390856
200.29433599999174	202.99965828390856
200.58932399994228	202.99965828390856
200.8848200000357	202.99965828390856
201.18121700000484	202.99965828390856
201.4755839999998	202.99965828390856
201.7724959999323	202.99965828390856
202.0670740000205	202.99965828390856
202.36279599997215	202.99965828390856
202.65804999996908	202.99965828390856
202.95349799992982	202.99965828390856
203.24954500002787	202.99965828390856
203.5445479999762	202.99965828390856
203.84104600001592	202.99965828390856
204.13640499999747	202.99965828390856
204.43167199997697	202.99965828390856
204.72710799996275	202.99965828390856
205.02265099994838	202.99965828390856
205.3189410000341	202.99965828390856
205.61452099995222	202.99965828390856
205.90917999995872	202.99965828390856
206.20457199995872	202.99965828390856
206.50030600000173	202.99965828390856
206.79572799999733	202.99965828390856
207.09177499997895	202.99965828390856
207.38725599995814	202.99965828390856
207.68366500001866	202.99965828390856
207.9788229999831	202.99965828390856
208.27387899998575	202.99965828390856
208.57073699997272	202.99965828390856
208.86524199997075	202.99965828390856
209.16139799996745	202.99965828390856
209.45667099999264	202.99965828390856
209.75170799996704	202.99965828390856
210.04710299998987	202.99965828390856
210.3439139999682	202.99965828390856
210.63813899992965	202.99965828390856
210.93394799996167	202.99965828390856
211.2296159999678	202.99965828390856
211.52534799999557	202.99965828390856
211.82038799999282	202.99965828390856
212.11637099995278	202.99965828390856
212.41156099992804	202.99965828390856
212.7082459999947	202.99965828390856
213.00263400003314	202.99965828390856
213.29931599996053	202.99965828390856
213.59544499998447	202.99965828390856
213.88964099995792	202.99965828390856
214.18500699999277	202.99965828390856
214.48202300001867	202.99965828390856
214.77667900000233	202.99965828390856
215.07243499998003	202.99965828390856
215.36754100001417	202.99965828390856
215.6630700000096	202.99965828390856
215.95994800003245	202.99965828390856
216.2539369999431	202.99965828390856
216.54957899998408	202.99965828390856
216.84521599998698	202.99965828390856
217.14062600000761	202.99965828390856
217.43671699997503	202.99965828390856
217.7317500000354	202.99965828390856


1.999887999962084	120.0
2.49614299996756	120.0
2.5011719999602064	120.0
3.0014720000326633	120.0
3.501310999970883	120.0
4.000230000005104	120.0
4.500371000031009	120.0
5.002150999964215	120.0
5.500710999942385	120.0
6.0014090000186116	120.0
6.50085199996829	120.0
7.001995999948122	120.0
7.500277000013739	120.0
8.00109999999404	120.0
8.501422000001185	120.0
9.001570999971591	120.0
9.50172499998007	120.0
10.001012000022456	120.0
10.500298999948427	120.0
11.000783000024967	120.0
11.501858999952674	120.0
12.00195199996233	120.0
12.50037899997551	120.0
13.000306000001729	120.0
13.500237999949604	120.0
14.000968999927863	120.0
14.500841000000946	120.0
15.0015269999858	120.0
15.500558999949135	120.0
16.00133699993603	120.0
16.50190599996131	120.0
17.000461000017822	120.0
17.50148800003808	120.0
18.00033099995926	120.0
18.500606999965385	120.0
19.00045199994929	120.0
19.501831999979913	120.0
20.0013269999763	120.0
20.502097000018694	120.0
21.00050199998077	120.0
21.500543999951333	120.0
22.001815999974497	120.0
22.501825999934226	120.0
23.00130599993281	120.0
23.50087099999655	120.0
24.00128099997528	120.0
24.501000999938697	120.0
25.001303000026383	120.0
25.501560000004247	120.0
26.001795999938622	120.0
26.501289000036195	120.0
27.000445000012405	120.0
27.50130599993281	120.0
28.00052100000903	120.0
28.501383999944665	120.0
29.001637000008486	120.0
29.50191300001461	120.0
30.00139400002081	192.0
30.08503900002688	192.0
30.39778999995906	192.0
30.71029499999713	192.0
31.023541999980807	192.0
31.334942999994382	177.99981606685674
31.39589599997271	177.99981606685674
31.73283100000117	177.99981606685674
32.07017099997029	177.99981606685674
32.40697899996303	177.99981606685674
32.74418899999	177.99981606685674
33.08260099997278	177.99981606685674
33.4187099999981	177.99981606685674
33.75574599998072	177.99981606685674
34.09373700001743	73.99998273333736
34.133278999943286	73.99998273333736
34.945240000030026	73.99998273333736
35.755040999967605	73.99998273333736
36.56601900001988	73.99998273333736
37.376735999947414	104.0
37.72447799996007	104.0
38.30160000000615	104.0
38.87990900001023	104.0
39.45591899997089	104.0
40.03383999993093	104.0
40.6090560000157	104.0
41.18638500000816	45.000011250002814
41.974555999971926	45.000011250002814
43.305652000010014	45.000011250002814
44.639579999959096	50.0
45.6341839999659	50.0
46.83385900000576	154.0
47.06680499995127	154.0
47.45611100003589	154.0
47.845796999987215	154.0
48.235085999942385	154.0
48.62593300000299	154.0
49.014810999971814	154.0
49.40433299995493	154.0
49.793631999986246	20.0
51.79513899993617	20.0
54.795981999952346	148.9998385835082
54.920112999971025	148.9998385835082
55.324297999963164	148.9998385835082
55.72577399993315	148.9998385835082
56.128115999978036	148.9998385835082
56.53170599997975	148.9998385835082
56.93573899997864	148.9998385835082
57.33641099999659	148.9998385835082
57.73891499999445	148.9998385835082
58.14151200000197	148.9998385835082
58.54430599999614	148.9998385835082
58.947370999958366	148.9998385835082
59.35123899998143	148.9998385835082
59.75230399996508	122.99996925000768
59.993972999975085	122.99996925000768
60.48041399999056	122.99996925000768
60.96934099995997	122.99996925000768
61.45622299995739	132.000132000132
61.85483700002078	132.000132000132
62.3080009999685	132.000132000132
62.762764999992214	132.000132000132
63.217364999931306	132.000132000132
63.67170199996326	132.000132000132
64.12580299994443	132.000132000132
64.58074200002011	213.00010650005325
64.69657699996606	213.00010650005325
64.97061600000598	213.00010650005325
65.2527420000406	213.00010650005325
65.5357419999782	213.00010650005325
65.81602999998722	213.00010650005325
66.09816699998919	213.00010650005325
66.3796180000063	142.0
66.50583899999037	142.0
66.92757900001016	142.0
67.3494420000352	142.0
67.77407899999525	142.0
68.19517600000836	142.0
68.61744499998167	142.0
69.0410860000411	142.0
69.46288799995091	142.0
69.88473499997053	142.0
70.30766499997117	157.999931533363
70.67125599994324	157.999931533363
71.0501060000388	157.999931533363
71.42957599996589	157.999931533363
71.81016200000886	157.999931533363
72.19913500000257	157.999931533363
72.56993600004353	180.00018000018
72.85173100000247	180.00018000018
73.1856090000365	180.00018000018
73.51733499998227	180.00018000018
73.85085599997547	180.00018000018
74.1853579999879	180.00018000018
74.51738299999852	180.00018000018
74.85186499997508	180.00018000018
75.18400499993004	180.00018000018
75.51884000003338	180.00018000018
75.85107700002845	180.00018000018
76.18516600003932	104.0
76.21464000002015	104.0
76.79219499998726	104.0
77.37404899997637	104.0
77.94761599996127	104.0
78.52306000003591	42.00001260000378
79.08105199993588	42.00001260000378
80.50877900002524	42.00001260000378
81.93749599996954	42.00001260000378
83.366594000021	203.99975520029375
83.57022899994627	203.99975520029375
83.86453699995764	203.99975520029375
84.1590220000362	203.99975520029375
84.45447699993383	165.000165000165
84.52581399993505	165.000165000165
84.88939899997786	165.000165000165
85.25327300000936	165.000165000165
85.61639600002673	165.000165000165
85.98035399999935	165.000165000165
86.34424100001343	165.000165000165
86.7072909999406	165.000165000165
87.0711649999721	165.000165000165
87.43653299997095	165.000165000165
87.79817500000354	165.000165000165
88.16238600003999	165.000165000165
88.52600099996198	187.99996240000752
88.79938300000504	187.99996240000752
89.11932900000829	187.99996240000752
89.43759799993131	187.99996240000752
89.75756900000852	187.99996240000752
90.07646899996325	187.99996240000752
90.39495999994688	88.00002346667293
90.67190600000322	88.00002346667293
91.3557209999999	88.00002346667293
92.03558899997734	88.00002346667293
92.71879299997818	88.00002346667293
93.39981400000397	88.00002346667293
94.08179700002074	88.00002346667293
94.76462599996012	151.99993920002433
94.90252400003374	151.99993920002433
95.29869199998211	151.99993920002433
95.69080199999735	151.99993920002433
96.08568499993999	151.99993920002433
96.48095400002785	188.0
96.73771399992984	188.0
97.05677100003231	188.0
97.37581799994223	188.0
97.69481799995992	188.0
98.01433899998665	188.0
98.33328100002836	188.0
98.65478600002825	188.0
98.97172199992929	188.0
99.29126500000712	188.0
99.6098639999982	188.0
99.92955000000075	188.0
100.24788699997589	120.0
100.29819300002418	120.0
100.79808199999388	120.0
101.29753199999686	120.0
101.7976759999292	120.0
102.29796100000385	103.0000480666891
102.32124900002964	103.0000480666891
102.90249899995979	103.0000480666891
103.48555899993517	103.0000480666891
104.06815399997868	103.0000480666891
104.64993700000923	103.0000480666891
105.2330109999748	103.0000480666891
105.81610499997623	103.0000480666891
106.39751899999101	103.0000480666891
106.98139299999457	181.0
107.17639799998142	181.0
107.50975600001402	181.0
107.83949399995618	181.0
108.1712149999803	181.0
108.50375299993902	181.0
108.83406899997499	181.0
109.16651400004048	181.0
109.4973689999897	181.0
109.82907600002363	62.99999685000016
110.10265300003812	62.99999685000016
111.05561799998395	62.99999685000016
112.00588900002185	62.99999685000016
112.9582170000067	62.99999685000016
113.91080700000748	218.00028340036843
114.12625700002536	218.00028340036843
114.4030260000145	191.00007640003057
114.43439800001215	191.00007640003057
114.74962399993092	191.00007640003057
115.06418700003996	191.00007640003057
115.37763200001791	191.00007640003057
115.69117599993479	191.00007640003057
116.0054999999702	191.00007640003057
116.31986699998379	191.00007640003057
116.63381199992727	191.00007640003057
116.94742700003553	191.00007640003057
117.26362600002903	191.00007640003057
117.57681200001389	191.00007640003057
117.89017799997237	191.00007640003057
118.20408599998336	191.00007640003057
118.51958800002467	191.00007640003057
118.8343660000246	191.00007640003057
119.14688200003002	191.00007640003057
119.46226399997249	191.00007640003057
119.77465100004338	24.0
119.8967629999388	24.0
122.39628799993079	54.00000540000054
122.5557620000327	54.00000540000054
123.66666500002611	54.00000540000054
124.77945299993735	154.99990958338608
125.16688999999315	154.99990958338608
125.5513590000337	154.99990958338608
125.93848100001924	154.99990958338608
126.32585499994457	154.99990958338608
126.71262499992736	126.0
126.71437099995092	126.0
127.19196800002828	126.0
127.66739399998914	126.0
128.14395199995488	126.0
128.6208559999941	126.0
129.0956699999515	126.0
129.57174699997995	126.0
130.0477879999671	126.0
130.52588800003286	126.0
131.00147899996955	126.0
131.47623499995098	105.99995053335641
131.62356899993028	105.99995053335641
132.18978699995205	105.99995053335641
132.75469600001816	105.99995053335641
133.3211059999885	105.99995053335641
133.88686099997722	85.00004250002125
134.1810800000094	85.00004250002125
134.88625500001945	85.00004250002125
135.5923119999934	85.00004250002125
136.29885299992748	85.00004250002125
137.00358300004154	197.0
137.146007000003	197.0
137.4494699999923	197.0
137.7534750000341	197.0
138.05801899998914	197.0
138.36280999996234	197.0
138.66699299996253	197.0
138.97173400002066	197.0
139.27694899996277	197.0
139.58071499993093	197.0
139.8856590000214	192.0
139.91651000001002	192.0
140.2290759999305	192.0
140.5424949999433	192.0
140.8561660000123	192.0
141.1664269999601	192.0
141.47861200000625	192.0
141.79113699996378	192.0
142.10597799997777	192.0
142.41672600002494	192.0
142.7299349999521	192.0
143.04215200000908	192.0
143.35350600001402	192.0
143.6662569999462	192.0
143.97933799994644	42.99999498333392
144.1629139999859	42.99999498333392
145.55716600001324	145.9999659333413
145.84478199994192	145.9999659333413
146.25543699995615	145.9999659333413
146.66642100003082	145.9999659333413
147.07780099997763	145.9999659333413
147.48837799998	145.9999659333413
147.89985799998976	145.9999659333413
148.31012499995995	178.99974940035085
148.6301959999837	178.99974940035085
148.96619099995587	178.99974940035085
149.3017159999581	178.99974940035085
149.63608500000555	178.99974940035085
149.9723010000307	178.99974940035085
150.3069419999374	202.99965828390856
150.59536399994977	202.99965828390856
150.88933799997903	202.99965828390856
151.18491499999072	202.99965828390856
151.48060000000987	202.99965828390856
151.77609299996402	202.99965828390856
152.07079999998678	202.99965828390856
152.36682699993253	202.99965828390856
152.6623589999508	202.99965828390856
152.9586470000213	202.99965828390856
153.25410499994177	202.99965828390856
153.5490470000077	202.99965828390856
153.84436600003392	202.99965828390856
154.1399199999869	202.99965828390856
154.436388000031	178.99974940035085
154.463071999955	178.99974940035085
154.79738200001884	178.99974940035085
155.13232899992727	178.99974940035085
155.46762699994724	178.99974940035085
155.80429100000765	178.99974940035085
156.13905699993484	178.99974940035085
156.47325299994554	178.99974940035085
156.80911199992988	155.0
156.80974199995399	155.0
157.19817099999636	155.0
157.58606899995357	155.0
157.9715289999731	155.0
158.359196000034	155.0
158.7457380000269	155.0
159.1340499999933	155.0
159.51968599995598	155.0
159.9069240000099	155.0
160.29666699992958	155.0
160.68151999998372	155.0
161.06897699995898	126.99998518333506
161.1280249999836	126.99998518333506
161.59945400001016	126.99998518333506
162.07389400003012	126.99998518333506
162.54431299993303	126.99998518333506
163.0174770000158	152.99994645001874
163.37535799993202	152.99994645001874
163.7650249999715	152.99994645001874
164.157436999958	152.99994645001874
164.54937499994412	152.99994645001874
164.94278799998574	152.99994645001874
165.33379800000694	152.99994645001874
165.72639700002037	152.99994645001874
166.11830299999565	152.99994645001874
166.51060999999754	152.99994645001874
166.9040409999434	179.0
167.22415000002366	179.0
167.55866999994032	179.0
167.89384000003338	179.0
168.23002000001725	179.0
168.5649829999311	179.0
168.90038200002164	195.000195000195
169.2004779999843	195.000195000195
169.50820000004023	195.000195000195
169.8150270000333	195.000195000195
170.12241199996788	195.000195000195
170.4304149999516	195.000195000195
170.7380369999446	195.000195000195
171.0456299999496	195.000195000195
171.35366399993654	195.000195000195
171.66133399994578	195.000195000195
171.96991700003855	195.000195000195
172.27662100002635	195.000195000195
172.58590299997013	195.000195000195
172.89156899997033	27.00000270000027
173.36307199997827	27.00000270000027
175.5848260000348	55.99997760000896
176.25552000000607	55.99997760000896
177.32711199996993	55.99997760000896
178.39812399994116	55.99997760000896
179.46997999993619	125.0
179.59132000000682	125.0
180.07004499994218	125.0
180.5502479999559	125.0
181.0306209999835	102.0000510000255
181.07796799996868	102.0000510000255
181.66698600002564	102.0000510000255
182.25606099993456	102.0000510000255
182.84317599993665	102.0000510000255
183.43128300004173	102.0000510000255
184.01991899998393	102.0000510000255
184.60755499999505	102.0000510000255
185.1962170000188	154.000154000154
185.45799799996894	154.000154000154
185.84716400003526	154.000154000154
186.2366809999803	154.000154000154
186.62745899998117	154.000154000154
187.01698499999475	154.000154000154
187.40574399998877	181.0
187.72577399993315	181.0
188.05803900002502	181.0
188.38867499993648	181.0
188.72205999994185	181.0
189.0521220000228	181.0
189.3838870000327	181.0
189.71489399997517	181.0
190.046399999992	181.0
190.37881299993023	181.0
190.70997099997476	181.0
191.0408779999707	181.0
191.37216499994975	181.0
191.70407199999318	181.0
192.03551600000355	196.9996946504733
192.28205599996727	196.9996946504733
192.59711400000378	196.9996946504733
192.89292799995746	196.9996946504733
193.20177399995737	196.9996946504733
193.50582099996973	196.9996946504733
193.80566399998497	196.9996946504733
194.11152699997183	196.9996946504733
194.41465799999423	196.9996946504733
194.71958599996287	202.99965828390856
194.97306700004265	202.99965828390856
195.26955700002145	202.99965828390856
195.56435000000056	202.99965828390856
195.86061099998187	202.99965828390856
196.15560900000855	202.99965828390856
196.45255899999756	202.99965828390856
196.74669699999504	202.99965828390856
197.04424199997447	202.99965828390856
197.33852899994235	202.99965828390856
197.63320099993143	202.99965828390856
197.92932799994014	202.99965828390856
198.22426899999846	202.99965828390856
198.5213020000374	202.99965828390856
198.81580400001258	202.99965828390856
199.11182600003667	202.99965828390856
199.40716099995188	202.99965828390856
199.70307099993806	202.99965828390856
199.99866399995517	202.99965828390856
200.29372199997306	202.99965828390856
200.5894949999638	202.99965828390856
200.8851119999308	202.99965828390856
201.18146100000013	202.99965828390856
201.4760879999958	202.99965828390856
201.77263599995058	202.99965828390856
202.06674899999052	202.99965828390856
202.36275299999397	202.99965828390856
202.6582809999818	202.99965828390856
202.95369899994694	202.99965828390856
203.249303999939	202.99965828390856
203.54481600003783	202.99965828390856
203.84129999997094	202.99965828390856
204.13607999996748	202.99965828390856
204.4314660000382	202.99965828390856
204.72669000003953	202.99965828390856
205.02239499997813	202.99965828390856
205.3187339999713	202.99965828390856
205.61441000003833	202.99965828390856
205.90965399995912	202.99965828390856
206.2047709999606	202.99965828390856
206.50011399993673	202.99965828390856
206.79570799996145	202.99965828390856
207.09128699998837	202.99965828390856
207.38760300003923	202.99965828390856
207.683275999967	202.99965828390856
207.97834999999031	202.99965828390856
208.27389299997594	202.99965828390856
208.56967799994163	202.99965828390856
208.8650759999873	202.99965828390856
209.16162000002805	202.99965828390856
209.45578700001352	202.99965828390856
209.7514230000088	202.99965828390856
210.04687800002284	202.99965828390856
210.3442100000102	202.99965828390856
210.63813899992965	202.99965828390856
210.93387900001835	202.99965828390856
211.2298619999783	202.99965828390856
211.52513199998066	202.99965828390856
211.82070799998473	202.99965828390856
212.11596299998928	202.99965828390856
212.41183400002774	202.99965828390856
212.70792900002562	202.99965828390856
213.00288799998816	202.99965828390856
213.29911899997387	202.99965828390856
213.5956020000158	202.99965828390856
213.88927099993452	202.99965828390856
214.18524899997283	202.99965828390856
214.4817519999342	202.99965828390856
214.77637899992988	202.99965828390856
215.07289099995978	202.99965828390856
215.36721599998418	202.99965828390856
215.66343399998732	202.99965828390856
215.95925800001714	202.99965828390856
216.25437500001863	202.99965828390856
216.5499500000151	202.99965828390856
216.84571699996013	202.99965828390856
217.14083399996161	202.99965828390856
217.4369370000204	202.99965828390856
217.73174499999732	202.99965828390856


4.031699000042863	120.0
4.52641799999401	120.0
5.0016990000149235	120.0
5.500326000037603	120.0
6.0017669999506325	120.0
6.500625999993645	120.0
7.002261999994516	120.0
7.501081999973394	120.0
8.000277000013739	120.0
8.50184799998533	120.0
9.002052000025287	120.0
9.502357000019401	120.0
10.00060599995777	120.0
10.500742999953218	120.0
11.001212000031956	120.0
11.501484000007622	120.0
12.002005000016652	120.0
12.500934000010602	120.0
13.000791999977082	120.0
13.500656999996863	120.0
14.001163000008091	120.0
14.50042499997653	120.0
15.000934000010602	120.0
15.500251999939792	120.0
16.001542999991216	120.0
16.501508999965154	120.0
17.000461000017822	120.0
17.50148800003808	120.0
18.00072899996303	120.0
18.500606999965385	120.0
19.000483999960124	120.0
19.501629999955185	120.0
20.00116300000809	120.0
20.501861999975517	120.0
21.00034000002779	120.0
21.500649999943562	120.0
22.0015269999858	120.0
22.50200700003188	120.0
23.00130000000354	120.0
23.50129099993501	120.0
24.001643999945372	120.0
24.500800999929197	120.0
25.001639000023715	120.0
25.501320999930613	120.0
26.00194600003306	120.0
26.501641999930143	120.0
27.000787999946624	120.0
27.501602999982424	120.0
28.0005269999383	120.0
28.501710999989882	120.0
29.00187699997332	120.0
29.50191300001461	192.0
29.77228799997829	192.0
30.08533799997531	192.0
30.39782399998512	192.0
30.71024199994281	178.0
30.72293599997647	178.0
31.059300999972038	178.0
31.396386999986134	178.0
31.73288699996192	178.0
32.07001699996181	178.0
32.40723000001162	178.0
32.74444899999071	178.0
33.082967999973334	178.0
33.41922499996144	178.0
33.7556259999983	178.0
34.09390999993775	73.99998273333736
34.133659999934025	73.99998273333736
34.94550999999046	73.99998273333736
35.7549880000297	73.99998273333736
36.565738999983296	73.99998273333736
37.37681399995927	104.00001386666851
37.724709999980405	104.00001386666851
38.30164199997671	104.00001386666851
38.87936499994248	104.00001386666851
39.45567299996037	104.00001386666851
40.034512000042014	104.00001386666851
40.60934199998155	45.0
40.6404179999372	45.0
41.97483700001612	45.0
43.30584299995098	50.0
44.43410199997015	50.0
45.6338870000327	50.0
46.834101999993436	50.0
48.03597800002899	154.000154000154
48.235381999984384	154.000154000154
48.62562900001649	154.000154000154
49.015064000035636	154.000154000154
49.40406700002495	20.0
51.79560099996161	20.0
54.79568600002676	148.9998385835082
54.91996500000823	148.9998385835082
55.324722999939695	148.9998385835082
55.72598600003403	148.9998385835082
56.128644999931566	148.9998385835082
56.532100999960676	148.9998385835082
56.936091999989	148.9998385835082
57.33632400003262	148.9998385835082
57.73930300003849	148.9998385835082
58.14192700001877	148.9998385835082
58.54477399995085	148.9998385835082
58.94711599999573	148.9998385835082
59.351058000000194	122.99996925000768
59.505550000001676	122.99996925000768
59.99366599996574	122.99996925000768
60.480470999958925	122.99996925000768
60.96924000000581	132.0
61.3998089999659	132.0
61.85460800002329	132.0
62.30850399995688	132.0
62.76313899992965	132.0
63.21705999993719	132.0
63.67136000003666	132.0
64.12788599997293	132.0
64.5803859999869	213.00010650005325
64.68969699996524	213.00010650005325
64.9708920000121	213.00010650005325
65.25251599994954	213.00010650005325
65.53626199997962	213.00010650005325
65.81557700003032	213.00010650005325
66.09851299994625	213.00010650005325
66.3799369999906	142.0000710000355
66.50615199992899	142.0000710000355
66.9278860000195	142.0000710000355
67.34967599995434	142.0000710000355
67.77385400002822	142.0000710000355
68.19470600003842	142.0000710000355
68.61746099998709	142.0000710000355
69.04077399999369	142.0000710000355
69.46259499993175	142.0000710000355
69.88547099998686	142.0000710000355
70.30762400000822	158.0
70.67095399997197	158.0
71.05008800001815	158.0
71.42988399998285	158.0
71.80953900003806	158.0
72.19400699995458	158.0
72.57025200000498	180.00018000018
72.85213200002909	180.00018000018
73.18713299999945	180.00018000018
73.51762399997097	180.00018000018
73.85061600001063	180.00018000018
74.18631799996365	180.00018000018
74.52035300002899	180.00018000018
74.85225500003435	180.00018000018
75.18423200002871	180.00018000018
75.51887299993541	180.00018000018
75.85152499994729	180.00018000018
76.18397699994966	180.00018000018
76.51734399993438	104.00001386666851
76.79198400001042	104.00001386666851
77.3683810000075	104.00001386666851
77.94695999997202	104.00001386666851
78.52360900002532	42.00001260000378
79.07999500003643	42.00001260000378
80.5093249999918	42.00001260000378
81.9379079999635	42.00001260000378
83.36610899993684	203.99975520029375
83.57056999998167	203.99975520029375
83.8642899999395	203.99975520029375
84.16125500004273	203.99975520029375
84.45459600002505	165.000165000165
84.52628899994306	165.000165000165
84.88934699993115	165.000165000165
85.25321999995504	165.000165000165
85.61638200003654	165.000165000165
85.98053800000343	165.000165000165
86.34428600000683	165.000165000165
86.70749699999578	165.000165000165
87.0711649999721	165.000165000165
87.4361069999868	165.000165000165
87.79844399995636	165.000165000165
88.16842500003986	165.000165000165
88.52598100004252	187.99996240000752
88.79937299992889	187.99996240000752
89.11934099998325	187.99996240000752
89.43765999993775	187.99996240000752
89.75765299994964	187.99996240000752
90.07586600002833	187.99996240000752
90.39495999994688	88.0
90.67190600000322	88.0
91.35618100001011	88.0
92.0358909999486	88.0
92.71823799994309	88.0
93.39927599998191	88.0
94.08153399999719	88.0
94.76457300002221	151.99993920002433
94.90176000003703	151.99993920002433
95.29681199998595	151.99993920002433
95.6908500000136	151.99993920002433
96.08594599994831	151.99993920002433
96.48098500003107	187.99996240000752
96.73816499998793	187.99996240000752
97.05650499998592	187.99996240000752
97.37594299996272	187.99996240000752
97.69481799995992	187.99996240000752
98.01406900002621	187.99996240000752
98.33361500001047	187.99996240000752
98.65455800003838	187.99996240000752
98.97133299999405	187.99996240000752
99.29099999996834	187.99996240000752
99.60964699997567	187.99996240000752
99.92986000003293	187.99996240000752
100.24821400002111	120.0
100.29813499993179	120.0
100.79839000001084	120.0
101.29778100003023	120.0
101.79729499993846	120.0
102.29798399994615	103.0000480666891
102.32112199999392	103.0000480666891
102.90227800002322	103.0000480666891
103.48544399999082	103.0000480666891
104.06787100003567	103.0000480666891
104.6499499999918	103.0000480666891
105.23302099993452	103.0000480666891
105.8162350000348	103.0000480666891
106.3975400000345	103.0000480666891
106.9822479999857	103.0000480666891
107.564115999965	180.99984313346928
107.83978699997533	180.99984313346928
108.17112199997064	180.99984313346928
108.50382400001399	180.99984313346928
108.8340920000337	180.99984313346928
109.16605899995193	180.99984313346928
109.49713999999221	62.99999685000016
110.10248100000899	62.99999685000016
111.0553770000115	62.99999685000016
112.00637900002766	62.99999685000016
112.95847099996172	62.99999685000016
113.91043199994601	218.00028340036843
114.12576299998909	218.00028340036843
114.40326900000218	191.00007640003057
114.43436800001655	191.00007640003057
114.74958699999843	191.00007640003057
115.06440999999177	191.00007640003057
115.37742000003345	191.00007640003057
115.69139699998777	191.00007640003057
116.00527199998032	191.00007640003057
116.31983399996534	191.00007640003057
116.63381899998058	191.00007640003057
116.94740399997681	191.00007640003057
117.26386299997102	191.00007640003057
117.57655600004364	191.00007640003057
117.89039800001774	191.00007640003057
118.20453999994788	191.00007640003057
118.51938499999233	191.00007640003057
118.83474900003057	191.00007640003057
119.1470219999319	191.00007640003057
119.46227799996268	24.0
119.896836000029	24.0
122.39623700000811	54.0
122.5560149999801	54.0
123.66692200000398	54.0
124.78075499995612	154.99990958338608
125.16824299993459	154.99990958338608
125.5513590000337	154.99990958338608
125.93891200004146	154.99990958338608
126.32654499995988	154.99990958338608
126.7125010000309	154.99990958338608
127.0993610000005	154.99990958338608
127.48607700003777	126.000126000126
127.66767500003334	126.000126000126
128.1440939999884	126.000126000126
128.62033399997745	126.000126000126
129.09609699994326	126.000126000126
129.57150900003035	126.000126000126
130.0480390000157	126.000126000126
130.52605999994557	126.000126000126
131.00159100000747	106.0
131.05621299997438	106.0
131.62353700003587	106.0
132.18967400002293	106.0
132.75469600001816	106.0
133.32074899994768	85.00004250002125
133.47420699999202	85.00004250002125
134.1814519999316	85.00004250002125
134.8867939999327	85.00004250002125
135.59204000001773	85.00004250002125
136.29856999998447	85.00004250002125
137.00382799992803	85.00004250002125
137.7097369999392	196.9996946504733
137.7537219999358	196.9996946504733
138.0583120000083	196.9996946504733
138.36306000000332	196.9996946504733
138.66731299995445	196.9996946504733
138.97208800003864	196.9996946504733
139.27696699998342	192.0
139.2910489999922	192.0
139.60365699999966	192.0
139.91624799999408	192.0
140.22884100000374	192.0
140.54231799999252	192.0
140.85594499995932	192.0
141.16624099994078	192.0
141.47845399996731	192.0
141.79145999997854	192.0
142.10577000002377	192.0
142.41627399995923	192.0
142.7293869999703	192.0
143.0419240000192	192.0
143.35357599996496	42.99999498333392
144.16293400002178	42.99999498333392
145.5569919999689	145.9999659333413
145.844550000038	145.9999659333413
146.2552549999673	145.9999659333413
146.66608899994753	145.9999659333413
147.07735399995	145.9999659333413
147.48863399995025	145.9999659333413
147.89862699992955	145.9999659333413
148.30979600001592	178.99974940035085
148.63040899997577	178.99974940035085
148.9657339999685	178.99974940035085
149.30193299998064	178.99974940035085
149.63567600003444	178.99974940035085
149.97198199993	178.99974940035085
150.30669100000523	203.0
150.593646000023	203.0
150.8890980000142	203.0
151.18423699995037	203.0
151.48060000000987	203.0
151.77610100002494	203.0
152.0709130000323	203.0
152.3663569999626	203.0
152.66199199995026	203.0
152.9583509999793	203.0
153.25479799997993	203.0
153.54891799995676	203.0
153.8448169999756	203.0
154.14011199993547	203.0
154.4378779999679	178.99974940035085
154.46370600000955	178.99974940035085
154.79729100002442	178.99974940035085
155.1321229999885	178.99974940035085
155.4678680000361	178.99974940035085
155.80459499999415	178.99974940035085
156.1387279999908	178.99974940035085
156.4736130000092	178.99974940035085
156.80874499992933	178.99974940035085
157.1435689999489	154.99990958338608
157.19766499998514	154.99990958338608
157.58586699992884	154.99990958338608
157.97114899998996	154.99990958338608
158.3589449999854	154.99990958338608
158.74549500003923	154.99990958338608
159.1342589999549	154.99990958338608
159.5194350000238	154.99990958338608
159.9071400000248	154.99990958338608
160.29631000000518	154.99990958338608
160.68121599999722	154.99990958338608
161.0686679999344	127.0
161.12767299998086	127.0
161.5996129999403	127.0
162.07409699994605	127.0
162.5445250000339	127.0
163.01708000001963	152.99994645001874
163.37489800003823	152.99994645001874
163.76519399997778	152.99994645001874
164.15700000000652	152.99994645001874
164.5491139999358	152.99994645001874
164.94255299994256	152.99994645001874
165.33354799996596	152.99994645001874
165.72597199992742	152.99994645001874
166.1178249999648	152.99994645001874
166.51035699993372	152.99994645001874
166.9037819999503	178.99974940035085
167.2245160000166	178.99974940035085
167.55839000002015	178.99974940035085
167.89348700002301	178.99974940035085
168.2297869999893	178.99974940035085
168.56471800000872	178.99974940035085
168.8999489999842	195.000195000195
169.20026800001506	195.000195000195
169.50771299994085	195.000195000195
169.81489799998235	195.000195000195
170.1228509999346	195.000195000195
170.4301170000108	195.000195000195
170.73820100002922	195.000195000195
171.0460820000153	195.000195000195
171.353088999982	195.000195000195
171.66113100002985	195.000195000195
171.96967899997253	195.000195000195
172.27694699994754	195.000195000195
172.58559499995317	195.000195000195
172.89180099999066	27.00000270000027
173.3628379999427	27.00000270000027
175.5850919999648	55.99997760000896
176.2557220000308	55.99997760000896
177.3266799999401	55.99997760000896
178.39839500002563	55.99997760000896
179.4695879999781	125.0
179.59088399994653	125.0
180.0697930000024	125.0
180.55027999996673	125.0
181.0306270000292	102.0
181.0779549999861	102.0
181.66765900002792	102.0
182.25632699998096	102.0
182.84344999992754	102.0
183.43080299999565	102.0
184.02018699992914	102.0
184.60730899998453	102.0
185.19573399994988	154.000154000154
185.458239999949	154.000154000154
185.847620000015	154.000154000154
186.23725999996532	154.000154000154
186.62645600002725	154.000154000154
187.01611800002865	154.000154000154
187.4060720000416	154.000154000154
187.79495100001805	154.000154000154
188.1847800000105	180.99984313346928
188.38890699995682	180.99984313346928
188.7218049999792	180.99984313346928
189.0520199999446	180.99984313346928
189.38409900001716	180.99984313346928
189.7155250000069	180.99984313346928
190.04654499993194	180.99984313346928
190.37906099995598	180.99984313346928
190.70935999997891	180.99984313346928
191.0406270000385	180.99984313346928
191.37232199998107	197.0
191.67354500002693	197.0
191.97802899999078	197.0
192.2820429999847	197.0
192.61014300002716	197.0
192.8925530000124	197.0
193.2020049999701	197.0
193.50517100002617	197.0
193.80538299994078	197.0
194.1109249999281	202.99965828390856
194.3823529999936	202.99965828390856
194.67821599997114	202.99965828390856
194.97368799999822	202.99965828390856
195.26978900004178	202.99965828390856
195.5647899999749	202.99965828390856
195.86094299994875	202.99965828390856
196.1559839999536	202.99965828390856
196.45204100001138	202.99965828390856
196.74646699998993	202.99965828390856
197.04461600002833	202.99965828390856
197.33845899999142	202.99965828390856
197.63420400000177	202.99965828390856
197.92958500003442	202.99965828390856
198.22462400002405	202.99965828390856
198.5215610000305	202.99965828390856
198.81546099996194	202.99965828390856
199.11185200000182	202.99965828390856
199.4066279999679	202.99965828390856
199.70337300002575	202.99965828390856
199.99866399995517	202.99965828390856
200.29466200002935	202.99965828390856
200.58954600000288	202.99965828390856
200.88531599997077	202.99965828390856
201.18095399998128	202.99965828390856
201.47584999992978	202.99965828390856
201.77226999995764	202.99965828390856
202.06722500000615	202.99965828390856
202.36297100002412	202.99965828390856
202.6577469999902	202.99965828390856
202.95352099998854	202.99965828390856
203.24944000004325	202.99965828390856
203.54453700000886	202.99965828390856
203.84103400004096	202.99965828390856
204.13652099994943	202.99965828390856
204.4316819999367	202.99965828390856
204.72689199994784	202.99965828390856
205.02234399993904	202.99965828390856
205.31910700001754	202.99965828390856
205.61493599996902	202.99965828390856
205.90943100000732	202.99965828390856
206.2049490000354	202.99965828390856
206.50053499999922	202.99965828390856
206.7961639999412	202.99965828390856
207.09130600001663	202.99965828390856
207.38767700002063	202.99965828390856
207.68387399998028	202.99965828390856
207.97857699997257	202.99965828390856
208.2740830000257	202.99965828390856
208.56961899995804	202.99965828390856
208.8648970000213	202.99965828390856
209.16139799996745	202.99965828390856
209.45629100000951	202.99965828390856
209.7514909999445	202.99965828390856
210.04687800002284	202.99965828390856
210.34368499997072	202.99965828390856
210.63837099994998	202.99965828390856
210.93408100004308	202.99965828390856
211.22967399994377	202.99965828390856
211.5251419999404	202.99965828390856
211.82037299999502	202.99965828390856
212.1159789999947	202.99965828390856
212.41175600001588	202.99965828390856
212.70836099993903	202.99965828390856
213.00288799998816	202.99965828390856
213.2993359999964	202.99965828390856
213.59534899995197	202.99965828390856
213.88957699993625	202.99965828390856
214.18547399993986	202.99965828390856
214.48178499995265	202.99965828390856
214.77667900000233	202.99965828390856
215.07268600002863	202.99965828390856
215.3676620000042	202.99965828390856
215.66302300000098	202.99965828390856
215.95987300004344	202.99965828390856
216.25387999997474	202.99965828390856
216.54981200001203	202.99965828390856
216.84548999997787	202.99965828390856
217.14104999997653	202.99965828390856
217.43716400000267	202.99965828390856
217.7321890000021	202.99965828390856


6.015843000030145	120.0
6.510709999944083	120.0
7.0026030000299215	120.0
7.500577999977395	120.0
8.000465999939479	120.0
8.501644999952987	120.0
9.002220000023954	120.0
9.501492999959737	120.0
10.001211000024341	120.0
10.50095799996052	120.0
11.000306000001729	120.0
11.50213299994357	120.0
12.001111999968998	120.0
12.500650999951176	120.0
13.000650999951176	120.0
13.500568000017665	120.0
14.004298000014387	120.0
14.50066399993375	120.0
15.002001999993809	120.0
15.500850999960676	120.0
16.001614999957383	120.0
16.50156500004232	120.0
17.00020999996923	120.0
17.50173999997787	120.0
18.000647999928333	120.0
18.50085199996829	120.0
19.000758999958634	120.0
19.501588999992236	120.0
20.001545000006445	120.0
20.50234000000637	120.0
21.000150999985635	120.0
21.500734000001103	120.0
22.002011999953538	120.0
22.50220799993258	120.0
23.00196399993729	120.0
23.501074000028893	120.0
24.001825000043027	120.0
24.50054000003729	120.0
25.001002999953926	120.0
25.501868000021204	120.0
26.001704999944195	120.0
26.501373999984935	120.0
27.000445000012405	120.0
27.50130599993281	120.0
28.000266999937594	120.0
28.501395000028424	120.0
29.001637000008486	120.0
29.50216100004036	192.0
29.772546999971382	192.0
30.08503900002688	192.0
30.398278999957256	192.0
30.7100779999746	192.0
31.02350699994713	192.0
31.33506099996157	177.99981606685674
31.396177000016905	177.99981606685674
31.73327299999073	177.99981606685674
32.07000299997162	177.99981606685674
32.40733499999624	177.99981606685674
32.744407000020146	177.99981606685674
33.082287000026554	177.99981606685674
33.419032000005245	177.99981606685674
33.75540599995293	177.99981606685674
34.09351699997205	177.99981606685674
34.43066399998497	177.99981606685674
34.76690199994482	73.99998273333736
34.94550999999046	73.99998273333736
35.75534799997695	73.99998273333736
36.56574999995064	73.99998273333736
37.377191000035964	73.99998273333736
38.1874929999467	104.00001386666851
38.301925000036135	104.00001386666851
38.87967599998228	104.00001386666851
39.45542899996508	104.00001386666851
40.034262000001036	104.00001386666851
40.609366999939084	104.00001386666851
41.18612199998461	45.000011250002814
41.97454900003504	45.000011250002814
43.305819000001065	50.0
44.43420000001788	50.0
45.634132000035606	50.0
46.834338999935426	50.0
48.03562800004147	154.000154000154
48.23555999994278	154.000154000154
48.62574599997606	154.000154000154
49.01447499997448	154.000154000154
49.404314999934286	20.0
51.79543099994771	20.0
54.79616000002716	148.9998385835082
54.920689999940805	148.9998385835082
55.32455699995626	148.9998385835082
55.725657999981195	148.9998385835082
56.12835100002121	148.9998385835082
56.53193299996201	148.9998385835082
56.936133999959566	148.9998385835082
57.336504000006244	148.9998385835082
57.739123999956064	148.9998385835082
58.1417669999646	148.9998385835082
58.544533999986015	148.9998385835082
58.946842000004835	148.9998385835082
59.35098300001118	122.99996925000768
59.50581300002523	122.99996925000768
59.99365299998317	122.99996925000768
60.48012600000948	122.99996925000768
60.96895499993116	122.99996925000768
61.456144999945536	132.000132000132
61.85430200002156	132.000132000132
62.30827599996701	132.000132000132
62.762970999930985	132.000132000132
63.21735199994873	132.000132000132
63.67187299998477	132.000132000132
64.12643399997614	132.000132000132
64.58049900003243	213.00010650005325
64.6889530000044	213.00010650005325
64.97114099992905	213.00010650005325
65.25229400000535	213.00010650005325
65.53600199997891	213.00010650005325
65.81583099998534	213.00010650005325
66.09865900001023	213.00010650005325
66.38014000002295	142.0000710000355
66.50642400002107	142.0000710000355
66.92760900000576	142.0000710000355
67.3494499999797	142.0000710000355
67.77427399996668	142.0000710000355
68.19503299996722	142.0000710000355
68.61779499996919	142.0000710000355
69.0410860000411	142.0000710000355
69.46516100002918	142.0000710000355
69.885214000009	142.0000710000355
70.30786099995021	157.999931533363
70.67126400000416	157.999931533363
71.05117300001439	157.999931533363
71.430102000013	157.999931533363
71.80971199995838	157.999931533363
72.19350299995858	180.0
72.51732700003777	180.0
72.85193799994886	180.0
73.18494599999394	180.0
73.51730900001712	180.0
73.85103399993386	180.0
74.18562899995595	180.0
74.51774299994577	180.0
74.85211500001606	180.0
75.18434799998067	180.0
75.51910699997097	180.0
75.85072600003332	180.0
76.18532199994661	180.0
76.51735400001053	104.00001386666851
76.79251199995633	104.00001386666851
77.37431500002276	104.00001386666851
77.94740800000727	104.00001386666851
78.52342899993528	42.00001260000378
79.0802220000187	42.00001260000378
80.5091029999312	42.00001260000378
81.93776400003117	42.00001260000378
83.3661200000206	204.0
83.57070499996189	204.0
83.86471500003245	204.0
84.15853499993682	204.0
84.45492299995385	165.000165000165
84.52605700003915	165.000165000165
84.88957400002982	165.000165000165
85.253602999961	165.000165000165
85.61660700000357	165.000165000165
85.98000500001945	165.000165000165
86.34407099999953	165.000165000165
86.7072909999406	165.000165000165
87.07089299999643	165.000165000165
87.43634899996687	165.000165000165
87.79866299999412	165.000165000165
88.16267500002868	165.000165000165
88.52573400002439	187.99996240000752
88.79966799996328	187.99996240000752
89.11959899996873	187.99996240000752
89.43794199998956	187.99996240000752
89.75737200002186	187.99996240000752
90.07623100001365	187.99996240000752
90.39526699995622	88.00002346667293
90.67212200001813	88.00002346667293
91.3560760000255	88.00002346667293
92.03560299996752	88.00002346667293
92.71859399997629	88.00002346667293
93.39958299999125	88.00002346667293
94.08203499997035	88.00002346667293
94.76422200002708	151.99993920002433
94.90214999997988	151.99993920002433
95.29673099995125	151.99993920002433
95.69128599995747	151.99993920002433
96.08601500000805	151.99993920002433
96.4812179999426	187.99996240000752
96.73795400001109	187.99996240000752
97.05700299993623	187.99996240000752
97.37555200001225	187.99996240000752
97.69507200003136	187.99996240000752
98.01384000002872	187.99996240000752
98.33330399997067	187.99996240000752
98.65456900000572	187.99996240000752
98.97151699999813	187.99996240000752
99.29140899993945	187.99996240000752
99.61008999997284	187.99996240000752
99.9300659999717	187.99996240000752
100.24838500004262	187.99996240000752
100.56773999996949	120.0
100.79808199999388	120.0
101.29751499998383	120.0
101.79860099998768	120.0
102.29825500003062	103.0
102.32089199998882	103.0
102.90258799993899	103.0
103.48572999995667	103.0
104.0680960000027	103.0
104.64963200001512	103.0
105.23336199996993	103.0
105.81577500002459	103.0
106.39777999999933	103.0
106.98159600002691	103.0
107.56412799993996	103.0
108.14478500001132	180.99984313346928
108.17092199996114	180.99984313346928
108.50331299996469	180.99984313346928
108.83434900001157	180.99984313346928
109.16633199993521	180.99984313346928
109.49746300000697	62.99999685000016
110.10242699994706	62.99999685000016
111.05555199994706	62.99999685000016
112.0058999999892	62.99999685000016
112.95831200003158	218.0
113.0261359999422	218.0
113.30061599996407	218.0
113.57534999994095	218.0
113.85219899995718	218.0
114.12573800003156	218.0
114.40279900003225	218.0
114.67639199993573	218.0
114.95171900000423	191.00007640003057
115.0642419999931	191.00007640003057
115.3772309999913	191.00007640003057
115.69117599993479	191.00007640003057
116.00550999992993	191.00007640003057
116.31937399995513	191.00007640003057
116.63346299994737	191.00007640003057
116.94783499999903	191.00007640003057
117.26362600002903	191.00007640003057
117.57612500002142	191.00007640003057
117.89095799997449	191.00007640003057
118.20434599998407	191.00007640003057
118.51916299993172	191.00007640003057
118.83454199996777	191.00007640003057
119.14659599994775	191.00007640003057
119.46250200003851	24.0
119.8965549999848	24.0
122.39665799995419	54.00000540000054
122.55596100003459	54.00000540000054
123.66709500004072	54.00000540000054
124.78354199999012	154.99990958338608
125.16604000004008	154.99990958338608
125.55159499996807	154.99990958338608
125.93877000000793	154.99990958338608
126.32634699996561	154.99990958338608
126.71241699997336	154.99990958338608
127.09937299997546	154.99990958338608
127.48637800000142	154.99990958338608
127.87327400001232	126.000126000126
128.14392599998973	126.000126000126
128.61991300003137	126.000126000126
129.0956699999515	126.000126000126
129.57150900003035	126.000126000126
130.0478009999497	126.000126000126
130.5259490000317	126.000126000126
131.00112100003753	126.000126000126
131.47631299996283	105.99995053335641
131.62319499999285	105.99995053335641
132.1898720000172	105.99995053335641
132.75450199993793	85.0
132.76883199997246	85.0
133.47442600002978	85.0
134.18098699999973	85.0
134.8862659999868	85.0
135.59206900000572	85.0
136.29856999998447	85.0
137.00356999994256	85.0
137.70995099993888	85.0
138.4153010000009	196.9996946504733
138.66704099997878	196.9996946504733
138.97231799992733	196.9996946504733
139.27665399992839	192.0
139.29088999994565	192.0
139.60344999993686	192.0
139.91671300004236	192.0
140.22845399996731	192.0
140.5421019999776	192.0
140.85562599997502	192.0
141.16602899995632	192.0
141.4782829999458	192.0
141.79089099995326	192.0
142.10552400001325	192.0
142.41662899998482	192.0
142.7296609999612	43.0
142.76606499997433	43.0
144.16267400002107	43.0
145.55682800000068	145.9999659333413
145.8450779999839	145.9999659333413
146.25563100003637	145.9999659333413
146.66648899996653	145.9999659333413
147.07735399995	145.9999659333413
147.48836499999743	145.9999659333413
147.89906600001268	145.9999659333413
148.30981499992777	178.99974940035085
148.63023000000976	178.99974940035085
148.96575299999677	178.99974940035085
149.30166200001258	178.99974940035085
149.63571299996693	178.99974940035085
149.9722569999285	178.99974940035085
150.30667900003027	202.99965828390856
150.59378200001083	202.99965828390856
150.8890980000142	202.99965828390856
151.18423699995037	202.99965828390856
151.48031599994283	202.99965828390856
151.77587100001983	202.99965828390856
152.07123500003945	202.99965828390856
152.36637699999847	202.99965828390856
152.6621729999315	202.99965828390856
152.9588760000188	202.99965828390856
153.25329499994405	202.99965828390856
153.5491589999292	202.99965828390856
153.84434099995997	202.99965828390856
154.1398549999576	202.99965828390856
154.43862100003753	178.99974940035085
154.46394299995154	178.99974940035085
154.7976919999346	178.99974940035085
155.1321229999885	178.99974940035085
155.46762699994724	178.99974940035085
155.804909999948	178.99974940035085
156.1387279999908	178.99974940035085
156.4733080000151	178.99974940035085
156.80808099999558	178.99974940035085
157.14383299998008	154.99990958338608
157.19791300001089	154.99990958338608
157.5862409999827	154.99990958338608
157.97170400002506	154.99990958338608
158.35955099994317	154.99990958338608
158.74598000000697	154.99990958338608
159.13382999994792	154.99990958338608
159.51992099999916	154.99990958338608
159.9066879999591	154.99990958338608
160.29685199994128	154.99990958338608
160.68146899994463	154.99990958338608
161.0690679999534	126.99998518333506
161.1281789999921	126.99998518333506
161.5996739999391	126.99998518333506
162.07361700001638	126.99998518333506
162.54431699996348	126.99998518333506
163.0173819999909	153.0
163.37521600001492	153.0
163.76499900000636	153.0
164.15700000000652	153.0
164.54932699992787	153.0
164.94256500003394	153.0
165.33389799995348	153.0
165.7263409999432	153.0
166.1188700000057	153.0
166.51040299993474	153.0
166.90461099997628	178.99974940035085
167.22473499993794	178.99974940035085
167.55857600003947	178.99974940035085
167.89380099996924	178.99974940035085
168.23024199996144	178.99974940035085
168.56532699998934	178.99974940035085
168.9001729999436	195.000195000195
169.2006719999481	195.000195000195
169.50800599996	195.000195000195
169.81463999999687	195.000195000195
170.12263200001325	195.000195000195
170.43050699995365	195.000195000195
170.73802799999248	195.000195000195
171.0456299999496	195.000195000195
171.35303699993528	195.000195000195
171.66084200004116	195.000195000195
171.96991700003855	195.000195000195
172.27685000002384	195.000195000195
172.58562499994878	195.000195000195
172.89179299992975	27.0
173.3628379999427	27.0
175.5848119999282	55.99997760000896
176.25528299994767	55.99997760000896
177.32669100002386	55.99997760000896
178.39812399994116	55.99997760000896
179.46982999995816	125.0
179.59112899994943	125.0
180.0698599999305	125.0
180.55039999994915	125.0
181.03093400003854	102.0000510000255
181.07822799996939	102.0000510000255
181.6662269999506	102.0000510000255
182.25636599992868	102.0000510000255
182.84270000003744	102.0000510000255
183.4315639999695	102.0000510000255
184.02029799995944	102.0000510000255
184.60755499999505	102.0000510000255
185.19599699997343	154.000154000154
185.45792600000277	154.000154000154
185.8475229999749	154.000154000154
186.23752199998125	154.000154000154
186.62706600001547	154.000154000154
187.01674699992873	154.000154000154
187.4059979999438	154.000154000154
187.79501899995375	154.000154000154
188.18475899996702	180.99984313346928
188.3889359999448	180.99984313346928
188.7218049999792	180.99984313346928
189.0522799999453	180.99984313346928
189.3838870000327	180.99984313346928
189.7152749999659	180.99984313346928
190.04634599993005	180.99984313346928
190.37887999997474	180.99984313346928
190.70949099992868	180.99984313346928
191.04061499994714	180.99984313346928
191.37239599996246	180.99984313346928
191.70432200003415	180.99984313346928
192.035177999991	196.9996946504733
192.28230600000825	196.9996946504733
192.5974119999446	196.9996946504733
192.8925739999395	196.9996946504733
193.20244899997488	196.9996946504733
193.50692099996377	203.0
193.7908269999316	203.0
194.086930999998	203.0
194.3823529999936	203.0
194.67822300002445	203.0
194.9731599999359	203.0
195.26930699998047	203.0
195.56470400001854	203.0
195.86100000003353	203.0
196.1558439999353	203.0
196.45237199997064	203.0
196.7465170000214	203.0
197.04416499997023	203.0
197.3382200000342	203.0
197.6332799999509	203.0
197.92934799997602	203.0
198.2247460000217	203.0
198.521614999976	203.0
198.81563999992795	203.0
199.1116149999434	203.0
199.40665499994066	203.0
199.70337300002575	203.0
199.99841599992942	203.0
200.29430099995807	203.0
200.58965500001796	203.0
200.8854959999444	203.0
201.18128699995577	203.0
201.4755700000096	203.0
201.7727259999374	203.0
202.06674899999052	203.0
202.36257400002796	203.0
202.65776099998038	203.0
202.95385299995542	203.0
203.2496449999744	203.0
203.5450229999842	203.0
203.84149300004356	203.0
204.13607999996748	203.0
204.4318440000061	203.0
204.72689199994784	203.0
205.02270500001032	203.0
205.3189410000341	203.0
205.61473000003025	203.0
205.90916799998377	203.0
206.20455000002403	203.0
206.5003269999288	203.0
206.79605599993374	203.0
207.09161300002597	203.0
207.38732999993954	203.0
207.68369600002188	203.0
207.97875200002454	203.0
208.27364399994258	203.0
208.57098499999847	203.0
208.86488799995277	203.0
209.16110899997875	203.0
209.45607399998698	203.0
209.75164000003133	203.0
210.04710299998987	203.0
210.34425900003407	203.0
210.6386159999529	203.0
210.93426499993075	203.0
211.22928700002376	203.0
211.5248979999451	203.0
211.82098199997563	203.0
212.11647899996024	203.0
212.41153299994767	203.0
212.70816899999045	203.0
213.00316900003236	203.0
213.29911899997387	203.0
213.59511500003282	203.0
213.89019399997778	203.0
214.18500699999277	203.0
214.48150999995414	203.0
214.77695700002369	203.0
215.07275699998718	203.0
215.36728799995035	203.0
215.66278999997303	203.0
215.9596690000035	203.0
216.25428300001658	203.0
216.549766000011	203.0
216.84551000001375	203.0
217.14096300001256	203.0
217.43697000003885	203.0
217.73201599996537	203.0


8.098348999978043	120.0
8.592164000030607	120.0
9.001293999957852	120.0
9.502150999964215	120.0
10.000804999959655	120.0
10.501132000004873	120.0
11.000573999946937	120.0
11.501221999991685	120.0
12.000478000030853	120.0
12.500669999979436	120.0
13.000533999991603	120.0
13.50045399996452	120.0
14.00066300004255	120.0
14.500249000033364	120.0
15.001725999987684	120.0
15.500674000009894	120.0
16.001323999953456	120.0
16.501740999985486	120.0
17.00020999996923	120.0
17.50176899996586	120.0
18.000285999965854	120.0
18.50112100003753	120.0
19.000939999939874	120.0
19.501327999983914	120.0
20.001147000002675	120.0
20.50184799998533	120.0
21.000326000037603	120.0
21.500298999948427	120.0
22.0015269999858	120.0
22.50209600001108	120.0
23.001521999947727	120.0
23.501195000018924	120.0
24.00158099993132	120.0
24.500872000004165	120.0
25.001303000026383	120.0
25.50157099997159	120.0
26.00216100004036	120.0
26.501798999961466	120.0
27.000693000038154	120.0
27.501614999957383	120.0
28.000278000021353	120.0
28.501822000020184	120.0
29.002100999932736	192.0
29.147303999983706	192.0
29.460484999930486	192.0
29.77292799996212	192.0
30.085560000035912	192.0
30.39806999999564	192.0
30.709883000003174	192.0
31.023209000006318	192.0
31.334942999994382	177.99981606685674
31.395940999966115	177.99981606685674
31.73316900001373	177.99981606685674
32.07020900002681	177.99981606685674
32.40696499997284	177.99981606685674
32.744172999984585	177.99981606685674
33.082287000026554	177.99981606685674
33.418728000018746	177.99981606685674
33.755344999954104	177.99981606685674
34.093485999968834	177.99981606685674
34.4306439999491	177.99981606685674
34.76814900001045	73.99998273333736
34.94573199993465	73.99998273333736
35.75547199998982	73.99998273333736
36.56625399994664	73.99998273333736
37.37697400001343	73.99998273333736
38.187785999965854	104.00001386666851
38.30213199998252	104.00001386666851
38.87936499994248	104.00001386666851
39.4556899999734	104.00001386666851
40.0338889999548	104.00001386666851
40.6090560000157	104.00001386666851
41.18647199997213	45.000011250002814
41.974871000042185	45.000011250002814
43.3056360000046	50.0
44.43397300003562	50.0
45.6338870000327	50.0
46.83382299996447	50.0
48.03561699995771	154.000154000154
48.235049000009894	154.000154000154
48.62597900000401	20.0
48.79502399999183	20.0
51.7951559999492	20.0
54.795956999994814	148.9998385835082
54.920226000016555	148.9998385835082
55.324297999963164	148.9998385835082
55.72547199996188	148.9998385835082
56.128115999978036	148.9998385835082
56.531673999968916	148.9998385835082
56.93578299996443	148.9998385835082
57.33608199993614	148.9998385835082
57.73891499999445	148.9998385835082
58.141499000019394	148.9998385835082
58.54426500003319	148.9998385835082
58.947126999963075	123.0
59.01682499994058	123.0
59.505561999976635	123.0
59.99402400001418	123.0
60.48061900003813	123.0
60.96918499993626	123.0
61.45586300001014	132.000132000132
61.85464999999385	132.000132000132
62.3080009999685	132.000132000132
62.76271799998358	132.000132000132
63.21757899993099	132.000132000132
63.67126999993343	132.000132000132
64.1260229999898	132.000132000132
64.58032800001092	213.00010650005325
64.68877799995244	213.00010650005325
64.9709370000055	213.00010650005325
65.25229400000535	213.00010650005325
65.53575299994554	213.00010650005325
65.81556399993133	213.00010650005325
66.09816699998919	213.00010650005325
66.3796180000063	142.0000710000355
66.50587699993048	142.0000710000355
66.92801399994642	142.0000710000355
67.34963299997617	142.0000710000355
67.77390000002924	142.0000710000355
68.19470600003842	142.0000710000355
68.6178249999648	142.0000710000355
69.04077399999369	142.0000710000355
69.46262699994259	142.0000710000355
69.8851990000112	142.0000710000355
70.30740099994	157.999931533363
70.67095399997197	157.999931533363
71.05137300002389	157.999931533363
71.42930499999784	157.999931533363
71.80990699992981	157.999931533363
72.19369899993762	157.999931533363
72.57015099993441	180.00018000018
72.85193799994886	180.00018000018
73.1853579999879	180.00018000018
73.51780299993698	180.00018000018
73.85065399995074	180.00018000018
74.18556400004309	180.00018000018
74.51831900002435	180.00018000018
74.85178699996322	180.00018000018
75.18396900000516	180.00018000018
75.51909600000363	180.00018000018
75.85075099999085	180.00018000018
76.18497099995147	180.00018000018
76.51758300000802	104.00001386666851
76.7928949999623	104.00001386666851
77.3690400000196	104.00001386666851
77.9479879999999	104.00001386666851
78.52309599996079	42.0
79.0799630000256	42.0
80.50901799998246	42.0
81.938003999996	42.0
83.3663790000137	203.99975520029375
83.57047000003513	203.99975520029375
83.86430200003088	203.99975520029375
84.15879799996037	203.99975520029375
84.45476999995299	165.000165000165
84.52606800000649	165.000165000165
84.88913799996953	165.000165000165
85.25301799993031	165.000165000165
85.6166619999567	165.000165000165
85.97999399993569	165.000165000165
86.34400199993979	165.000165000165
86.7075719999848	165.000165000165
87.07095199998002	165.000165000165
87.43652300001122	165.000165000165
87.7984540000325	165.000165000165
88.16219699999783	188.0
88.48100899998099	188.0
88.79988599999342	188.0
89.11983500001952	188.0
89.43786199996248	188.0
89.75737200002186	188.0
90.07625599997118	188.0
90.39526699995622	88.00002346667293
90.67222900001798	88.00002346667293
91.3559649999952	88.00002346667293
92.0361199999461	88.00002346667293
92.71857399994042	88.00002346667293
93.39964900002815	88.00002346667293
94.0819429999683	88.00002346667293
94.76423299999442	151.99993920002433
94.90160600002855	151.99993920002433
95.29648399993312	151.99993920002433
95.69114100001752	151.99993920002433
96.08566600002814	151.99993920002433
96.48120599996764	187.99996240000752
96.73804900003597	187.99996240000752
97.05650499998592	187.99996240000752
97.37552100000903	187.99996240000752
97.69524699996691	187.99996240000752
98.01413899997715	187.99996240000752
98.33407800004352	187.99996240000752
98.65431100002024	187.99996240000752
98.9712920000311	187.99996240000752
99.29104799998458	187.99996240000752
99.60961399995722	187.99996240000752
99.92984100000467	187.99996240000752
100.24821400002111	187.99996240000752
100.56773999996949	120.0
100.79853999998886	120.0
101.29805600002874	120.0
101.79832900001202	120.0
102.298386999988	103.0000480666891
102.320934999967	103.0000480666891
102.90227800002322	103.0000480666891
103.48594099993352	103.0000480666891
104.06828499992844	103.0000480666891
104.65014899999369	103.0000480666891
105.23320000001695	103.0000480666891
105.8160060000373	103.0000480666891
106.39731899998151	103.0000480666891
106.98195499996655	103.0000480666891
107.56379599997308	103.0000480666891
108.14476499997545	180.99984313346928
108.17130899999756	180.99984313346928
108.50361699995119	180.99984313346928
108.83440099994186	63.0
109.14863499999046	63.0
110.102155999979	63.0
111.0551249999553	63.0
112.00622700003441	63.0
112.9579730000114	63.0
113.9106969999848	218.00028340036843
114.12602700002026	218.00028340036843
114.40279900003225	218.00028340036843
114.676381999976	218.00028340036843
114.95172899996396	191.00007640003057
115.06397000001743	191.00007640003057
115.37713899998926	191.00007640003057
115.69090599997435	191.00007640003057
116.00572000001557	191.00007640003057
116.3193639999954	191.00007640003057
116.6336209999863	191.00007640003057
116.94762200000696	191.00007640003057
117.26405699993484	191.00007640003057
117.57638600002974	191.00007640003057
117.89076899993233	191.00007640003057
118.20441699994262	191.00007640003057
118.51914200000465	191.00007640003057
118.83451700001024	24.0
119.89660999993794	24.0
122.39650799997617	54.00000540000054
122.55574899993371	54.00000540000054
123.66669500002172	54.00000540000054
124.78028800000902	54.00000540000054
125.88848099997267	154.99990958338608
125.93852900003549	154.99990958338608
126.32587399997283	154.99990958338608
126.71219200000633	154.99990958338608
127.09971099998802	154.99990958338608
127.48612899996806	154.99990958338608
127.87306100002024	126.000126000126
128.14376400003675	126.000126000126
128.62033399997745	126.000126000126
129.09591100004036	126.000126000126
129.57197199994698	126.000126000126
130.04810300003737	126.000126000126
130.52562099997886	126.000126000126
131.00138000003062	126.000126000126
131.47668500000145	105.99995053335641
131.6237399999518	105.99995053335641
132.18943200004287	105.99995053335641
132.7548699999461	105.99995053335641
133.32111599994823	85.00004250002125
133.47458199993707	85.00004250002125
134.1812220000429	85.00004250002125
134.88663600001018	85.00004250002125
135.59176999994088	85.00004250002125
136.29879000002984	85.00004250002125
137.00405099999625	85.00004250002125
137.71020199998748	85.00004250002125
138.41563900001347	196.9996946504733
138.66725199995562	196.9996946504733
138.97173400002066	192.0
138.9785339999944	192.0
139.29083299997728	192.0
139.603460000013	192.0
139.91631400003098	192.0
140.2285279999487	192.0
140.5421019999776	192.0
140.85591599997133	192.0
141.16608300001826	192.0
141.47820699994918	192.0
141.79089099995326	192.0
142.10552400001325	192.0
142.41625300003216	192.0
142.729675999959	192.0
143.04226399993058	192.0
143.3532300000079	42.99999498333392
144.16321200004313	42.99999498333392
145.55707099998835	145.9999659333413
145.844550000038	145.9999659333413
146.25544400000945	145.9999659333413
146.66625400003977	145.9999659333413
147.0776659999974	145.9999659333413
147.48882600001525	145.9999659333413
147.89884199993685	145.9999659333413
148.31005199998617	179.0
148.63047299999744	179.0
148.96608599997126	179.0
149.30188099993393	179.0
149.6359409999568	179.0
149.97198199993	179.0
150.30691699997988	202.99965828390856
150.59351599996444	202.99965828390856
150.88958600000478	202.99965828390856
151.18472499994095	202.99965828390856
151.4803049999755	202.99965828390856
151.775810000021	202.99965828390856
152.07073699997272	202.99965828390856
152.36665800004266	202.99965828390856
152.66229300003033	202.99965828390856
152.95867800002452	202.99965828390856
153.2533210000256	202.99965828390856
153.54863299999852	202.99965828390856
153.84463700000197	202.99965828390856
154.14041400002316	202.99965828390856
154.4373289999785	178.99974940035085
154.46385399997234	178.99974940035085
154.79694399994332	178.99974940035085
155.13250700000208	178.99974940035085
155.46784299996216	178.99974940035085
155.80423300003167	178.99974940035085
156.13916899997275	178.99974940035085
156.47372799995355	178.99974940035085
156.8082899999572	178.99974940035085
157.1435689999489	154.99990958338608
157.19765300001018	154.99990958338608
157.5856919999933	154.99990958338608
157.97114899998996	154.99990958338608
158.359196000034	154.99990958338608
158.74546000000555	154.99990958338608
159.1338509999914	154.99990958338608
159.51980100001674	154.99990958338608
159.9069240000099	154.99990958338608
160.29613299993798	154.99990958338608
160.68168699997477	154.99990958338608
161.0688889999874	126.99998518333506
161.12766200001352	126.99998518333506
161.59976499993354	126.99998518333506
162.07364600000437	126.99998518333506
162.5447119999444	126.99998518333506
163.0172930000117	152.99994645001874
163.37512700003572	152.99994645001874
163.76474899996538	152.99994645001874
164.1572589999996	152.99994645001874
164.5495439999504	152.99994645001874
164.94302300002892	152.99994645001874
165.33399299997836	152.99994645001874
165.72621500003152	152.99994645001874
166.11902799992822	152.99994645001874
166.51086899999063	152.99994645001874
166.90379300003406	178.99974940035085
167.22411800001282	178.99974940035085
167.55885799997486	178.99974940035085
167.89397299999837	178.99974940035085
168.22979599994142	178.99974940035085
168.56504799996037	178.99974940035085
168.89996700000484	195.0
169.20025899994653	195.0
169.5077009999659	195.0
169.8146710000001	195.0
170.12265299994033	195.0
170.43012100004125	195.0
170.73772999993525	195.0
171.0458520000102	195.0
171.35333600000013	195.0
171.6608669999987	195.0
171.97014899994247	195.0
172.2770480000181	195.0
172.58617299993057	195.0
172.89195700001437	27.00000270000027
173.36310199997388	27.00000270000027
175.5850919999648	55.99997760000896
176.25552000000607	55.99997760000896
177.32698999997228	55.99997760000896
178.39845600002445	55.99997760000896
179.4696019999683	125.0
179.59088399994653	125.0
180.0695200000191	125.0
180.55003199994098	125.0
181.031146000023	102.0000510000255
181.07815600000322	102.0000510000255
181.6663539999863	102.0000510000255
182.25606099993456	102.0000510000255
182.84326200000942	102.0000510000255
183.43104199995287	102.0000510000255
184.01997100003064	102.0000510000255
184.60733100003563	102.0000510000255
185.1957120000152	154.000154000154
185.45763700001407	154.000154000154
185.8471829999471	154.000154000154
186.2366439999314	154.000154000154
186.6269359999569	154.000154000154
187.01644299994223	154.000154000154
187.4054130000295	154.000154000154
187.7947479999857	154.000154000154
188.18448799999896	180.99984313346928
188.38868400000501	180.99984313346928
188.7222260000417	180.99984313346928
189.05172600003425	180.99984313346928
189.3836580000352	180.99984313346928
189.71482500003185	180.99984313346928
190.0461189999478	180.99984313346928
190.37859099998605	180.99984313346928
190.71049700002186	180.99984313346928
191.04084499995224	180.99984313346928
191.3721460000379	180.99984313346928
191.70397399994545	180.99984313346928
192.035177999991	196.9996946504733
192.28230600000825	196.9996946504733
192.59860200004186	196.9996946504733
192.89274999999907	196.9996946504733
193.20030499994755	196.9996946504733
193.50547600002028	196.9996946504733
193.8048730000155	196.9996946504733
194.11114900000393	202.99965828390856
194.38253599999007	202.99965828390856
194.67837199999485	202.99965828390856
194.97416600002907	202.99965828390856
195.2695679999888	202.99965828390856
195.56436900002882	202.99965828390856
195.86061099998187	202.99965828390856
196.1555609999923	202.99965828390856
196.45204100001138	202.99965828390856
196.7467389999656	202.99965828390856
197.04439399996772	202.99965828390856
197.3386279999977	202.99965828390856
197.6336860000156	202.99965828390856
197.92958500003442	202.99965828390856
198.22419400000945	202.99965828390856
198.5213020000374	202.99965828390856
198.81545200000983	202.99965828390856
199.11200199997984	202.99965828390856
199.40692800004035	202.99965828390856
199.70369200001005	202.99965828390856
199.99891500000376	202.99965828390856
200.29326099995524	202.99965828390856
200.58930600003805	202.99965828390856
200.88469899992924	202.99965828390856
201.1810220000334	202.99965828390856
201.47580499993637	202.99965828390856
201.7723189999815	202.99965828390856
202.06700499996077	202.99965828390856
202.3625619999366	202.99965828390856
202.6580659999745	202.99965828390856
202.95373599999584	202.99965828390856
203.24923900002614	202.99965828390856
203.54481600003783	202.99965828390856
203.84128699998837	202.99965828390856
204.13631700002588	202.99965828390856
204.4314660000382	202.99965828390856
204.72667500004172	202.99965828390856
205.02286200004164	202.99965828390856
205.3187489999691	202.99965828390856
205.6159129999578	202.99965828390856
205.9094599999953	202.99965828390856
206.20490899996366	202.99965828390856
206.50010900001507	202.99965828390856
206.79595399997197	202.99965828390856
207.09154699998908	202.99965828390856
207.38751799997408	202.99965828390856
207.68330299993977	202.99965828390856
207.97834999999031	202.99965828390856
208.27364399994258	202.99965828390856
208.56984999997076	202.99965828390856
208.86509899992961	202.99965828390856
209.1610909999581	202.99965828390856
209.45594300003722	202.99965828390856
209.75186600000598	202.99965828390856
210.04729200003203	202.99965828390856
210.3439139999682	202.99965828390856
210.63837099994998	202.99965828390856
210.93363300000783	202.99965828390856
211.22929299995303	202.99965828390856
211.5248979999451	202.99965828390856
211.8206549999304	202.99965828390856
212.11664100002963	202.99965828390856
212.41196399996988	202.99965828390856
212.7079069999745	202.99965828390856
213.00263400003314	202.99965828390856
213.2995220000157	202.99965828390856
213.5951949999435	202.99965828390856
213.88939999998547	202.99965828390856
214.18524899997283	202.99965828390856
214.4815219999291	202.99965828390856
214.77638900000602	202.99965828390856
215.0724100000225	202.99965828390856
215.36744299996644	202.99965828390856
215.66277699999046	202.99965828390856
215.95928299997468	202.99965828390856
216.2541519999504	202.99965828390856
216.54957899998408	202.99965828390856
216.84520400001202	202.99965828390856
217.1406029999489	202.99965828390856
217.43670500000007	202.99965828390856
217.73197800002526	202.99965828390856