0.8187400000169873	120.0
1.3119119999464601	120.0
1.5022979999193922	120.0
2.0014809999847785	120.0
2.502085999934934	120.0
3.000597000005655	120.0
3.501549999928102	120.0
4.001219999976456	120.0
4.5016699999105185	120.0
5.001769999973476	120.0
5.50186700001359	120.0
6.000975999981165	120.0
6.501768999965861	120.0
7.000548999989405	120.0
7.501179000013508	120.0
8.001550999935716	120.0
8.501179999904707	120.0
9.001028999919072	120.0
9.501267999992706	120.0
10.002173000015318	120.0
10.500341999926604	120.0
11.001052999985404	120.0
11.502367999986745	120.0
12.001239000004716	120.0
12.500529999961145	120.0
13.001026000012644	120.0
13.501547999912873	120.0
14.001103000016883	197.0
14.26315999997314	197.0
14.567828999948688	197.0
14.872420999919996	197.0
15.17574199999217	197.0
15.48159899993334	197.0
15.786874999990687	197.0
16.089976999908686	91.99998773333498
16.317087000003085	91.99998773333498
16.969702999922447	91.99998773333498
17.62260200001765	91.99998773333498
18.275184999918565	91.99998773333498
18.926046999986283	91.99998773333498
19.577619999996386	91.99998773333498
20.230820999946445	75.99996960001216
20.301288999966346	75.99996960001216
21.090786000015214	75.99996960001216
21.880185000016354	75.99996960001216
22.668826999957673	98.0
23.106387999956496	98.0
23.719211000017822	98.0
24.331891999929212	98.0
24.942990000010468	98.0
25.557447999948636	98.0
26.167520999908447	24.0
27.0221559999045	24.0
29.522004999918863	185.99979540022505
29.723557999939658	185.99979540022505
30.045043999911286	185.99979540022505
30.3673589999089	185.99979540022505
30.690158999990672	185.99979540022505
31.012652999954298	185.99979540022505
31.336859999923036	185.99979540022505
31.658279999974184	185.99979540022505
31.981420999974944	101.00006901671382
32.04332900000736	101.00006901671382
32.63757399993483	101.00006901671382
33.23074199992698	101.00006901671382
33.826191999949515	101.00006901671382
34.418624999932945	142.0000710000355
34.69286899990402	142.0000710000355
35.1166399999056	142.0000710000355
35.537607999984175	142.0000710000355
35.959851999999955	142.0000710000355
36.38371600001119	142.0000710000355
36.807182999909855	142.0000710000355
37.227478999993764	142.0000710000355
37.649955999921076	142.0000710000355
38.07220599998254	77.0
38.20878599991556	77.0
38.98756199993659	77.0
39.76756399997976	77.0
40.54692599992268	21.99999780000022
42.13328499998897	21.99999780000022
44.8600790000055	67.99999546666697
45.106112999957986	67.99999546666697
45.98747799999546	26.0
46.09682299999986	26.0
48.40609399997629	26.0
50.71367600001395	86.00005160003096
50.86214699991979	86.00005160003096
51.559441999997944	86.00005160003096
52.25753199995961	186.9997756002693
52.40187399997376	186.9997756002693
52.721508999937214	186.9997756002693
53.04396299994551	186.9997756002693
53.36417399998754	186.9997756002693
53.68527399993036	186.9997756002693
54.00694099999964	186.9997756002693
54.32628899998963	186.9997756002693
54.6472589999903	186.9997756002693
54.96765699994285	186.9997756002693
55.28868200001307	186.9997756002693
55.60886599996593	186.9997756002693
55.929861999931745	186.9997756002693
56.25195499998517	103.0000480666891
56.51105099997949	103.0000480666891
57.09368900000118	103.0000480666891
57.67640699993353	103.0000480666891
58.2578499999363	98.99993565004183
58.27109499997459	98.99993565004183
58.87785199994687	98.99993565004183
59.48404599993955	98.99993565004183
60.08912199991755	98.99993565004183
60.69762799993623	98.99993565004183
61.30204999994021	98.99993565004183
61.907300999970175	98.99993565004183
62.51491199992597	39.0
63.388322999933735	39.0
64.926885999972	177.99981606685674
65.17179599998053	177.99981606685674
65.5095769999316	177.99981606685674
65.8457809999818	177.99981606685674
66.18271899991669	177.99981606685674
66.52047499991022	177.99981606685674
66.857491999981	177.99981606685674
67.19650999992155	177.99981606685674
67.53232999995816	177.99981606685674
67.867988999933	177.99981606685674
68.20650199998636	154.000154000154
68.24537399993278	154.000154000154
68.6373939999612	154.000154000154
69.02661399997305	154.000154000154
69.4154339999659	154.000154000154
69.80556100001559	154.000154000154
70.19318699999712	206.0
70.42961999995168	206.0
70.72033099993132	206.0
71.01294399995822	206.0
71.30458200001158	206.0
71.59611199994106	206.0
71.88742699997965	206.0
72.17670399998315	206.0
72.46817699994426	206.0
72.75936499994714	206.0
73.05115899990778	206.0
73.34145599999465	206.0
73.63422299991362	206.0
73.92563899990637	206.0
74.21821500000078	201.999798000202
74.22100599994883	201.999798000202
74.51734899997246	201.999798000202
74.81616499996744	201.999798000202
75.11244499997701	201.999798000202
75.40893099992536	201.999798000202
75.70591000001878	201.999798000202
76.00290899991523	201.999798000202
76.29981200001203	57.999986466669824
77.12067500001285	57.999986466669824
78.15429500001483	57.999986466669824
79.18961399991531	57.999986466669824
80.2256809999235	30.99999793333347
80.44876900000963	30.99999793333347
82.3869110000087	213.00010650005325
82.59639299998526	213.00010650005325
82.87781199999154	213.00010650005325
83.1594969999278	213.00010650005325
83.44140799995512	213.00010650005325
83.72414900001604	213.00010650005325
84.00352399994154	213.00010650005325
84.28675400000066	213.00010650005325
84.56737800000701	213.00010650005325
84.84987599996384	213.00010650005325
85.13082199997734	213.00010650005325
85.41350899997633	213.00010650005325
85.69484299991746	213.00010650005325
85.9753329999512	213.00010650005325
86.25738600001205	23.0
88.53656099992804	175.00007291669704
88.74403199995868	175.00007291669704
89.0878279999597	175.00007291669704
89.43045699992217	175.00007291669704
89.77459599997383	175.00007291669704
90.11672499997076	175.00007291669704
90.45897799998056	175.00007291669704
90.80207599990536	175.00007291669704
91.14564299990889	175.00007291669704
91.48753199994098	175.00007291669704
91.83148900000378	175.00007291669704
92.17526199994609	120.99994353335968
92.25226799992379	120.99994353335968
92.74932499998249	120.99994353335968
93.24434299999848	120.99994353335968
93.74016699998174	120.99994353335968
94.23718199995346	128.0
94.6917549999198	128.0
95.16049299994484	128.0
95.62923500000034	128.0
96.09757199999876	128.0
96.56599999999162	128.0
97.03561499994248	128.0
97.50331800000276	128.0
97.97412599995732	128.0
98.44101299997419	122.0000691333725
98.46363499993458	122.0000691333725
98.95690399990417	122.0000691333725
99.44626699993387	122.0000691333725
99.93832700001076	122.0000691333725
100.43016499991063	73.99998273333736
100.70818899990991	73.99998273333736
101.51979599997867	73.99998273333736
102.33126100001391	73.99998273333736
103.14173499995377	73.99998273333736
103.95261499995831	73.99998273333736
104.7645139999222	104.00001386666851
105.12148099998012	104.00001386666851
105.69770599994808	104.00001386666851
106.27586099994369	40.0
106.70922700001393	40.0
108.20914299995638	40.0
109.70928099995945	40.0
111.2090549999848	208.0
111.39519399998244	208.0
111.68502500001341	208.0
111.97244099993259	208.0
112.26063399994746	26.000003466667128
114.0069759999169	26.000003466667128
116.31531999993604	61.99999586666694
117.10739799996372	61.99999586666694
118.07590499997605	34.0
118.1269499999471	34.0
119.88991199992597	34.0
121.6551159999799	34.0
123.41980199993122	138.9998957500782
123.65743499994278	138.9998957500782
124.08948299998883	138.9998957500782
124.52232999994885	128.0
124.56525599991437	128.0
125.03400999994483	128.0
125.50162100000307	128.0
125.96933200000785	128.0
126.43874099990353	128.0
126.90711199992802	128.0
127.37790999992285	128.0
127.84662199998274	128.0
128.3144359999569	126.99998518333506
128.31542499992065	126.99998518333506
128.78897799993865	126.99998518333506
129.26146900001913	126.99998518333506
129.7353759999387	126.99998518333506
130.2068079999881	187.99996240000752
130.46788699994795	187.99996240000752
130.78736899991054	187.99996240000752
131.1059879999375	187.99996240000752
131.4256029999815	187.99996240000752
131.74402499990538	187.99996240000752
132.0640489999205	187.99996240000752
132.38306999998167	187.99996240000752
132.70147400000133	187.99996240000752
133.02029399992898	187.99996240000752
133.3401039999444	187.99996240000752
133.65951999998651	187.99996240000752
133.97842199995648	187.99996240000752
134.29674499994144	125.0
134.43113899999298	125.0
134.90988799999468	125.0
135.39026699995156	125.0
135.8700349999126	125.0
136.3504129999783	64.0
136.65770899993367	64.0
137.5945439999923	64.0
138.53119399992283	64.0
139.46802699996624	64.0
140.40696499997284	46.99999060000188
140.53935500001535	46.99999060000188
141.81533000001218	46.99999060000188
143.09153799992055	46.99999060000188
144.36894199997187	46.99999060000188


0.016256999922916293	120.0
0.5006099999882281	120.0
1.0004279999993742	120.0
1.50257699994836	120.0
2.0017949999310076	120.0
2.5018050000071526	120.0
3.0009079999290407	120.0
3.501151999924332	120.0
4.001646999968216	120.0
4.500846999930218	120.0
5.002151999971829	120.0
5.501533999922685	120.0
6.000269999960437	120.0
6.501596999936737	120.0
7.000951999914832	120.0
7.500911999959499	120.0
8.00189600000158	120.0
8.50158299994655	120.0
9.00078699993901	120.0
9.500973999965936	120.0
10.001885999925435	120.0
10.500401999917813	120.0
11.000408999971114	120.0
11.501747999922372	120.0
12.000675000017509	120.0
12.500298999948427	120.0
13.001026000012644	120.0
13.501919999951497	120.0
14.001140999956988	196.9996946504733
14.263235999969766	196.9996946504733
14.567515000002459	196.9996946504733
14.87273699999787	196.9996946504733
15.17574199999217	196.9996946504733
15.481302000000142	196.9996946504733
15.787590999971144	196.9996946504733
16.08994699991308	91.99998773333498
16.31678999995347	91.99998773333498
16.969081999966875	91.99998773333498
17.62200699991081	91.99998773333498
18.274788999930024	91.99998773333498
18.926353999995627	91.99998773333498
19.5773179999087	91.99998773333498
20.230864999932237	75.99996960001216
20.300998999970034	75.99996960001216
21.090178999933414	75.99996960001216
21.879421999910846	75.99996960001216
22.668826999957673	97.9999836666694
23.106696999981068	97.9999836666694
23.719173999968916	97.9999836666694
24.332903999951668	97.9999836666694
24.943084999918938	97.9999836666694
25.557403999962844	97.9999836666694
26.169264999916777	24.0
27.021873999969102	24.0
29.522385999909602	185.99979540022505
29.723646999918856	185.99979540022505
30.045335999922827	185.99979540022505
30.367312000016682	185.99979540022505
30.690202999976464	185.99979540022505
31.012427999987267	185.99979540022505
31.337288999930024	185.99979540022505
31.65757299994584	185.99979540022505
31.981147999991663	101.00006901671382
32.04321999999229	101.00006901671382
32.63789299991913	101.00006901671382
33.230026999954134	101.00006901671382
33.826191999949515	101.00006901671382
34.418624999932945	142.0000710000355
34.69317099999171	142.0000710000355
35.11630699993111	142.0000710000355
35.537607999984175	142.0000710000355
35.96016499993857	142.0000710000355
36.38371600001119	142.0000710000355
36.80685299995821	142.0000710000355
37.227768999990076	142.0000710000355
37.650543999974616	142.0000710000355
38.07253199990373	76.99997818333952
38.20878599991556	76.99997818333952
38.98756199993659	76.99997818333952
39.7675899999449	76.99997818333952
40.54692599992268	21.99999780000022
42.133724999963306	21.99999780000022
44.86057199991774	67.99999546666697
45.106455000001006	67.99999546666697
45.988419999950565	26.000003466667128
46.09743899991736	26.000003466667128
48.40610999998171	26.000003466667128
50.71367600001395	86.00005160003096
50.862435999908485	86.00005160003096
51.559441999997944	86.00005160003096
52.25719499995466	186.9997756002693
52.40156499994919	186.9997756002693
52.721183000016026	186.9997756002693
53.04367699997965	186.9997756002693
53.363942999974824	186.9997756002693
53.68560799991246	186.9997756002693
54.006534999934956	186.9997756002693
54.32659299997613	186.9997756002693
54.64662299992051	186.9997756002693
54.96825199993327	186.9997756002693
55.28822499990929	186.9997756002693
55.60996599995997	186.9997756002693
55.9300289999228	186.9997756002693
56.25175799999852	103.0000480666891
56.51073899993207	103.0000480666891
57.09338500001468	103.0000480666891
57.67607899999712	103.0000480666891
58.25750999990851	99.0
58.27077499998268	99.0
58.87753599998541	99.0
59.484373999992386	99.0
60.08944100001827	99.0
60.69703199993819	99.0
61.302396999904886	99.0
61.90793499990832	99.0
62.515498999971896	38.99998830000351
63.38892599998508	38.99998830000351
64.92719399998896	177.99981606685674
65.17164600000251	177.99981606685674
65.50913399993442	177.99981606685674
65.8460549999727	177.99981606685674
66.18302899994887	177.99981606685674
66.52025699999649	177.99981606685674
66.85720600001514	177.99981606685674
67.19588599994313	177.99981606685674
67.5320429999847	177.99981606685674
67.86867499991786	177.99981606685674
68.2067869999446	154.000154000154
68.24594299995806	154.000154000154
68.63774299994111	154.000154000154
69.02626800001599	154.000154000154
69.41549499996472	154.000154000154
69.80556100001559	154.000154000154
70.19318699999712	206.0000961333782
70.42901600000914	206.0000961333782
70.72033099993132	206.0000961333782
71.01262799999677	206.0000961333782
71.30425499996636	206.0000961333782
71.5960549999727	206.0000961333782
71.88781300000846	206.0000961333782
72.17705399997067	206.0000961333782
72.46788599994034	206.0000961333782
72.76000100001693	206.0000961333782
73.05085100000724	206.0000961333782
73.34116499999072	206.0000961333782
73.63451100001112	206.0000961333782
73.92503499996383	206.0000961333782
74.21746999991592	202.0
74.2207299999427	202.0
74.51774599996861	202.0
74.81646699993871	202.0
75.11311299994122	202.0
75.40890299994498	202.0
75.70591000001878	202.0
76.00382099999115	202.0
76.3001969999168	57.999986466669824
77.1209749999689	57.999986466669824
78.15466399991419	57.999986466669824
79.1902429999318	57.999986466669824
80.22536799998488	30.99999793333347
80.44892799993977	30.99999793333347
82.38721299997997	213.00010650005325
82.59639299998526	213.00010650005325
82.87688999995589	213.00010650005325
83.15917699993588	213.00010650005325
83.44099799997639	213.00010650005325
83.72354999999516	213.00010650005325
84.00334599998314	213.00010650005325
84.28679899999406	213.00010650005325
84.5672069999855	213.00010650005325
84.84959200001322	213.00010650005325
85.13050600001588	213.00010650005325
85.41384399996605	213.00010650005325
85.69487799995113	213.00010650005325
85.97560299991164	213.00010650005325
86.25717999995686	22.999996933333744
88.53656099992804	175.00007291669704
88.74491699994542	175.00007291669704
89.08798399998341	175.00007291669704
89.43027000001166	175.00007291669704
89.77503000001889	175.00007291669704
90.11651199997868	175.00007291669704
90.45897799998056	175.00007291669704
90.80115600000136	175.00007291669704
91.1455839999253	175.00007291669704
91.48692799999844	175.00007291669704
91.83119900000747	175.00007291669704
92.17496400000528	120.99994353335968
92.25283299991861	120.99994353335968
92.75022199994419	120.99994353335968
93.24514199991245	120.99994353335968
93.7398529999191	120.99994353335968
94.23712299996987	128.0
94.69145899999421	128.0
95.16049299994484	128.0
95.62892299995292	128.0
96.09742799995001	128.0
96.56589099997655	128.0
97.03588999994099	128.0
97.50374800001737	128.0
97.97351299994625	128.0
98.44133499998134	122.0000691333725
98.46394899999723	122.0000691333725
98.95675199991092	122.0000691333725
99.44656700000633	122.0000691333725
99.93897199991625	122.0000691333725
100.43077599990647	73.99998273333736
100.70793899998534	73.99998273333736
101.5200799999293	73.99998273333736
102.33059299993329	73.99998273333736
103.14205499994569	73.99998273333736
103.95229599997401	73.99998273333736
104.76383299997542	104.00001386666851
105.12116999994032	104.00001386666851
105.69741499994416	104.00001386666851
106.27617399999872	40.0
106.70922700001393	40.0
108.20900099992286	40.0
109.70975799998268	40.0
111.20976999995764	207.99966720053249
111.39487499999814	207.99966720053249
111.68467099999543	207.99966720053249
111.97272799990606	207.99966720053249
112.26032200001646	26.000003466667128
114.0107709999429	26.000003466667128
116.31489099992905	61.99999586666694
117.10768799996004	61.99999586666694
118.07633599999826	33.99999773333349
118.12721099995542	33.99999773333349
119.88959699997213	33.99999773333349
121.65514199994504	33.99999773333349
123.4201409999514	139.0
123.65777599997818	139.0
124.08950000000186	139.0
124.52036799991038	128.0
124.5649089999497	128.0
125.0339929999318	128.0
125.50197699991986	128.0
125.9706339999102	128.0
126.43914099992253	128.0
126.90737999998964	128.0
127.37757499993313	128.0
127.84669599996414	128.0
128.31491199997254	126.99998518333506
128.78817099996377	126.99998518333506
129.26183400000446	126.99998518333506
129.7350800000131	126.99998518333506
130.20658299990464	187.99996240000752
130.46755399997346	187.99996240000752
130.78707399999257	187.99996240000752
131.10638999997173	187.99996240000752
131.42601599998306	187.99996240000752
131.74402499990538	187.99996240000752
132.06448399997316	187.99996240000752
132.38309599994682	187.99996240000752
132.70150700001977	187.99996240000752
133.02036600001156	187.99996240000752
133.340383999981	187.99996240000752
133.65827799995895	187.99996240000752
133.97768799995538	187.99996240000752
134.2964149999898	125.0
134.4305329999188	125.0
134.909348999965	125.0
135.3899429999292	125.0
135.8703969999915	125.0
136.35009600000922	64.0
136.65751199994702	64.0
137.5942629999481	64.0
138.53052099992055	64.0
139.46771100000478	64.0
140.40668399992865	46.99999060000188
140.53920599992853	46.99999060000188
141.81533799995668	46.99999060000188
143.09152199991513	46.99999060000188
144.36892099992838	46.99999060000188


1.074631999945268	120.0
1.57175699993968	120.0
1.646589000010863	120.0
1.7940940000116825	120.0
2.0889859999297187	120.0
2.500607999972999	120.0
3.0012869999045506	120.0
3.5019049999536946	120.0
4.001448999973945	120.0
4.50215999991633	120.0
5.002115999930538	120.0
5.502235999912955	120.0
6.000230000005104	120.0
6.501839999924414	120.0
7.004995999974199	120.0
7.501046999939717	120.0
8.002220999915153	120.0
8.500769999925978	120.0
9.000802999944426	120.0
9.500935999909416	120.0
10.001900999923237	120.0
10.50065399997402	120.0
11.000782999908552	120.0
11.501883000019006	120.0
12.000915999989957	120.0
12.500855999998748	120.0
13.00179999996908	120.0
13.501613999949768	120.0
14.001678999979049	196.9996946504733
14.263498999993317	196.9996946504733
14.567515000002459	196.9996946504733
14.873018999933265	196.9996946504733
15.176362999947742	196.9996946504733
15.480984999914654	196.9996946504733
15.787482999963686	196.9996946504733
16.09057599992957	91.99998773333498
16.316493999911472	91.99998773333498
16.969081999966875	91.99998773333498
17.62231999996584	91.99998773333498
18.275476999930106	91.99998773333498
18.92568699992262	91.99998773333498
19.57794499990996	91.99998773333498
20.2304909999948	75.99996960001216
20.30068400001619	75.99996960001216
21.090499999932945	75.99996960001216
21.879760999931023	75.99996960001216
22.669141999911517	97.9999836666694
23.106387999956496	97.9999836666694
23.719484000001103	97.9999836666694
24.332562999916263	97.9999836666694
24.943196999956854	97.9999836666694
25.558062999974936	97.9999836666694
26.16935400001239	24.0
27.021873999969102	24.0
29.522385999909602	185.99979540022505
29.723200000007637	185.99979540022505
30.045341999968514	185.99979540022505
30.367659999988973	185.99979540022505
30.690492999972776	185.99979540022505
31.012427999987267	185.99979540022505
31.337566999951378	185.99979540022505
31.658096999977715	185.99979540022505
31.980702999979258	101.00006901671382
32.042914999998175	101.00006901671382
32.63789299991913	101.00006901671382
33.22999399993569	101.00006901671382
33.826507000019774	101.00006901671382
34.4192289999919	142.0
34.69317099999171	142.0
35.11600299994461	142.0
35.537892999942414	142.0
35.96016499993857	142.0
36.38331599999219	142.0
36.806878999923356	142.0
37.22716499993112	142.0
37.65036899992265	142.0
38.07253199990373	76.99997818333952
38.20909199991729	76.99997818333952
38.98788099992089	76.99997818333952
39.76821100001689	76.99997818333952
40.546587999910116	21.99999780000022
42.13328499998897	21.99999780000022
44.860823999973945	67.99999546666697
45.10667599993758	67.99999546666697
45.98713799996767	26.000003466667128
46.097104999935254	26.000003466667128
48.406417999998666	26.000003466667128
50.7142809999641	86.0
50.8618359999964	86.0
51.559758999967016	86.0
52.25779999990482	186.9997756002693
52.40187399997376	186.9997756002693
52.72183099994436	186.9997756002693
53.04367699997965	186.9997756002693
53.36356799991336	186.9997756002693
53.68589899991639	186.9997756002693
54.006626999937	186.9997756002693
54.325981999980286	186.9997756002693
54.64694100001361	186.9997756002693
54.96797100000549	186.9997756002693
55.28884599998128	186.9997756002693
55.60939899994992	186.9997756002693
55.92958799994085	186.9997756002693
56.25171799992677	103.0000480666891
56.511076999944635	103.0000480666891
57.093341999920085	103.0000480666891
57.67640699993353	103.0000480666891
58.2578499999363	98.99993565004183
58.27078999998048	98.99993565004183
58.87753599998541	98.99993565004183
59.484373999992386	98.99993565004183
60.0897620000178	98.99993565004183
60.69732599996496	98.99993565004183
61.30269599996973	98.99993565004183
61.90765700000338	98.99993565004183
62.51522099995054	38.99998830000351
63.38863900001161	38.99998830000351
64.92609399999492	177.99981606685674
65.17183299991302	177.99981606685674
65.5094369999133	177.99981606685674
65.846344999969	177.99981606685674
66.18329999991693	177.99981606685674
66.52066099992953	177.99981606685674
66.85720600001514	177.99981606685674
67.19625799998175	177.99981606685674
67.5320429999847	177.99981606685674
67.86834199994337	177.99981606685674
68.20650199998636	154.000154000154
68.24563699995633	154.000154000154
68.63742099993397	154.000154000154
69.02658700000029	154.000154000154
69.41578899999149	154.000154000154
69.80591399990954	154.000154000154
70.19339699996635	206.0000961333782
70.42933399998583	206.0000961333782
70.72064600000158	206.0000961333782
71.01294399995822	206.0000961333782
71.30458200001158	206.0000961333782
71.59574699995574	206.0000961333782
71.88808999990579	206.0000961333782
72.17642499995418	206.0000961333782
72.46788599994034	206.0000961333782
72.75970599998254	206.0000961333782
73.05118399998173	206.0000961333782
73.34164899995085	206.0000961333782
73.63389399996959	206.0000961333782
73.92503499996383	206.0000961333782
74.21751599991694	201.999798000202
74.22039699996822	201.999798000202
74.51768499996979	201.999798000202
74.81649200001266	201.999798000202
75.11275899992324	201.999798000202
75.40920899994671	201.999798000202
75.70560799993109	201.999798000202
76.00273299997207	201.999798000202
76.30005600000732	57.999986466669824
77.12095899996348	57.999986466669824
78.15506099991035	57.999986466669824
79.18993999995291	57.999986466669824
80.22539399995003	30.99999793333347
80.4488489999203	30.99999793333347
82.38656599994283	213.0
82.59608099993784	213.0
82.87755999993533	213.0
83.1594969999278	213.0
83.44179299997631	213.0
83.723864999949	213.0
84.00379499990959	213.0
84.28735100000631	213.0
84.56714800000191	213.0
84.84959200001322	213.0
85.13173699995968	213.0
85.41384399996605	213.0
85.69506900000852	213.0
85.97593199997209	213.0
86.25761099997908	22.999996933333744
88.53696900000796	175.00007291669704
88.74503699992783	175.00007291669704
89.08864500001073	175.00007291669704
89.43096699996386	175.00007291669704
89.77455299999565	175.00007291669704
90.11620499996934	175.00007291669704
90.45959300000686	175.00007291669704
90.80809499998577	175.00007291669704
91.14594299998134	175.00007291669704
91.48695399996359	175.00007291669704
91.83119900000747	175.00007291669704
92.17507499991916	120.99994353335968
92.25220799993258	120.99994353335968
92.74792200000957	120.99994353335968
93.24434299999848	120.99994353335968
93.74023799994029	120.99994353335968
94.23742399993353	128.0
94.69203899998683	128.0
95.1601789999986	128.0
95.62951699993573	128.0
96.09772399999201	128.0
96.56615699990653	128.0
97.03617899992969	128.0
97.50395699997898	128.0
97.9738420000067	128.0
98.44138999993447	122.0
98.46394899999723	122.0
98.95643999997992	122.0
99.44596199993975	122.0
99.93872699991334	122.0
100.43047099991236	73.99998273333736
100.70841600000858	73.99998273333736
101.51948299992364	73.99998273333736
102.33096799999475	73.99998273333736
103.14234199991915	73.99998273333736
103.95290099992417	73.99998273333736
104.76416399993468	104.00001386666851
105.12150599993765	104.00001386666851
105.6971069999272	104.00001386666851
106.27586099994369	40.0
106.70889000000898	40.0
108.20870299998205	40.0
109.70896899991203	40.0
111.20907400001306	207.99966720053249
111.3949699999066	207.99966720053249
111.68435100000352	207.99966720053249
111.9721229999559	207.99966720053249
112.26073699991684	26.000003466667128
114.00690299994312	26.000003466667128
116.31518799997866	61.99999586666694
117.10708099999465	61.99999586666694
118.07590499997605	33.99999773333349
118.12698199995793	33.99999773333349
119.89021699992009	33.99999773333349
121.65542600001208	33.99999773333349
123.4201409999514	138.9998957500782
123.65774799999781	138.9998957500782
124.08977099996991	138.9998957500782
124.52259099995717	128.0
124.56549900001846	128.0
125.03368599992245	128.0
125.50220799993258	128.0
125.97025000001304	128.0
126.43934499996249	128.0
126.90742099995259	128.0
127.37819199997466	128.0
127.84631399996579	128.0
128.31564199994318	126.99998518333506
128.7916509999195	126.99998518333506
129.26212999993004	126.99998518333506
129.7351689999923	126.99998518333506
130.20650899992324	188.0
130.4675799999386	188.0
130.78796899993904	188.0
131.1062999999849	188.0
131.42631999996956	188.0
131.7443140000105	188.0
132.06499599991366	188.0
132.38335699995514	188.0
132.7012939999113	188.0
133.01990499999374	188.0
133.33978799998295	188.0
133.6589410000015	188.0
133.978446999914	188.0
134.29671799996868	125.0
134.4308510000119	125.0
134.90962399996351	125.0
135.39057599997614	125.0
135.87074699997902	125.0
136.35048299992923	64.0
136.6574140000157	64.0
137.5942629999481	64.0
138.53052099992055	64.0
139.4677270000102	64.0
140.40668399992865	47.0
140.53910499997437	47.0
141.8156429999508	47.0
143.0918299999321	47.0
144.36929599998984	47.0


0.9824119999539107	120.0
1.469914999906905	120.0
1.5020139999687672	120.0
2.0021039999555796	120.0
2.501300000003539	120.0
3.0009819999104366	120.0
3.501549999928102	120.0
4.001233999966644	120.0
4.501242999918759	120.0
5.002503999974579	120.0
5.50186700001359	120.0
6.000445999903604	120.0
6.502056999946944	120.0
7.000276000006124	120.0
7.500669999979436	120.0
8.002112000016496	120.0
8.501179999904707	120.0
9.00056700001005	120.0
9.501395999919623	120.0
10.001565999933518	120.0
10.500727999955416	120.0
11.000806999974884	120.0
11.502061999985017	120.0
12.001063999952748	120.0
12.500621999963187	120.0
13.001429999945685	120.0
13.502210999955423	120.0
14.001501999911852	196.9996946504733
14.263621999998577	196.9996946504733
14.567828999948688	196.9996946504733
14.872420999919996	196.9996946504733
15.176061999984086	196.9996946504733
15.480984999914654	196.9996946504733
15.787188999936916	196.9996946504733
16.090285999933258	91.99998773333498
16.316477999906056	91.99998773333498
16.969400999951176	91.99998773333498
17.62231999996584	91.99998773333498
18.27510899992194	91.99998773333498
18.926046999986283	91.99998773333498
19.577636000001803	91.99998773333498
20.231148999999277	75.99996960001216
20.300998999970034	75.99996960001216
21.090178999933414	75.99996960001216
21.879760999931023	75.99996960001216
22.669491000007838	97.9999836666694
23.1067139999941	97.9999836666694
23.719731999910437	97.9999836666694
24.331342999939807	97.9999836666694
24.94284199993126	97.9999836666694
25.557710999972187	97.9999836666694
26.16872999991756	24.0
27.021563999936916	24.0
29.521971000009216	186.0
29.723200000007637	186.0
30.045043999911286	186.0
30.367563999956474	186.0
30.690813999972306	186.0
31.012852999963798	186.0
31.337218999979086	186.0
31.657598999910988	186.0
31.981105000013486	101.00006901671382
32.04352999990806	101.00006901671382
32.63759099994786	101.00006901671382
33.23074199992698	101.00006901671382
33.826808999991044	101.00006901671382
34.418943999917246	142.0000710000355
34.69345899997279	142.0000710000355
35.116350999916904	142.0000710000355
35.537292999913916	142.0000710000355
35.96049799991306	142.0000710000355
36.384057999937795	142.0000710000355
36.8074899999192	142.0000710000355
37.227478999993764	142.0000710000355
37.6502389999805	142.0000710000355
38.07297599990852	76.99997818333952
38.209227999905124	76.99997818333952
38.98797699995339	76.99997818333952
39.767896999954246	76.99997818333952
40.54733600001782	22.0
42.13297299994156	22.0
44.86075399990659	68.0
45.10605800000485	68.0
45.98761299997568	68.0
46.87001299997792	26.000003466667128
48.40671000001021	26.000003466667128
50.713993999990635	86.00005160003096
50.86214699991979	86.00005160003096
51.560052999993786	86.00005160003096
52.257505999994464	186.9997756002693
52.402184000005946	186.9997756002693
52.72158299991861	186.9997756002693
53.04336000001058	186.9997756002693
53.36356799991336	186.9997756002693
53.68527399993036	186.9997756002693
54.006975999916904	186.9997756002693
54.32648499996867	186.9997756002693
54.64694100001361	186.9997756002693
54.96797100000549	186.9997756002693
55.28854300000239	186.9997756002693
55.60969999991357	186.9997756002693
55.92981799994595	186.9997756002693
56.25195499998517	103.0
56.51075499993749	103.0
57.093645999906585	103.0
57.67668399994727	103.0
58.25753999990411	98.99993565004183
58.27109499997459	98.99993565004183
58.87813600001391	98.99993565004183
59.48405400000047	98.99993565004183
60.08912199991755	98.99993565004183
60.69708999991417	98.99993565004183
61.30243599996902	98.99993565004183
61.90765700000338	98.99993565004183
62.51495499990415	38.99998830000351
63.388322999933735	38.99998830000351
64.92602499993518	177.99981606685674
65.17134200001601	177.99981606685674
65.50919399992563	177.99981606685674
65.8461149999639	177.99981606685674
66.18300299998373	177.99981606685674
66.52025699999649	177.99981606685674
66.85687399993185	177.99981606685674
67.19595899991691	177.99981606685674
67.53169899992645	177.99981606685674
67.86851399997249	177.99981606685674
68.2061569999205	154.000154000154
68.24531499994919	154.000154000154
68.63804899994284	154.000154000154
69.02632399997674	154.000154000154
69.41603899991605	154.000154000154
69.80619799997658	154.000154000154
70.19339699996635	206.0000961333782
70.42933399998583	206.0000961333782
70.72093199996743	206.0000961333782
71.01323199993931	206.0000961333782
71.30425499996636	206.0000961333782
71.59635499992874	206.0000961333782
71.88742699997965	206.0000961333782
72.17688699997962	206.0000961333782
72.46755299996585	206.0000961333782
72.75936499994714	206.0000961333782
73.05085100000724	206.0000961333782
73.341141999932	206.0000961333782
73.63422299991362	206.0000961333782
73.92534899991006	206.0000961333782
74.21796099992935	201.999798000202
74.22070499998517	201.999798000202
74.51798599993344	201.999798000202
74.81677499995567	201.999798000202
75.11251499992795	201.999798000202
75.40858699998353	201.999798000202
75.70559199992567	201.999798000202
76.003423999995	58.0
76.08646499994211	58.0
77.12125999992713	58.0
78.1542490000138	58.0
79.19044499995653	58.0
80.22598599991761	30.99999793333347
80.44858099997509	30.99999793333347
82.38656599994283	213.00010650005325
82.59608099993784	213.00010650005325
82.87810199998785	213.00010650005325
83.15917699993588	213.00010650005325
83.44099799997639	213.00010650005325
83.72354999999516	213.00010650005325
84.00336099998094	213.00010650005325
84.28708199993707	213.00010650005325
84.56691199995112	213.00010650005325
84.8491689999355	213.00010650005325
85.13197699992452	213.00010650005325
85.41414899996016	213.00010650005325
85.69527999998536	213.00010650005325
85.97560299991164	213.00010650005325
86.25713399995584	22.999996933333744
88.53733600000851	175.0
88.7443159999093	175.0
89.0868129999144	175.0
89.43084799998906	175.0
89.774267999921	175.0
90.11635699996259	175.0
90.45928800001275	175.0
90.80105100001674	175.0
91.14621599996462	175.0
91.48724499996752	175.0
91.83085099991877	175.0
92.17451299994718	121.0
92.25252500001807	121.0
92.74823799997102	121.0
93.24468799994793	121.0
93.74046200001612	121.0
94.23773900000378	128.0
94.6917549999198	128.0
95.16077600000426	128.0
95.62923500000034	128.0
96.09712699998636	128.0
96.56558199995197	128.0
97.03556899994146	128.0
97.50333400000818	128.0
97.97387099999469	128.0
98.44101299997419	122.0000691333725
98.46363499993458	122.0000691333725
98.9570469999453	122.0000691333725
99.44630700000562	122.0000691333725
99.93834399990737	122.0000691333725
100.43049900000915	73.99998273333736
100.70830299996305	73.99998273333736
101.51979599997867	73.99998273333736
102.33096799999475	73.99998273333736
103.14173499995377	73.99998273333736
103.95261499995831	73.99998273333736
104.76385999994818	104.0
105.12176299991552	104.0
105.6970919999294	104.0
106.27645399991889	40.0
106.70951499999501	40.0
108.20930499990936	40.0
109.70928099995945	40.0
111.20947499992326	207.99966720053249
111.39445899997372	207.99966720053249
111.68403599993326	207.99966720053249
111.97244099993259	207.99966720053249
112.26093499991111	26.000003466667128
114.0080499999458	26.000003466667128
116.31489099992905	61.99999586666694
117.10708099999465	61.99999586666694
118.07612300000619	33.99999773333349
118.1271279999055	33.99999773333349
119.88959699997213	33.99999773333349
121.6548049999401	33.99999773333349
123.42056699993555	138.9998957500782
123.65803399996366	138.9998957500782
124.08912000001874	128.0
124.09452699997928	128.0
124.56492499995511	128.0
125.03368599992245	128.0
125.50190599996131	128.0
125.96964099991601	128.0
126.4390569999814	128.0
126.90680399991106	128.0
127.37757499993313	128.0
127.84702300000936	128.0
128.31505699991249	126.99998518333506
128.79008800000884	126.99998518333506
129.26180500001647	126.99998518333506
129.73483799991664	126.99998518333506
130.20619599998463	187.99996240000752
130.46724399994127	187.99996240000752
130.78772499994375	187.99996240000752
131.10658699995838	187.99996240000752
131.42599799996242	187.99996240000752
131.7437069999287	187.99996240000752
132.06445299996994	187.99996240000752
132.38274799997453	187.99996240000752
132.70163299993146	187.99996240000752
133.02076599991415	187.99996240000752
133.3401039999444	187.99996240000752
133.6590139999753	187.99996240000752
133.9777129999129	187.99996240000752
134.2964149999898	125.0
134.4305329999188	125.0
134.90936699998565	125.0
135.3899429999292	125.0
135.8700349999126	125.0
136.35072899993975	64.0
136.65712999994867	64.0
137.5939500000095	64.0
138.5309089999646	64.0
139.4673939999193	64.0
140.4063619999215	46.99999060000188
140.538780999952	46.99999060000188
141.81567099993117	46.99999060000188
143.09178999997675	46.99999060000188
144.36853199999314	46.99999060000188


0.6736459999810904	120.0
1.1664359999122098	120.0
1.5017029999289662	120.0
2.002386000007391	120.0
2.5020999999251217	120.0
3.000597000005655	120.0
3.501151999924332	120.0
4.001448999973945	120.0
4.500846999930218	120.0
5.001710999989882	120.0
5.501533999922685	120.0
6.007336999988183	120.0
6.501640999922529	120.0
7.004037000006065	120.0
7.500429000006989	120.0
8.00161899998784	120.0
8.500769999925978	120.0
9.000276000006124	120.0
9.501566999941133	120.0
10.00160199997481	120.0
10.500941999955103	120.0
11.000408999971114	120.0
11.502177999936976	120.0
12.000581000000238	120.0
12.500855999998748	120.0
13.001429999945685	120.0
13.50195999990683	120.0
14.001393999904394	196.9996946504733
14.263780999928713	196.9996946504733
14.568107999977656	196.9996946504733
14.87273699999787	196.9996946504733
15.176061999984086	196.9996946504733
15.481302000000142	196.9996946504733
15.787205999949947	196.9996946504733
16.090285999933258	92.0
16.316815999918617	92.0
16.969400999951176	92.0
17.62200699991081	92.0
18.274868999957107	92.0
18.92568699992262	92.0
19.57729099993594	92.0
20.2304909999948	76.0
20.30068400001619	76.0
21.090499999932945	76.0
21.879421999910846	76.0
22.669141999911517	97.9999836666694
23.106997999944724	97.9999836666694
23.71950599993579	97.9999836666694
24.331429000012577	97.9999836666694
24.94276899995748	97.9999836666694
25.55775299994275	97.9999836666694
26.168848000001162	24.0
27.021563999936916	24.0
29.52269199991133	185.99979540022505
29.7238570000045	185.99979540022505
30.045552999945357	185.99979540022505
30.367802999913692	185.99979540022505
30.690523999975994	185.99979540022505
31.01267999992706	185.99979540022505
31.336859999923036	185.99979540022505
31.657973999972455	185.99979540022505
31.980702999979258	101.0
32.04289299994707	101.0
32.63819099997636	101.0
33.23037100001238	101.0
33.826507000019774	101.0
34.418943999917246	142.0000710000355
34.692852000007406	142.0000710000355
35.11600299994461	142.0000710000355
35.537292999913916	142.0000710000355
35.959851999999955	142.0000710000355
36.38331599999219	142.0000710000355
36.807182999909855	142.0000710000355
37.22716499993112	142.0000710000355
37.64991499995813	142.0000710000355
38.072222999995574	76.99997818333952
38.209396999911405	76.99997818333952
38.98816700000316	76.99997818333952
39.767896999954246	76.99997818333952
40.54663399991114	21.99999780000022
42.13297299994156	21.99999780000022
44.860339000006206	67.99999546666697
45.10638199991081	67.99999546666697
45.98790499998722	26.000003466667128
46.09679500001948	26.000003466667128
48.4064350000117	26.000003466667128
50.713993999990635	86.00005160003096
50.8618359999964	86.00005160003096
51.559758999967016	86.00005160003096
52.25719499995466	187.0
52.40156499994919	187.0
52.721183000016026	187.0
53.04336000001058	187.0
53.36390599992592	187.0
53.68560799991246	187.0
54.00732099998277	187.0
54.32615899993107	187.0
54.64662299992051	187.0
54.96765699994285	187.0
55.28825599991251	187.0
55.60886599996593	187.0
55.933597999974154	187.0
56.25214599992614	103.0000480666891
56.51136299991049	103.0000480666891
57.09394799999427	103.0000480666891
57.67609600001015	103.0000480666891
58.2581539999228	98.99993565004183
58.27138199994806	98.99993565004183
58.87785199994687	98.99993565004183
59.48466299998108	98.99993565004183
60.08944100001827	98.99993565004183
60.697478999965824	98.99993565004183
61.30204999994021	98.99993565004183
61.907300999970175	98.99993565004183
62.51524999993853	38.99998830000351
63.38863900001161	38.99998830000351
64.92637000000104	178.0
65.17159599997103	178.0
65.50974299991503	178.0
65.845736999996	178.0
66.18271899991669	178.0
66.52047499991022	178.0
66.85689099994488	178.0
67.19619899999816	178.0
67.53169899992645	178.0
67.86834199994337	178.0
68.20620399992913	154.0
68.2457899999572	154.0
68.63772599992808	154.0
69.02605999994557	154.0
69.4157450000057	154.0
69.80588799994439	154.0
70.19357399991713	206.0000961333782
70.42901600000914	206.0000961333782
70.72064600000158	206.0000961333782
71.01262799999677	206.0000961333782
71.30497499997728	206.0000961333782
71.59577599994373	206.0000961333782
71.88787400000729	206.0000961333782
72.17639999999665	206.0000961333782
72.46755299996585	206.0000961333782
72.75970599998254	206.0000961333782
73.05146200000308	206.0000961333782
73.3417569999583	206.0000961333782
73.63389399996959	206.0000961333782
73.92534899991006	206.0000961333782
74.2178239999339	201.999798000202
74.22039699996822	201.999798000202
74.51734899997246	201.999798000202
74.81613799999468	201.999798000202
75.11341399990488	201.999798000202
75.40858699998353	201.999798000202
75.70619299996179	201.999798000202
76.00332099990919	201.999798000202
76.29975299991202	57.999986466669824
77.12064899993129	57.999986466669824
78.1546199999284	57.999986466669824
79.18961399991531	57.999986466669824
80.22573900001589	31.0
80.44858999992721	31.0
82.38689399999566	213.00010650005325
82.59669399994891	213.00010650005325
82.87728699995205	213.00010650005325
83.15978799993172	213.00010650005325
83.44140799995512	213.00010650005325
83.72389299992938	213.00010650005325
84.00352399994154	213.00010650005325
84.28715300001204	213.00010650005325
84.5669469999848	213.00010650005325
84.8491689999355	213.00010650005325
85.13090400001965	213.00010650005325
85.41350899997633	213.00010650005325
85.69518599996809	213.00010650005325
85.9753329999512	213.00010650005325
86.25744399998803	22.999996933333744
88.53696900000796	175.00007291669704
88.74448499991558	175.00007291669704
89.08706299995538	175.00007291669704
89.43065499991644	175.00007291669704
89.77424199995585	175.00007291669704
90.11682999995537	175.00007291669704
90.45931499998551	175.00007291669704
90.80192899995018	175.00007291669704
91.1459179999074	175.00007291669704
91.48724499996752	175.00007291669704
91.83085099991877	175.00007291669704
92.174469999969	120.99994353335968
92.25274399993941	120.99994353335968
92.74792200000957	120.99994353335968
93.24468799994793	120.99994353335968
93.7398529999191	120.99994353335968
94.2375549999997	128.0
94.6914429999888	128.0
95.1601789999986	128.0
95.62892299995292	128.0
96.09722200001124	128.0
96.56567199993879	128.0
97.03591599990614	128.0
97.50362799991854	128.0
97.97351299994625	128.0
98.44164599990472	122.0000691333725
98.46423799998593	122.0000691333725
98.95643999997992	122.0000691333725
99.44600699993316	122.0000691333725
99.93867099995259	122.0000691333725
100.43016499991063	74.0
100.70797499991022	74.0
101.51948299992364	74.0
102.33056799997576	74.0
103.14205499994569	74.0
103.95229599997401	74.0
104.76416399993468	104.00001386666851
105.12116999994032	104.00001386666851
105.69741499994416	104.00001386666851
106.27617399999872	40.0
106.70891899999697	40.0
108.20870299998205	40.0
109.70896899991203	40.0
111.20947499992326	207.99966720053249
111.3944429999683	207.99966720053249
111.68403599993326	207.99966720053249
111.97210699995048	207.99966720053249
112.26032200001646	26.0
114.00711299991235	26.0
116.31548999994993	62.0
117.10739799996372	62.0
118.07612300000619	62.0
119.04347899998538	33.99999773333349
119.88993999990635	33.99999773333349
121.65482099994551	33.99999773333349
123.41983099991921	138.9998957500782
123.65743499994278	138.9998957500782
124.08912000001874	128.0
124.09452699997928	128.0
124.56521199992858	128.0
125.03429300000425	128.0
125.50160399999004	128.0
125.96980399999302	128.0
126.43874099990353	128.0
126.90697999997064	128.0
127.37788499996532	128.0
127.84631399996579	128.0
128.3144359999569	127.0
128.31529800000135	127.0
128.7887209999608	127.0
129.26146900001913	127.0
129.7347679999657	127.0
130.20627199998125	187.99996240000752
130.46724399994127	187.99996240000752
130.78739800001495	187.99996240000752
131.1060619999189	187.99996240000752
131.42565899994224	187.99996240000752
131.7437069999287	187.99996240000752
132.0640489999205	187.99996240000752
132.38274799997453	187.99996240000752
132.70130499999505	187.99996240000752
133.01995799993165	187.99996240000752
133.33978799998295	187.99996240000752
133.6586899999529	187.99996240000752
133.97798999992665	187.99996240000752
134.2970229999628	125.0
134.4308510000119	125.0
134.90971799998078	125.0
135.39026699995156	125.0
135.87037000001874	125.0
136.35007099993527	64.0
136.65710499999113	64.0
137.5939500000095	64.0
138.5309089999646	64.0
139.4673939999193	64.0
140.4063619999215	46.99999060000188
140.5387369999662	46.99999060000188
141.81595299998298	46.99999060000188
143.09210199990775	46.99999060000188
144.36853199999314	46.99999060000188