0.005084999953396618	120.0
0.5012469999492168	120.0
1.003169999923557	120.0
1.5005879999371246	120.0
2.000425999984145	120.0
2.5003949999809265	120.0
3.000454999972135	120.0
3.5010550000006333	120.0
4.000256999977864	120.0
4.500874000019394	120.0
5.000617999932729	120.0
5.500612000003457	120.0
6.0004879999905825	120.0
6.500843000016175	120.0
7.001023999997415	120.0
7.502235999912955	120.0
8.000322000007145	120.0
8.500602999934927	120.0
9.00125999993179	120.0
9.500839999993332	120.0
10.000693999929354	120.0
10.500913999974728	120.0
11.00104200001806	120.0
11.500666999956593	120.0
12.000956999952905	120.0
12.500879999948665	120.0
13.000364999985322	120.0
13.500675000017509	120.0
14.00036900001578	120.0
14.50076700001955	120.0
15.000951000023633	120.0
15.500233999919146	120.0
16.001434999983758	120.0
16.501523999962956	120.0
17.000413000001572	120.0
17.50084200000856	120.0
18.000920999911614	120.0
18.50051399995573	120.0
19.000702999997884	120.0
19.500792999984697	120.0
20.00132299994584	120.0
20.501680999994278	120.0
21.001691999961622	120.0
21.50088800000958	120.0
22.000896999961697	120.0
22.50043499993626	120.0
23.00066199991852	120.0
23.501281999982893	120.0
24.00081399991177	120.0
24.502250000019558	120.0
25.00140399998054	120.0
25.50059800001327	120.0
26.000970999943092	120.0
26.500483999960124	120.0
27.001091999933124	120.0
27.50088299997151	120.0
28.00106899999082	120.0
28.501193000003695	203.99975520029375
28.65269699995406	203.99975520029375
28.94760099996347	203.99975520029375
29.239865000010468	203.99975520029375
29.53588199999649	203.99975520029375
29.830385999986902	203.99975520029375
30.123164999997243	203.99975520029375
30.41836599993985	30.0
31.935105999931693	30.0
33.934032000019215	30.0
35.93447099998593	170.0000850000425
36.24008399993181	60.0
36.38017000001855	60.0
37.38045099994633	60.0
38.381013999925926	60.0
39.37976499996148	60.0
40.383526999969035	207.0
40.51925999997184	207.0
40.80987100000493	207.0
41.09644699993078	207.0
41.38745799998287	207.0
41.67683499993291	207.0
41.96655299991835	207.0
42.25764500000514	175.00007291669704
42.2722589999903	175.00007291669704
42.61622099997476	175.00007291669704
42.958740999922156	175.00007291669704
43.3010779999895	175.00007291669704
43.64381399995182	175.00007291669704
43.98680199997034	175.00007291669704
44.32953699992504	175.00007291669704
44.67278899997473	175.00007291669704
45.0148170000175	175.00007291669704
45.36041500000283	175.00007291669704
45.70063500001561	175.00007291669704
46.043287999928	175.00007291669704
46.38670699996874	182.000182000182
46.70987599994987	182.000182000182
47.03769799997099	182.000182000182
47.367628999985754	182.000182000182
47.697561000008136	182.000182000182
48.02844199992251	182.000182000182
48.357299999915995	140.99997180000565
48.409281999920495	140.99997180000565
48.83336099993903	140.99997180000565
49.258944000001065	140.99997180000565
49.68495699996129	140.99997180000565
50.109125999966636	140.99997180000565
50.53562600002624	140.99997180000565
50.961043999996036	140.99997180000565
51.387174999923445	140.99997180000565
51.811835999949835	140.99997180000565
52.23851900000591	140.99997180000565
52.66343700001016	90.99995298335763
52.909645000007	90.99995298335763
53.56879599997774	90.99995298335763
54.22749099996872	90.99995298335763
54.88728599995375	90.99995298335763
55.54658399999607	105.99995053335641
56.06957799999509	105.99995053335641
56.63597199996002	105.99995053335641
57.20091999997385	105.99995053335641
57.76841699995566	105.99995053335641
58.33293499995489	105.99995053335641
58.899130999925546	105.99995053335641
59.46457399998326	196.9996946504733
59.66635800001677	196.9996946504733
59.970475999987684	196.9996946504733
60.27607599995099	24.0
60.94084799999837	24.0
63.44091599993408	24.0
65.94015999999829	108.99994368336243
66.13196899998002	108.99994368336243
66.68477399996482	108.99994368336243
67.23394399997778	108.99994368336243
67.78331400000025	147.0000955500621
68.05552199995145	147.0000955500621
68.46438100002706	147.0000955500621
68.8723769999342	147.0000955500621
69.27961700002197	147.0000955500621
69.68750699993689	147.0000955500621
70.09666299994569	147.0000955500621
70.50578999996651	147.0000955500621
70.9127139999764	147.0000955500621
71.32033799996134	147.0000955500621
71.72830600000452	46.99999060000188
72.73273199994583	46.99999060000188
74.00910599995404	157.999931533363
74.24672599998303	157.999931533363
74.6251550000161	157.999931533363
75.00499099993613	157.999931533363
75.38496599998325	157.999931533363
75.76718600001186	157.999931533363
76.14597599999979	157.999931533363
76.524163999944	157.999931533363
76.90479299996514	157.999931533363
77.28563900000881	157.999931533363
77.66381599998567	157.999931533363
78.04345399991143	157.999931533363
78.42353299993556	132.9999468000213
78.4502129999455	132.9999468000213
78.9011429999955	132.9999468000213
79.35236199991778	155.0
79.72713799995836	155.0
80.11451099999249	155.0
80.50200400000904	155.0
80.88913999998476	155.0
81.27544999995735	155.0
81.66362000000663	155.0
82.05126899993047	155.0
82.43714599998202	155.0
82.82452799996827	155.0
83.21160799998324	155.0
83.59840899996925	155.0
83.98757599992678	155.0
84.37303999997675	130.00013000013
84.3904179999372	130.00013000013
84.85250199993607	130.00013000013
85.3140569999814	130.00013000013
85.77520099992398	130.00013000013
86.23770599998534	130.00013000013
86.6996410000138	152.99994645001874
87.02892999991309	152.99994645001874
87.41926499991678	152.99994645001874
87.81339799996931	152.99994645001874
88.2058379999362	152.99994645001874
88.59828999999445	152.99994645001874
88.98825699998997	152.99994645001874
89.37985000002664	202.0
89.66388399992138	202.0
89.96152499993332	202.0
90.2599250000203	202.0
90.55509699997492	202.0
90.85318099998403	202.0
91.14957299991511	202.0
91.44740099995397	42.00001260000378
91.8949540000176	42.00001260000378
93.32331699994393	42.00001260000378
94.75177700002678	42.00001260000378
96.18033799994737	42.00001260000378
97.60913200001232	42.00001260000378
99.0384109999286	68.0
99.6606609999435	68.0
100.54043299995828	68.0
101.42250799993053	68.0
102.30516400001943	68.0
103.18802599993069	68.0
104.07021999999415	68.0
104.95233699993696	68.0
105.83441999997012	68.0
106.71723299997393	68.0
107.59962599992286	81.0
107.94641400000546	81.0
108.68631999997888	81.0
109.42745800002012	81.0
110.16812399995979	81.0
110.90919799997937	81.0
111.64905599993654	50.99998215000625
112.11839199997485	50.99998215000625
113.29536200000439	50.99998215000625
114.47205099998973	50.99998215000625
115.64844699995592	50.99998215000625
116.82536199991591	50.99998215000625
118.00130599993281	50.99998215000625
119.17968800000381	39.0
119.41794999991544	39.0
120.954948999919	113.00009605008164
121.05048400000669	113.00009605008164
121.58222199999727	113.00009605008164
122.11477799993008	113.00009605008164
122.64394600002561	28.999993233334912
123.35345699999016	28.999993233334912
125.42301399994176	28.999993233334912
127.4916169999633	171.0
127.78365699993446	171.0
128.134696999914	171.0
128.48479399993084	171.0
128.83601600001566	171.0
129.186299999943	171.0
129.53928000002634	171.0
129.88965299993288	171.0
130.23916899994947	171.0
130.5895620000083	171.0
130.94061599997804	171.0
131.2916199999163	171.0
131.64245499996468	61.99999586666694
132.02810200001113	61.99999586666694
132.9960489999503	61.99999586666694
133.9635840000119	104.00001386666851
134.32287199993152	104.00001386666851
134.8997279999312	104.00001386666851
135.4769709999673	104.00001386666851
136.05330399994273	104.00001386666851
136.62935599999037	104.00001386666851
137.20745899993926	104.00001386666851
137.7832209999906	45.0
138.24989099998493	45.0
139.5821269999724	196.0002874670883
139.77127000002656	196.0002874670883
140.07801900000777	196.0002874670883
140.38425399991684	196.0002874670883
140.68949799996335	196.0002874670883
140.99629099993035	196.0002874670883
141.30261399992742	196.0002874670883
141.608070999966	196.0002874670883
141.91579200001433	196.0002874670883
142.22065399994608	196.0002874670883
142.52800199994817	196.0002874670883
142.83304099994712	196.0002874670883
143.14033099997323	196.0002874670883
143.44445499998983	75.0
143.46557699993718	75.0
144.266915999935	75.0
145.06708700000308	75.0
145.86981499998365	86.00005160003096
146.50884099991526	86.00005160003096
147.2068759999238	86.00005160003096
147.90341299993452	86.00005160003096
148.60164299991447	86.00005160003096
149.30083899991587	86.00005160003096
149.99860399996396	148.000148000148
150.16982499998994	148.000148000148
150.57475799997337	148.000148000148
150.98062199994456	148.000148000148
151.38610100001097	148.000148000148
151.79097099998035	180.99984313346928
152.05919599998742	180.99984313346928
152.39004999992903	180.99984313346928
152.72152499994263	180.99984313346928
153.0531229999615	180.99984313346928
153.3849029999692	180.99984313346928
153.71604199998546	180.99984313346928
154.0487949999515	180.99984313346928
154.37876999995206	180.99984313346928
154.70981499995105	180.99984313346928
155.04192999994848	180.99984313346928
155.37364000000525	180.99984313346928
155.70467200002167	120.99994353335968
155.83347999991383	120.99994353335968
156.3308379999362	120.99994353335968
156.82679600000847	120.99994353335968
157.32158599991817	120.99994353335968
157.819126999937	183.0
158.02051599998958	183.0
158.34985200001393	183.0
158.67609099997208	183.0
159.00323199993	183.0
159.3311939999694	183.0
159.6594010000117	183.0
159.98687199992128	183.0
160.31550599995535	183.0
160.64234199991915	183.0
160.9701149999164	183.0
161.29928699997254	183.0
161.62699699995574	183.0
161.95463599998038	183.0
162.28250899992418	183.0
162.610754000023	104.00001386666851
162.67765399999917	104.00001386666851
163.25443899992388	104.00001386666851
163.83064800000284	180.00018000018
164.002044999972	180.00018000018
164.3367009999929	180.00018000018
164.66904900001828	180.00018000018
165.00111399998423	180.00018000018
165.33609899994917	180.00018000018
165.66911499993876	180.00018000018
166.00217499991413	180.00018000018
166.33583799994085	180.00018000018
166.6695619999664	180.00018000018
167.00156799994875	180.00018000018
167.3362109999871	180.00018000018
167.66805600002408	122.0
167.76917099999264	122.0
168.26199699996505	122.0
168.75540599995293	122.0
169.24529599992093	122.0
169.73722399992403	122.0
170.22846199991181	122.0
170.71931700001005	122.0
171.21143999998458	62.99999685000016
171.84951299999375	62.99999685000016
172.80262299999595	62.99999685000016
173.7560199999716	35.99999280000144
173.91012499993667	35.99999280000144
175.576241999981	35.99999280000144
177.24623599997722	67.0
177.7840960000176	67.0
178.68014599999879	67.0
179.57445099996403	67.0
180.47054200002458	67.0
181.3667509999359	34.99999416666764
182.17550299991854	34.99999416666764
183.8895580000244	137.99987580011177
184.1426649999339	137.99987580011177
184.57789800001774	137.99987580011177
185.01229899993632	137.99987580011177
185.44783899991307	137.99987580011177
185.88163299998268	137.99987580011177
186.31705299997702	137.99987580011177
186.7515059999423	188.0
187.00075299991295	188.0
187.3196459999308	188.0
187.64038599992637	188.0
187.95907199999783	188.0
188.278226000024	188.0
188.59561299998313	46.99999060000188
188.92866899992805	46.99999060000188
190.2047180000227	46.99999060000188
191.48008000000846	46.99999060000188
192.7589610000141	116.00008506672904
193.11483500001486	116.00008506672904
193.63122999994084	116.00008506672904
194.15190399996936	116.00008506672904
194.6655379999429	33.99999773333349
195.10260300000664	33.99999773333349
196.86737899994478	33.99999773333349
198.631447999971	33.99999773333349
200.39727099996526	89.00004005001803
200.5557109999936	89.00004005001803
201.22927899996284	89.00004005001803
201.90309099992737	110.9999056500802
202.3765649999259	110.9999056500802
202.91830799996387	110.9999056500802
203.4588760000188	110.9999056500802
203.99932299996726	110.9999056500802
204.5386259999359	110.9999056500802
205.07940299995244	110.9999056500802
205.6197379999794	84.0
205.63684299995657	84.0
206.34993099991698	84.0
207.06398799992166	84.0
207.77831999992486	84.0
208.49263899994548	84.0
209.2148599999491	84.0
209.92180699994788	84.0
210.63655099994503	84.0
211.34988499991596	84.0
212.06460199994035	84.0
212.77968099992722	84.0
213.49232600000687	84.0
214.20877000002656	84.0
214.92136699997354	87.00002175000543
215.60500699991826	87.00002175000543
216.29482399998233	87.00002175000543
216.98505899996962	87.00002175000543
217.67618499998935	87.00002175000543
218.3645259999903	87.00002175000543
219.05447899992578	87.00002175000543
219.74323099991307	87.00002175000543
220.43298399995547	87.00002175000543
221.1224219999276	87.00002175000543
221.81196099997032	87.00002175000543
222.5024320000084	87.00002175000543
223.1919259999413	87.00002175000543
223.88142400002107	87.00002175000543
224.57064900000114	87.00002175000543
225.2608449999243	87.00002175000543
225.95003099995665	87.00002175000543
226.63973900000565	87.00002175000543
227.32905299996492	87.00002175000543
228.0210299999453	87.00002175000543
228.70841999992263	87.00002175000543
229.40053799992893	87.00002175000543
230.08857799996622	87.00002175000543
230.7796859999653	87.00002175000543
231.46839699998964	87.00002175000543
232.15701600001194	87.00002175000543
232.84704699995928	87.00002175000543
233.53820700000506	87.00002175000543
234.22633600002155	87.00002175000543
234.91703699994832	87.00002175000543
235.60680700000376	87.00002175000543
236.29569299996365	87.00002175000543


2.1068209999939427	120.0
2.597524999990128	120.0
3.0004359999438748	120.0
3.5010550000006333	120.0
4.000248999916948	120.0
4.500874000019394	120.0
5.000676000025123	120.0
5.5005939999828115	120.0
6.000474000000395	120.0
6.50052100000903	120.0
7.000951000023633	120.0
7.50213099992834	120.0
8.000704000005499	120.0
8.50063299993053	120.0
9.001092999940738	120.0
9.501321999938227	120.0
10.00057699996978	120.0
10.501218999968842	120.0
11.001688999938779	120.0
11.500837999978103	120.0
12.00064400001429	120.0
12.501486000022851	120.0
13.000792999984697	120.0
13.509530999930575	120.0
14.001394999912009	120.0
14.50076700001955	120.0
15.001892999978736	120.0
15.500393999973312	120.0
16.00115599995479	120.0
16.50142099999357	120.0
17.000734000001103	120.0
17.50084200000856	120.0
18.000920999911614	120.0
18.50051399995573	120.0
19.000720000010915	120.0
19.50080399995204	120.0
20.000887000001967	120.0
20.501083999988623	120.0
21.00109599996358	120.0
21.50083499995526	120.0
22.000544999958947	120.0
22.500607999973	120.0
23.000770999933593	120.0
23.501164000015706	120.0
24.00081399991177	120.0
24.501485000015236	120.0
25.00102099997457	120.0
25.50240599992685	120.0
26.000960999983363	120.0
26.502126000006683	120.0
27.001448999973945	120.0
27.50119600002654	120.0
28.00106899999082	120.0
28.500915999989957	203.99975520029375
28.65269699995406	203.99975520029375
28.94798900000751	203.99975520029375
29.240046999999322	203.99975520029375
29.535094999941066	203.99975520029375
29.829873999929987	203.99975520029375
30.12361399992369	203.99975520029375
30.41836599993985	30.0
31.935105999931693	30.0
33.93340600002557	30.0
35.93488999991678	170.0
36.239915999933146	60.0
36.3798849999439	60.0
37.3801220000023	60.0
38.38072799996007	60.0
39.37997899996117	60.0
40.38384199992288	207.00005175001294
40.51908799994271	207.00005175001294
40.81027000001632	207.00005175001294
41.096771999960765	207.00005175001294
41.38714699994307	207.00005175001294
41.67665899998974	207.00005175001294
41.96594299993012	207.00005175001294
42.257098999922164	175.00007291669704
42.271936999983154	175.00007291669704
42.616251999977976	175.00007291669704
42.95860199991148	175.00007291669704
43.300448999973014	175.00007291669704
43.643885999917984	175.00007291669704
43.986364000011235	175.00007291669704
44.328931999974884	175.00007291669704
44.673056999919936	175.00007291669704
45.015433999942616	175.00007291669704
45.361118000000715	175.00007291669704
45.700383999967016	175.00007291669704
46.04350599995814	175.00007291669704
46.38710299995728	182.000182000182
46.70932499994524	182.000182000182
47.03758300002664	182.000182000182
47.36821099999361	182.000182000182
47.69672299991362	182.000182000182
48.02848300000187	182.000182000182
48.35727899998892	140.99997180000565
48.409546999959275	140.99997180000565
48.833373999921605	140.99997180000565
49.259180999943055	140.99997180000565
49.68517999991309	140.99997180000565
50.10950799996499	140.99997180000565
50.53535399993416	140.99997180000565
50.96010299993213	140.99997180000565
51.38695199997164	140.99997180000565
51.81255599996075	140.99997180000565
52.238829999929294	140.99997180000565
52.66327299992554	90.99995298335763
52.90906699991319	90.99995298335763
53.568828999996185	90.99995298335763
54.22791999997571	90.99995298335763
54.88762599998154	90.99995298335763
55.54660000000149	106.0
56.06957799999509	106.0
56.63567200000398	106.0
57.20091999997385	106.0
57.76826299994718	106.0
58.33308799995575	106.0
58.89945199992508	106.0
59.464474999927916	196.9996946504733
59.66578499996103	196.9996946504733
59.97028799995314	196.9996946504733
60.27676399995107	24.0
60.941213999991305	24.0
63.4406729999464	24.0
65.94046999991406	109.0
66.13185499992687	109.0
66.68380699993577	109.0
67.23366099991836	109.0
67.78392099996563	147.0000955500621
68.0559479999356	147.0000955500621
68.46405599999707	147.0000955500621
68.87152099993546	147.0000955500621
69.27937599993311	147.0000955500621
69.68796899996232	147.0000955500621
70.09750699996948	147.0000955500621
70.50542199995834	147.0000955500621
70.91290499991737	147.0000955500621
71.3206309999805	147.0000955500621
71.72866899997462	46.99999060000188
72.73297299991827	46.99999060000188
74.00936000002548	157.999931533363
74.24715800001286	157.999931533363
74.6255929999752	157.999931533363
75.00539399997797	157.999931533363
75.38540999998804	157.999931533363
75.76616499992087	157.999931533363
76.14546999998856	157.999931533363
76.52443200000562	157.999931533363
76.90508499997668	157.999931533363
77.28498300001957	157.999931533363
77.66386899992358	157.999931533363
78.04303800000343	157.999931533363
78.42372500000056	132.9999468000213
78.4505609999178	132.9999468000213
78.90078699996229	132.9999468000213
79.35288099991158	154.99990958338608
79.72798899991903	154.99990958338608
80.11535899993032	154.99990958338608
80.50156300002709	154.99990958338608
80.8887569999788	154.99990958338608
81.27568999992218	154.99990958338608
81.66394699993543	154.99990958338608
82.05088699993212	154.99990958338608
82.4367739999434	154.99990958338608
82.82494899991434	154.99990958338608
83.21130199998152	154.99990958338608
83.59815400000662	154.99990958338608
83.98790800001007	154.99990958338608
84.37338000000454	130.00013000013
84.39073999994434	130.00013000013
84.85312799992971	130.00013000013
85.31485399999656	130.00013000013
85.77543399995193	130.00013000013
86.2372510000132	130.00013000013
86.69991999992635	153.0
87.02934799995273	153.0
87.4199109999463	153.0
87.81291699991561	153.0
88.20526999991853	153.0
88.59778199996799	153.0
88.98855100001674	153.0
89.38003799994476	201.999798000202
89.66426499991212	201.999798000202
89.9618199999677	201.999798000202
90.26022599998396	201.999798000202
90.55548600002658	201.999798000202
90.8537939999951	201.999798000202
91.14994499995373	201.999798000202
91.44740099995397	42.00001260000378
91.89451199991163	42.00001260000378
93.32569999992847	42.00001260000378
94.751408000011	42.00001260000378
96.1797980000265	42.00001260000378
97.60913200001232	42.00001260000378
99.03875700000208	67.99999546666697
99.66113099991344	67.99999546666697
100.5407529999502	67.99999546666697
101.42316999996547	67.99999546666697
102.30487999995239	67.99999546666697
103.1884569999529	67.99999546666697
104.07058900000993	67.99999546666697
104.95233699993696	67.99999546666697
105.83443499996793	67.99999546666697
106.71733799995854	67.99999546666697
107.59930399991572	80.99997165000993
107.94641400000546	80.99997165000993
108.68615999992471	80.99997165000993
109.42723999998998	80.99997165000993
110.16812399995979	80.99997165000993
110.9090449999785	51.0
110.94188599998597	51.0
112.11854099994525	51.0
113.29491199995391	51.0
114.47177599999122	51.0
115.64789599995129	51.0
116.82608499994967	51.0
118.00145400001202	51.0
119.17970400000922	38.99998830000351
119.41746699996293	38.99998830000351
120.95529299997725	113.00009605008164
121.05046599998605	113.00009605008164
121.582231999957	113.00009605008164
122.11507699999493	113.00009605008164
122.6437160000205	28.999993233334912
123.35338899993803	28.999993233334912
125.42301399994176	28.999993233334912
127.4922249999363	171.00009405005173
127.78324699995574	171.00009405005173
128.134696999914	171.00009405005173
128.48483700002544	171.00009405005173
128.8370049999794	171.00009405005173
129.18691299995407	171.00009405005173
129.53928000002634	171.00009405005173
129.88925599993672	171.00009405005173
130.23895199992694	171.00009405005173
130.5899699999718	171.00009405005173
130.94063299999107	171.00009405005173
131.29197099991143	171.00009405005173
131.6427960000001	61.99999586666694
132.0284189999802	61.99999586666694
132.99575899995398	61.99999586666694
133.9635840000119	104.00001386666851
134.32203699997626	104.00001386666851
134.90002099995036	104.00001386666851
135.47719499992672	104.00001386666851
136.05298099992797	104.00001386666851
136.62988399993628	104.00001386666851
137.20798199996352	104.00001386666851
137.78355399996508	45.000011250002814
138.25017399992794	45.000011250002814
139.582410999923	196.0
139.77127000002656	196.0
140.0779239999829	196.0
140.3843239999842	196.0
140.69072199997026	196.0
140.99620299995877	196.0
141.30229499994311	196.0
141.60853199998382	196.0
141.91451099992264	196.0
142.22069500002544	196.0
142.52792799996678	196.0
142.83304099994712	196.0
143.1400099999737	196.0
143.44505099998787	75.0
143.46652299992274	75.0
144.26604299992323	75.0
145.06680899998173	75.0
145.86761199997272	86.00005160003096
146.50884099991526	86.00005160003096
147.20721299992874	86.00005160003096
147.90337600000203	86.00005160003096
148.6016599999275	86.00005160003096
149.3005369999446	86.00005160003096
149.99888999992982	148.0
150.17018100002315	148.0
150.5747739999788	148.0
150.98030299996026	148.0
151.38610100001097	148.0
151.79117899993435	180.99984313346928
152.05966999998782	180.99984313346928
152.39006599993445	180.99984313346928
152.72152499994263	180.99984313346928
153.0531229999615	180.99984313346928
153.38455899991095	180.99984313346928
153.71665399998892	180.99984313346928
154.0487949999515	180.99984313346928
154.37908699992113	180.99984313346928
154.71008899994195	180.99984313346928
155.0416419999674	180.99984313346928
155.37364000000525	180.99984313346928
155.70414599997457	120.99994353335968
155.834010999999	120.99994353335968
156.32989299995825	120.99994353335968
156.82650799991097	120.99994353335968
157.32105299993418	120.99994353335968
157.81905699998606	182.99991765003705
158.02128999994602	182.99991765003705
158.34977199998684	182.99991765003705
158.67609099997208	182.99991765003705
159.00353999994695	182.99991765003705
159.3315350000048	182.99991765003705
159.6594010000117	182.99991765003705
159.98708400002215	182.99991765003705
160.3161240000045	182.99991765003705
160.6426999999676	182.99991765003705
160.9701590000186	182.99991765003705
161.2995799999917	182.99991765003705
161.6266759999562	182.99991765003705
161.95353099994827	182.99991765003705
162.28186099999584	182.99991765003705
162.6104649999179	104.00001386666851
162.67720299994107	104.00001386666851
163.2541590000037	104.00001386666851
163.83032900001854	180.00018000018
164.00170199992135	180.00018000018
164.33701399993151	180.00018000018
164.66869399999268	180.00018000018
165.00147299992386	180.00018000018
165.33609899994917	180.00018000018
165.66879000002518	180.00018000018
166.0033369999146	180.00018000018
166.33582099992782	180.00018000018
166.6699409999419	180.00018000018
167.00191099999938	180.00018000018
167.3368489999557	180.00018000018
167.66805600002408	122.0000691333725
167.76921499997843	122.0000691333725
168.26116699993145	122.0000691333725
168.75585800001863	122.0000691333725
169.2450859999517	122.0000691333725
169.73754300002474	122.0000691333725
170.2291340000229	122.0000691333725
170.71962999994867	63.0
170.89701700001024	63.0
171.85014499991667	63.0
172.80294199998025	63.0
173.7560199999716	35.99999280000144
173.9107480000239	35.99999280000144
175.57684699993115	35.99999280000144
177.24595499993302	67.00002903334591
177.7844150000019	67.00002903334591
178.67983199993614	67.00002903334591
179.57394999999087	67.00002903334591
180.4703599999193	67.00002903334591
181.36635599995498	35.0
182.1758849999169	35.0
183.88892199995462	137.99987580011177
184.14234999998007	137.99987580011177
184.57849300000817	137.99987580011177
185.0119699999923	137.99987580011177
185.44740099995397	137.99987580011177
185.88194799993653	137.99987580011177
186.31590699998196	137.99987580011177
186.75118299992755	187.99996240000752
186.99995399999898	187.99996240000752
187.319451999967	187.99996240000752
187.64047500002198	187.99996240000752
187.95875499991234	187.99996240000752
188.27705799997784	187.99996240000752
188.59604199999012	46.99999060000188
188.92834899993613	46.99999060000188
190.20462899992708	46.99999060000188
191.48186099994928	46.99999060000188
192.75867499993183	116.00008506672904
193.11454799992498	116.00008506672904
193.6309089999413	116.00008506672904
194.15016999992076	116.00008506672904
194.66601799998898	33.99999773333349
195.1024889999535	33.99999773333349
196.86710899998434	33.99999773333349
198.6310999999987	33.99999773333349
200.39691200002562	89.00004005001803
200.55561199993826	89.00004005001803
201.22896199999377	89.00004005001803
201.90318499994464	110.9999056500802
202.3765649999259	110.9999056500802
202.91894200001843	110.9999056500802
203.45919700001832	110.9999056500802
203.99993900000118	110.9999056500802
204.53829099994618	110.9999056500802
205.07902800000738	110.9999056500802
205.6197379999794	83.99996640001343
205.63719799998216	83.99996640001343
206.34988899994642	83.99996640001343
207.0643309999723	83.99996640001343
207.77831999992486	83.99996640001343
208.49263899994548	83.99996640001343
209.2145999999484	83.99996640001343
209.92123400000855	83.99996640001343
210.63687299995217	83.99996640001343
211.3502800000133	83.99996640001343
212.06505999993533	83.99996640001343
212.78000099991914	83.99996640001343
213.4928249999648	83.99996640001343
214.20847499999218	83.99996640001343
214.9220979999518	87.00002175000543
215.60528599994723	87.00002175000543
216.2951119999634	87.00002175000543
216.98568399995565	87.00002175000543
217.67569599999115	87.00002175000543
218.36483699991368	87.00002175000543
219.05500399996527	87.00002175000543
219.74353899993002	87.00002175000543
220.43330099992454	87.00002175000543
221.12270700000226	87.00002175000543
221.81169799994677	87.00002175000543
222.50213999999687	87.00002175000543
223.1919259999413	87.00002175000543
223.880989999976	87.00002175000543
224.57096899999306	87.00002175000543
225.26052899996284	87.00002175000543
225.95082499994896	87.00002175000543
226.63942199992016	87.00002175000543
227.32886000000872	87.00002175000543
228.02076300000772	87.00002175000543
228.70864399999846	87.00002175000543
229.40025099995546	87.00002175000543
230.08840299991425	87.00002175000543
230.77942199993413	87.00002175000543
231.4682010000106	87.00002175000543
232.15703100000974	87.00002175000543
232.84749800001737	87.00002175000543
233.53820700000506	87.00002175000543
234.22753099992406	87.00002175000543
234.9166349999141	87.00002175000543
235.60612200002652	87.00002175000543
236.29550899995957	87.00002175000543


4.012264000019059	120.0
4.507056999951601	120.0
5.001030999934301	120.0
5.500931999995373	120.0
6.00065399997402	120.0
6.500547999981791	120.0
7.0013689999468625	120.0
7.501739999977872	120.0
8.00056700001005	120.0
8.50079600000754	120.0
9.001034999964759	120.0
9.501368999946862	120.0
10.001508999965154	120.0
10.500588999944739	120.0
11.00104200001806	120.0
11.500483999960124	120.0
12.00064400001429	120.0
12.501196999917738	120.0
13.000364999985322	120.0
13.500242999987677	120.0
14.00036900001578	120.0
14.501098999986425	120.0
15.001602999982424	120.0
15.502318999962881	120.0
16.00092899997253	120.0
16.501730000018142	120.0
17.000454999972135	120.0
17.50106899999082	120.0
18.001373999984935	120.0
18.50085399998352	120.0
19.000433999928646	120.0
19.501079999958165	120.0
20.0011190000223	120.0
20.50141199992504	120.0
21.00141199992504	120.0
21.501171999960206	120.0
22.000896999961697	120.0
22.5008229999803	120.0
23.00110200000927	120.0
23.50158299994655	120.0
24.001140999956988	120.0
24.50079399999231	120.0
25.001689999946393	120.0
25.500910999951884	120.0
26.000816999934614	120.0
26.50205599993933	120.0
27.00069299992174	120.0
27.50119600002654	120.0
28.001387999975123	120.0
28.500915999989957	203.99975520029375
28.65244299999904	203.99975520029375
28.947278999956325	203.99975520029375
29.239681000006385	203.99975520029375
29.535523999948055	203.99975520029375
29.830340999993496	203.99975520029375
30.123164999997243	203.99975520029375
30.4181099999696	30.0
31.934447999927215	30.0
33.93370399996638	30.0
35.93528799992055	170.0000850000425
36.23972299997695	60.0
36.3795880000107	60.0
37.379765999969095	60.0
38.38040499994531	60.0
39.379529999918304	60.0
40.38300899998285	207.00005175001294
40.51871799991932	207.00005175001294
40.80946000001859	207.00005175001294
41.097068000002764	207.00005175001294
41.387430000002496	207.00005175001294
41.67624199995771	207.00005175001294
41.96626199991442	207.00005175001294
42.25764500000514	175.0
42.2722589999903	175.0
42.61601999995764	175.0
42.95824499998707	175.0
43.300786999985576	175.0
43.643525999970734	175.0
43.98599199997261	175.0
44.32924899994396	175.0
44.6724089999916	175.0
45.01527299999725	175.0
45.36075300001539	175.0
45.70012199995108	175.0
46.04293699993286	175.0
46.387391999945976	182.000182000182
46.70973799994681	182.000182000182
47.03705299994908	182.000182000182
47.36720600002445	182.000182000182
47.69715299992822	182.000182000182
48.02817900001537	182.000182000182
48.35702899994794	140.99997180000565
48.408979999949224	140.99997180000565
48.832854999927804	140.99997180000565
49.25859799992759	140.99997180000565
49.685445999959484	140.99997180000565
50.10934999992605	140.99997180000565
50.53473299997859	140.99997180000565
50.96041699999478	140.99997180000565
51.385830999934115	140.99997180000565
51.811835999949835	140.99997180000565
52.238902000011876	91.0
52.24893499992322	91.0
52.90935700002592	91.0
53.56905199994799	91.0
54.22791999997571	91.0
54.88760000001639	91.0
55.546268999925815	105.99995053335641
56.06987200002186	105.99995053335641
56.635743999970146	105.99995053335641
57.2006640000036	105.99995053335641
57.767823999980465	105.99995053335641
58.332608000026084	105.99995053335641
58.899740000022575	105.99995053335641
59.46435799996834	196.9996946504733
59.66608599992469	196.9996946504733
59.97034799994435	196.9996946504733
60.276522999978624	24.0
60.940075999940746	24.0
63.441081999917515	24.0
65.94015999999829	108.99994368336243
66.13143599999603	108.99994368336243
66.68351300002541	108.99994368336243
67.23364499991294	108.99994368336243
67.78365499991924	147.0000955500621
68.05552199995145	147.0000955500621
68.46429199993145	147.0000955500621
68.87212999991607	147.0000955500621
69.27986699994653	147.0000955500621
69.68812700000126	147.0000955500621
70.09713899996132	147.0000955500621
70.50597599998582	147.0000955500621
70.9129579999717	147.0000955500621
71.32030699995812	147.0000955500621
71.72870899992995	46.99999060000188
72.73284599999897	46.99999060000188
74.00958700000774	158.0
74.24755999993067	158.0
74.62610300001688	158.0
75.00578699994367	158.0
75.3855919999769	158.0
75.76511999999639	158.0
76.14546999998856	158.0
76.52443200000562	158.0
76.90447499998845	158.0
77.28520599997137	158.0
77.66316999995615	158.0
78.04303800000343	158.0
78.423758000019	132.9999468000213
78.45039299991913	132.9999468000213
78.90148799994495	132.9999468000213
79.35323599993717	154.99990958338608
79.72737300000153	154.99990958338608
80.11444799997844	154.99990958338608
80.5015859999694	154.99990958338608
80.88884799997322	154.99990958338608
81.27568999992218	154.99990958338608
81.66362000000663	154.99990958338608
82.05099399993196	154.99990958338608
82.4367739999434	154.99990958338608
82.82452799996827	154.99990958338608
83.2112859999761	154.99990958338608
83.59865800000262	154.99990958338608
83.98726999992505	154.99990958338608
84.37335399992298	130.0
84.39075599994976	130.0
84.85283300001174	130.0
85.31446199992206	130.0
85.77496800001245	130.0
86.23801500000991	130.0
86.7001900000032	152.99994645001874
87.02950599999167	152.99994645001874
87.41961799992714	152.99994645001874
87.81196199997794	152.99994645001874
88.20495699997991	152.99994645001874
88.59756399993785	152.99994645001874
88.98826999997254	152.99994645001874
89.38057299994398	201.999798000202
89.66393399995286	201.999798000202
89.96117799996864	201.999798000202
90.25955800001975	201.999798000202
90.5549989999272	201.999798000202
90.85301700001583	201.999798000202
91.14902499993332	201.999798000202
91.44823899993207	42.00001260000378
91.89523699996062	42.00001260000378
93.32231099996716	42.00001260000378
94.75183999992441	42.00001260000378
96.18033799994737	42.00001260000378
97.60866799997166	42.00001260000378
99.03845599992201	67.99999546666697
99.66068700002506	67.99999546666697
100.54043299995828	67.99999546666697
101.42256999993697	67.99999546666697
102.30523399997037	67.99999546666697
103.18802599993069	67.99999546666697
104.07021999999415	67.99999546666697
104.95198899996467	67.99999546666697
105.83473999996204	67.99999546666697
106.71695499995258	67.99999546666697
107.59962599992286	80.99997165000993
107.94675499992445	80.99997165000993
108.68590499996208	80.99997165000993
109.4268639999209	80.99997165000993
110.16844299994409	80.99997165000993
110.90862699993886	80.99997165000993
111.64931499992963	50.99998215000625
112.1183660000097	50.99998215000625
113.29573299991898	50.99998215000625
114.47319799999241	50.99998215000625
115.64798699994572	50.99998215000625
116.82566199998837	50.99998215000625
118.00089599995408	50.99998215000625
119.17937999998685	38.99998830000351
119.41840500000399	38.99998830000351
120.9552670000121	113.0
121.05108799994923	113.0
121.58201000001281	113.0
122.11254499992356	113.0
122.64403299998958	28.999993233334912
123.35314399993513	28.999993233334912
125.42338299995754	28.999993233334912
127.4916169999633	171.00009405005173
127.78361399995629	171.00009405005173
128.13437200000044	171.00009405005173
128.48514200001955	171.00009405005173
128.83601600001566	171.00009405005173
129.1866189999273	171.00009405005173
129.53887399996165	171.00009405005173
129.88965299993288	171.00009405005173
130.23939699993934	171.00009405005173
130.58953699993435	171.00009405005173
130.94093799998518	171.00009405005173
131.29166300001089	171.00009405005173
131.64308800001163	61.99999586666694
132.02873399993405	61.99999586666694
132.99575899995398	61.99999586666694
133.96387799992226	104.0
134.32264199992642	104.0
134.89940400002524	104.0
135.47715099994093	104.0
136.052997999941	104.0
136.62931899994146	104.0
137.2084249999607	104.0
137.7838749999646	45.000011250002814
138.24958099995274	45.000011250002814
139.58183399995323	196.0002874670883
139.77147099992726	196.0002874670883
140.07846499991138	196.0002874670883
140.38456099992618	196.0002874670883
140.69011899991892	196.0002874670883
140.99579999991693	196.0002874670883
141.30290999996942	196.0002874670883
141.60810399998445	196.0002874670883
141.91503899998497	196.0002874670883
142.22130400000606	196.0002874670883
142.52856499992777	196.0002874670883
142.83264899998903	196.0002874670883
143.14033099997323	196.0002874670883
143.4449049999239	75.0
143.46607199998107	75.0
144.26655399997253	75.0
145.0672959999647	75.0
145.86720600002445	86.00005160003096
146.50836699991487	86.00005160003096
147.20656199997757	86.00005160003096
147.9036479999777	86.00005160003096
148.60197199997492	86.00005160003096
149.30083899991587	86.00005160003096
149.99858599994332	148.000148000148
150.1698509999551	148.000148000148
150.574404999963	148.000148000148
150.9799859999912	148.000148000148
151.38575399992988	148.000148000148
151.79082999995444	180.99984313346928
152.06007899995893	180.99984313346928
152.39037599996664	180.99984313346928
152.7212249999866	180.99984313346928
153.05376299994532	180.99984313346928
153.38521199999377	180.99984313346928
153.71604199998546	180.99984313346928
154.04841299995314	180.99984313346928
154.3787429999793	180.99984313346928
154.70977199997287	180.99984313346928
155.0413239999907	180.99984313346928
155.37395799998194	180.99984313346928
155.70447899994906	120.99994353335968
155.83347999991383	120.99994353335968
156.33033899997827	120.99994353335968
156.82618799991906	120.99994353335968
157.3213359999936	120.99994353335968
157.81935200002044	182.99991765003705
158.0205389999319	182.99991765003705
158.35020999994595	182.99991765003705
158.67578399996273	182.99991765003705
159.0032919999212	182.99991765003705
159.33121099998243	182.99991765003705
159.65903300000355	182.99991765003705
159.9863320000004	182.99991765003705
160.3158289999701	182.99991765003705
160.6429970000172	182.99991765003705
160.97046899993438	182.99991765003705
161.29925899999216	182.99991765003705
161.62699699995574	182.99991765003705
161.95413799991366	182.99991765003705
162.2821690000128	182.99991765003705
162.61015600000974	104.00001386666851
162.6792209999403	104.00001386666851
163.25384899997152	104.00001386666851
163.83064800000284	180.0
164.00201799999923	180.0
164.3367009999929	180.0
164.6680889999261	180.0
165.0014309999533	180.0
165.33578099997249	180.0
165.66876099992078	180.0
166.0012309999438	180.0
166.33645199995954	180.0
166.67054299998563	180.0
167.00224699999671	180.0
167.33653199998662	180.0
167.66871300002094	122.0000691333725
167.76878799998667	122.0000691333725
168.2615849999711	122.0000691333725
168.75540599995293	122.0000691333725
169.24488999997266	122.0000691333725
169.73798099998385	122.0000691333725
170.2287789999973	122.0000691333725
170.71953200001735	122.0000691333725
171.21178799995687	62.99999685000016
171.84984799998347	62.99999685000016
172.80294199998025	62.99999685000016
173.75570600002538	36.0
173.91046899999492	36.0
175.5766120000044	36.0
177.2440840000054	67.00002903334591
177.7844150000019	67.00002903334591
178.679405999952	67.00002903334591
179.5743370000273	67.00002903334591
180.47002899996005	67.00002903334591
181.36635599995498	34.99999416666764
182.17593499994837	34.99999416666764
183.88892199995462	137.99987580011177
184.14233399997465	137.99987580011177
184.57820899994113	137.99987580011177
185.01221099996474	137.99987580011177
185.44810899998993	137.99987580011177
185.88242999999784	137.99987580011177
186.3175489999121	137.99987580011177
186.75074699998368	187.99996240000752
187.00046299991664	187.99996240000752
187.31904199998826	187.99996240000752
187.64077699999325	187.99996240000752
187.95838600001298	187.99996240000752
188.2777219999116	187.99996240000752
188.5956020000158	46.99999060000188
188.92866899992805	46.99999060000188
190.20433500001673	46.99999060000188
191.48218499997165	46.99999060000188
192.75830799993128	116.00008506672904
193.11422400001902	116.00008506672904
193.63151899992954	116.00008506672904
194.15273299999535	116.00008506672904
194.6664490000112	34.0
195.10280599992257	34.0
196.86756199994124	34.0
198.6317600000184	34.0
200.39722499996424	89.00004005001803
200.55592099996284	89.00004005001803
201.22927899996284	89.00004005001803
201.9024479999207	110.9999056500802
202.37694099999499	110.9999056500802
202.91863999993075	110.9999056500802
203.45919700001832	110.9999056500802
203.9993399999803	110.9999056500802
204.538351999945	110.9999056500802
205.07896700000856	110.9999056500802
205.61939999996684	83.99996640001343
205.6371700000018	83.99996640001343
206.35020200000145	83.99996640001343
207.06403000000864	83.99996640001343
207.77797599998303	83.99996640001343
208.49232499999925	83.99996640001343
209.2148599999491	83.99996640001343
209.92153900000267	83.99996640001343
210.63655099994503	83.99996640001343
211.34990699996706	83.99996640001343
212.06489199993666	83.99996640001343
212.77968099992722	83.99996640001343
213.49232600000687	83.99996640001343
214.20816099992953	83.99996640001343
214.9218150000088	87.0
215.60664899996482	87.0
216.29450800002087	87.0
216.9853769999463	87.0
217.67527999996673	87.0
218.3651489999611	87.0
219.05543900001794	87.0
219.7428610000061	87.0
220.43358800001442	87.0
221.12211100000422	87.0
221.81218599993736	87.0
222.50173999997787	87.0
223.19171899999492	87.0
223.88121599995065	87.0
224.57128299993929	87.0
225.26115699997172	87.0
225.9503300000215	87.0
226.6400249999715	87.0
227.32920999999624	87.0
228.02036299998872	87.0
228.70841999992263	87.0
229.4005640000105	87.0
230.08822599996347	87.0
230.779916999978	87.0
231.46797799994238	87.0
232.15719699999318	87.0
232.84704699995928	87.0
233.53788299998268	87.0
234.2270439999411	87.0
234.91706200002227	87.0
235.6064989999868	87.0
236.29506699997	87.0


6.032064999919385	120.0
6.527789999963716	120.0
7.001410999917425	120.0
7.501715999911539	120.0
8.000848999945447	120.0
8.500823999987915	120.0
9.000877999933437	120.0
9.501542999991216	120.0
10.001007999991998	120.0
10.500913999974728	120.0
11.001426999922842	120.0
11.50075799995102	120.0
12.000956999952905	120.0
12.500879999948665	120.0
13.000590999959968	120.0
13.503431999939494	120.0
14.000702999997884	120.0
14.501575000002049	120.0
15.00099400000181	120.0
15.500664999941364	120.0
16.00092899997253	120.0
16.501111999968998	120.0
17.001060999929905	120.0
17.50123299995903	120.0
18.001573999994434	120.0
18.50090999994427	120.0
19.000377999967895	120.0
19.501491999952123	120.0
20.0011190000223	120.0
20.50139499991201	120.0
21.00141199992504	120.0
21.50147499993909	120.0
22.001501000020653	120.0
22.50093099998776	120.0
23.00126900000032	120.0
23.50169800000731	120.0
24.001110999961384	120.0
24.50195900001563	120.0
25.002005000016652	120.0
25.50119199999608	120.0
26.000751000014134	120.0
26.500391999958083	120.0
27.00069299992174	120.0
27.50148099998478	120.0
28.001387999975123	120.0
28.501193000003695	204.0
28.65244299999904	204.0
28.947534999926575	204.0
29.239704999956302	204.0
29.535523999948055	204.0
29.830077999969944	204.0
30.12361399992369	204.0
30.4181099999696	30.0
31.934776999987662	30.0
33.93346400000155	30.0
35.934980000020005	170.0000850000425
36.2397789999377	60.0
36.3798849999439	60.0
37.38014000002295	60.0
38.38040499994531	60.0
39.37957899994217	60.0
40.383442000020295	207.00005175001294
40.52008199994452	207.00005175001294
40.80948499997612	207.00005175001294
41.096771999960765	207.00005175001294
41.38710299995728	207.00005175001294
41.67611899995245	207.00005175001294
41.96594299993012	207.00005175001294
42.25810699991416	175.00007291669704
42.27256700000726	175.00007291669704
42.61639199999627	175.00007291669704
42.95840699994005	175.00007291669704
43.300760000012815	175.00007291669704
43.6440939999884	175.00007291669704
43.98658899997827	175.00007291669704
44.32924899994396	175.00007291669704
44.672383999917656	175.00007291669704
45.015027999994345	175.00007291669704
45.36015800002497	175.00007291669704
45.70048499992117	175.00007291669704
46.043209000024945	175.00007291669704
46.38701599999331	182.000182000182
46.70960199995898	182.000182000182
47.03747899993323	182.000182000182
47.368101999978535	182.000182000182
47.697247999953106	182.000182000182
48.02874699991662	182.000182000182
48.35753099992871	141.0
48.409281999920495	141.0
48.83377000002656	141.0
49.258900000015274	141.0
49.68495699996129	141.0
50.10931999993045	141.0
50.5358530000085	141.0
50.96036299993284	141.0
51.38666199997533	141.0
51.81224699993618	141.0
52.23911700001918	141.0
52.66294599999674	90.99995298335763
52.90935700002592	90.99995298335763
53.569207999971695	90.99995298335763
54.2275110000046	90.99995298335763
54.88728599995375	90.99995298335763
55.546268999925815	105.99995053335641
56.0692600000184	105.99995053335641
56.63539800001308	105.99995053335641
57.2006640000036	105.99995053335641
57.767850999953225	105.99995053335641
58.33268599992152	105.99995053335641
58.899130999925546	105.99995053335641
59.46428900002502	197.0
59.66606899991166	197.0
59.970094999996945	197.0
60.276447999989614	24.0
60.94034700002521	24.0
63.44035499996971	24.0
65.94049599999562	108.99994368336243
66.13141399994493	108.99994368336243
66.68262899992988	108.99994368336243
67.23330999992322	108.99994368336243
67.78362799994648	147.0000955500621
68.05628299992532	147.0000955500621
68.4645999999484	147.0000955500621
68.8717760000145	147.0000955500621
69.27937599993311	147.0000955500621
69.68750699993689	147.0000955500621
70.0966929999413	147.0000955500621
70.50542199995834	147.0000955500621
70.91272499994375	147.0000955500621
71.3205569999991	47.0
71.46566599991638	47.0
72.73306899995077	47.0
74.00936000002548	157.999931533363
74.24715800001286	157.999931533363
74.6251550000161	157.999931533363
75.00542800000403	157.999931533363
75.38588499999605	157.999931533363
75.76537699997425	157.999931533363
76.1463770000264	157.999931533363
76.52417599991895	157.999931533363
76.90479299996514	157.999931533363
77.28627799998503	157.999931533363
77.66353799996432	157.999931533363
78.04387499997392	157.999931533363
78.42389600002207	132.9999468000213
78.45022399991285	132.9999468000213
78.90081799996551	132.9999468000213
79.35273199994117	154.99990958338608
79.72969299997203	154.99990958338608
80.11492800002452	154.99990958338608
80.50227699999232	154.99990958338608
80.88929600000847	154.99990958338608
81.2762690000236	154.99990958338608
81.66404399997555	154.99990958338608
82.04992799996398	154.99990958338608
82.43698999995831	154.99990958338608
82.82494899991434	154.99990958338608
83.21160799998324	154.99990958338608
83.59840899996925	154.99990958338608
83.98717300000135	154.99990958338608
84.37303999997675	130.00013000013
84.3904179999372	130.00013000013
84.85283300001174	130.00013000013
85.31446199992206	130.00013000013
85.7751050000079	130.00013000013
86.23717199999373	130.00013000013
86.69991999992635	152.99994645001874
87.0297459999565	152.99994645001874
87.41947299998719	152.99994645001874
87.81198399991263	152.99994645001874
88.20497299998533	152.99994645001874
88.5973450000165	152.99994645001874
88.98876600002404	152.99994645001874
89.37984199996572	201.999798000202
89.66435300000012	201.999798000202
89.96150799992029	201.999798000202
90.25995799992234	201.999798000202
90.55527599994093	201.999798000202
90.85343399993144	201.999798000202
91.14952899992932	201.999798000202
91.44803799991496	42.0
91.89491099992301	42.0
93.32301299995743	42.0
94.75218999991193	42.0
96.18079399992712	42.0
97.60949099995196	42.0
99.0387149999151	67.99999546666697
99.66102799994405	67.99999546666697
100.5407529999502	67.99999546666697
101.42276599991601	67.99999546666697
102.30551299999934	67.99999546666697
103.18864599999506	67.99999546666697
104.07081599999219	67.99999546666697
104.95198899996467	67.99999546666697
105.83462400001008	67.99999546666697
106.71691700001247	67.99999546666697
107.59991699992679	80.99997165000993
107.94701399991754	80.99997165000993
108.68612799991388	80.99997165000993
109.42717699997593	80.99997165000993
110.16873099992517	80.99997165000993
110.90880699991249	80.99997165000993
111.64935999992304	50.99998215000625
112.11814999999478	50.99998215000625
113.29494399996474	50.99998215000625
114.47174900001846	50.99998215000625
115.64875099994242	50.99998215000625
116.82579399994574	50.99998215000625
118.00113999994937	50.99998215000625
119.17998799995985	38.99998830000351
119.41873699997086	38.99998830000351
120.954948999919	113.00009605008164
121.05078799999319	113.00009605008164
121.58247199992184	113.00009605008164
122.11385800002608	113.00009605008164
122.64431599993259	29.0
123.35361999995075	29.0
125.42261000000872	29.0
127.49193499993999	171.00009405005173
127.78390099992976	171.00009405005173
128.13498700002674	171.00009405005173
128.48545899998862	171.00009405005173
128.8364719999954	171.00009405005173
129.186299999943	171.00009405005173
129.5396409999812	171.00009405005173
129.88995400001295	171.00009405005173
130.2384890000103	171.00009405005173
130.59033599996474	171.00009405005173
130.94126400002278	171.00009405005173
131.29226399993058	171.00009405005173
131.64245499996468	61.99999586666694
132.02810200001113	61.99999586666694
132.99543699994683	61.99999586666694
133.9632649999112	104.00001386666851
134.32246699999087	104.00001386666851
134.89936099993065	104.00001386666851
135.47733299992979	104.00001386666851
136.05330399994273	104.00001386666851
136.62976199993864	104.00001386666851
137.20751600002404	104.00001386666851
137.7832209999906	45.000011250002814
138.24991499993484	45.000011250002814
139.58178999996744	196.0002874670883
139.77163299999665	196.0002874670883
140.07835099997465	196.0002874670883
140.38466799992602	196.0002874670883
140.69043399998918	196.0002874670883
140.99652299995068	196.0002874670883
141.30261399992742	196.0002874670883
141.60835300001781	196.0002874670883
141.91447299998254	196.0002874670883
142.22096499998588	196.0002874670883
142.52831299998797	196.0002874670883
142.8326980000129	196.0002874670883
143.1400099999737	196.0002874670883
143.444705999922	75.0
143.46609499992337	75.0
144.2665009999182	75.0
145.0675849999534	75.0
145.86700500000734	86.0
146.50836699991487	86.0
147.20656199997757	86.0
147.90366800001357	86.0
148.60197199997492	86.0
149.30049399996642	86.0
149.99827899993397	148.000148000148
150.17013799992856	148.000148000148
150.57506699999794	148.000148000148
150.9799859999912	148.000148000148
151.38638999999966	148.000148000148
151.79131200001575	180.99984313346928
152.05964499991387	180.99984313346928
152.39065999991726	180.99984313346928
152.72181399993133	180.99984313346928
153.05344699998386	180.99984313346928
153.38455899991095	180.99984313346928
153.7163639999926	180.99984313346928
154.04839100001846	180.99984313346928
154.37908699992113	180.99984313346928
154.7101159999147	180.99984313346928
155.0413079999853	180.99984313346928
155.3742449999554	180.99984313346928
155.70405599998776	121.0
155.8339879999403	121.0
156.33049500000197	121.0
156.82650799991097	121.0
157.3223809999181	121.0
157.81871099991258	182.99991765003705
158.02096799993888	182.99991765003705
158.34923900000285	182.99991765003705
158.67639999999665	182.99991765003705
159.00376300001517	182.99991765003705
159.33182600000873	182.99991765003705
159.659777999972	182.99991765003705
159.98673300002702	182.99991765003705
160.31550599995535	182.99991765003705
160.64234199991915	182.99991765003705
160.97072699991986	182.99991765003705
161.29988700000104	182.99991765003705
161.6266759999562	182.99991765003705
161.954207999981	182.99991765003705
162.28220999997575	182.99991765003705
162.61015600000974	104.00001386666851
162.67722399998456	104.00001386666851
163.25381899997592	104.00001386666851
163.83093799999915	180.00018000018
164.00170199992135	180.00018000018
164.33637199993245	180.00018000018
164.66814999992494	180.00018000018
165.00115799997002	180.00018000018
165.33578099997249	180.00018000018
165.66911499993876	180.00018000018
166.0012309999438	180.00018000018
166.33616199996322	180.00018000018
166.6696069999598	180.00018000018
167.00156799994875	180.00018000018
167.3362109999871	180.00018000018
167.6690219999291	122.0000691333725
167.76947099994868	122.0000691333725
168.26155399996787	122.0000691333725
168.7560629999498	122.0000691333725
169.24488999997266	122.0000691333725
169.73754300002474	122.0000691333725
170.22846199991181	122.0000691333725
170.71946699998807	122.0000691333725
171.21144799992908	62.99999685000016
171.84951299999375	62.99999685000016
172.8053620000137	62.99999685000016
173.75630200002342	35.99999280000144
173.91012499993667	35.99999280000144
175.57625899999402	35.99999280000144
177.2440840000054	67.00002903334591
177.7840960000176	67.00002903334591
178.679405999952	67.00002903334591
179.5741899999557	67.00002903334591
180.470069999923	67.00002903334591
181.36704399995506	34.99999416666764
182.17628799995873	34.99999416666764
183.8892689999193	137.99987580011177
184.14297099993564	137.99987580011177
184.57820899994113	137.99987580011177
185.01256499998271	137.99987580011177
185.44782000000123	137.99987580011177
185.88194799993653	137.99987580011177
186.31663299992215	137.99987580011177
186.75118299992755	187.99996240000752
186.99995399999898	187.99996240000752
187.3193559999345	187.99996240000752
187.64098399993964	187.99996240000752
187.95875499991234	187.99996240000752
188.27689600002486	187.99996240000752
188.59597099991515	47.0
188.92895799991675	47.0
190.20490000001155	47.0
191.48088599997573	47.0
192.75833599991165	116.00008506672904
193.11422400001902	116.00008506672904
193.63122999994084	116.00008506672904
194.14969400002155	116.00008506672904
194.665559999994	33.99999773333349
195.10216899996158	33.99999773333349
196.8673439999111	33.99999773333349
198.631447999971	33.99999773333349
200.39753800001927	89.0
200.5553029999137	89.0
201.2295649999287	89.0
201.9028789999429	110.9999056500802
202.3772909999825	110.9999056500802
202.91830799996387	110.9999056500802
203.45890099997632	110.9999056500802
203.99965699994937	110.9999056500802
204.5386709999293	110.9999056500802
205.0785550000146	110.9999056500802
205.62002299993765	83.99996640001343
205.63744800002314	83.99996640001343
206.3496289999457	83.99996640001343
207.06430299999192	83.99996640001343
207.7786179999821	83.99996640001343
208.49234100000467	83.99996640001343
209.2145999999484	83.99996640001343
209.92152199998964	83.99996640001343
210.63718800002243	83.99996640001343
211.3494710000232	83.99996640001343
212.06455499993172	83.99996640001343
212.78038899996318	83.99996640001343
213.492780999979	83.99996640001343
214.2082030000165	83.99996640001343
214.921786999912	87.00002175000543
215.6063589999685	87.00002175000543
216.29450800002087	87.00002175000543
216.98505899996962	87.00002175000543
217.6753969999263	87.00002175000543
218.36486199998762	87.00002175000543
219.05497800000012	87.00002175000543
219.74272400001064	87.00002175000543
220.43330099992454	87.00002175000543
221.1224219999276	87.00002175000543
221.81196099997032	87.00002175000543
222.5016530000139	87.00002175000543
223.19169899995904	87.00002175000543
223.88121599995065	87.00002175000543
224.5709939999506	87.00002175000543
225.2608449999243	87.00002175000543
225.9503300000215	87.00002175000543
226.63975400000345	87.00002175000543
227.3290730000008	87.00002175000543
228.02037899999414	87.00002175000543
228.70864399999846	87.00002175000543
229.40081899997313	87.00002175000543
230.08828199992422	87.00002175000543
230.7796859999653	87.00002175000543
231.4682010000106	87.00002175000543
232.15735300001688	87.00002175000543
232.84742499992717	87.00002175000543
233.53849399997853	87.00002175000543
234.22676499991212	87.00002175000543
234.9166349999141	87.00002175000543
235.60655299993232	87.00002175000543
236.29529199993704	87.00002175000543


8.157465999945998	120.0
8.63989400002174	120.0
9.000802999944426	120.0
9.501062999945134	120.0
10.001087000011466	120.0
10.500571999931708	120.0
11.001362000009976	120.0
11.500464999931864	120.0
12.001248999964446	120.0
12.501196999917738	120.0
13.000590999959968	120.0
13.50034099991899	120.0
14.001029999926686	120.0
14.501350999926217	120.0
15.001320999930613	120.0
15.500245000002906	120.0
16.00115599995479	120.0
16.501086000003852	120.0
17.001127999974415	120.0
17.501057000015862	120.0
18.001387999975123	120.0
18.501166999922134	120.0
19.001007999991998	120.0
19.501147000002675	120.0
20.000906999921426	120.0
20.501083999988623	120.0
21.00109599996358	120.0
21.501281999982893	120.0
22.000544999958947	120.0
22.500735000008717	120.0
23.00098699994851	120.0
23.502011999953538	120.0
24.001379999914207	120.0
24.50079399999231	120.0
25.00241900002584	120.0
25.50172499998007	120.0
26.00113699992653	120.0
26.500875999918208	120.0
27.001091999933124	120.0
27.50088299997151	120.0
28.001665999996476	120.0
28.501562000019476	203.99975520029375
28.652929999982007	203.99975520029375
28.947278999956325	203.99975520029375
29.23991100001149	203.99975520029375
29.535094999941066	203.99975520029375
29.829767999937758	203.99975520029375
30.124027999932878	203.99975520029375
30.418591000023298	30.0
31.934447999927215	30.0
33.93385999999009	30.0
35.93455999996513	170.0000850000425
36.240004999912344	60.0
36.37957099999767	60.0
37.37983799993526	60.0
38.380752999917604	60.0
39.37986400001682	60.0
40.38302599999588	207.00005175001294
40.51868999993894	207.00005175001294
40.80984499992337	207.00005175001294
41.09644699993078	207.00005175001294
41.38668300001882	207.00005175001294
41.67650199995842	207.00005175001294
41.96626199991442	207.00005175001294
42.257098999922164	175.00007291669704
42.271936999983154	175.00007291669704
42.61601999995764	175.00007291669704
42.95776399993338	175.00007291669704
43.300448999973014	175.00007291669704
43.64346199994907	175.00007291669704
43.986219999962486	175.00007291669704
44.328931999974884	175.00007291669704
44.67271900002379	175.00007291669704
45.014612999977544	175.00007291669704
45.36077699996531	175.00007291669704
45.70016399992164	175.00007291669704
46.04350599995814	175.00007291669704
46.38657999993302	182.0
46.70927200000733	182.0
47.03710199997295	182.0
47.36716699996032	182.0
47.696820999961346	182.0
48.02813599992078	182.0
48.35702899994794	140.99997180000565
48.408979999949224	140.99997180000565
48.832854999927804	140.99997180000565
49.25862400000915	140.99997180000565
49.685791999916546	140.99997180000565
50.109125999966636	140.99997180000565
50.53499900002498	140.99997180000565
50.96062299993355	140.99997180000565
51.386207000003196	140.99997180000565
51.81224699993618	140.99997180000565
52.238544999971054	140.99997180000565
52.66294599999674	90.99995298335763
52.909023999935016	90.99995298335763
53.5692459999118	90.99995298335763
54.22898599994369	90.99995298335763
54.8879869999364	90.99995298335763
55.5468899999978	105.99995053335641
56.0692600000184	105.99995053335641
56.635432999930345	105.99995053335641
57.201153000001796	105.99995053335641
57.76813999994192	105.99995053335641
58.333219999913126	105.99995053335641
58.89945199992508	105.99995053335641
59.464789999998175	196.9996946504733
59.66578499996103	196.9996946504733
59.97011899994686	196.9996946504733
60.27609699999448	24.0
60.940540999989025	24.0
63.440263999975286	24.0
65.94076000002678	108.99994368336243
66.13226699992083	108.99994368336243
66.68318900000304	108.99994368336243
67.23333800002001	108.99994368336243
67.78335699997842	147.0
68.05588799994439	147.0
68.46398399991449	147.0
68.87147999997251	147.0
69.27961700002197	147.0
69.68826800002716	147.0
70.09710299992003	147.0
70.50630399992224	147.0
70.91305999993347	147.0
71.32077300001401	147.0
71.72830600000452	46.99999060000188
72.73254699993413	46.99999060000188
74.009117999929	157.999931533363
74.24668599991128	157.999931533363
74.6257489999989	157.999931533363
75.00497699994594	157.999931533363
75.38639100000728	157.999931533363
75.76808900001924	157.999931533363
76.14601499994751	157.999931533363
76.52467600000091	157.999931533363
76.90450299996883	157.999931533363
77.2860680000158	157.999931533363
77.6630179999629	157.999931533363
78.04345399991143	157.999931533363
78.42352199996822	133.0
78.45045999996364	133.0
78.9011729999911	133.0
79.35226099996362	154.99990958338608
79.73106799996458	154.99990958338608
80.1149049999658	154.99990958338608
80.50210899999365	154.99990958338608
80.88843299995642	154.99990958338608
81.27544999995735	154.99990958338608
81.6643219999969	154.99990958338608
82.05005600000732	154.99990958338608
82.43698999995831	154.99990958338608
82.82535699999426	154.99990958338608
83.21190300001763	154.99990958338608
83.59815400000662	154.99990958338608
83.98750499996822	154.99990958338608
84.37367200001609	130.00013000013
84.39102999994066	130.00013000013
84.85246800002642	130.00013000013
85.3140569999814	130.00013000013
85.7753429999575	130.00013000013
86.2375929999398	130.00013000013
86.6995979999192	152.99994645001874
87.02908000000753	152.99994645001874
87.41982700000517	152.99994645001874
87.8128929999657	152.99994645001874
88.20528599992394	152.99994645001874
88.59811799996532	152.99994645001874
88.98852199991234	152.99994645001874
89.38035599992145	201.999798000202
89.66466699994635	201.999798000202
89.96119399997406	201.999798000202
90.25961199996527	201.999798000202
90.55534899991471	201.999798000202
90.85274300002493	201.999798000202
91.14894300000742	201.999798000202
91.44789399998263	42.00001260000378
91.89463300001808	42.00001260000378
93.3226919999579	42.00001260000378
94.751408000011	42.00001260000378
96.17977399996016	42.00001260000378
97.60872699995525	42.00001260000378
99.03902399993967	67.99999546666697
99.66126199997962	67.99999546666697
100.54106899991166	67.99999546666697
101.42298899998423	67.99999546666697
102.30485600000247	67.99999546666697
103.18833999999333	67.99999546666697
104.07053099991754	67.99999546666697
104.9526289999485	67.99999546666697
105.8348119999282	67.99999546666697
106.71754300000612	67.99999546666697
107.59930399991572	80.99997165000993
107.9467289999593	80.99997165000993
108.68593299994245	80.99997165000993
109.4268639999209	80.99997165000993
110.16844299994409	80.99997165000993
110.90951499994844	80.99997165000993
111.64899499993771	50.99998215000625
112.11817299993709	50.99998215000625
113.29536200000439	50.99998215000625
114.4722039999906	50.99998215000625
115.64832499995828	50.99998215000625
116.82536199991591	50.99998215000625
118.00083399994764	50.99998215000625
119.17940699995961	38.99998830000351
119.41830899997149	38.99998830000351
120.95557699992787	113.00009605008164
121.05078799999319	113.00009605008164
121.58201000001281	113.00009605008164
122.11263400001917	113.00009605008164
122.64357299997937	28.999993233334912
123.35313800000586	28.999993233334912
125.42259299999569	28.999993233334912
127.49193499993999	171.00009405005173
127.78388499992434	171.00009405005173
128.13437200000044	171.00009405005173
128.48514200001955	171.00009405005173
128.8364719999954	171.00009405005173
129.1866189999273	171.00009405005173
129.53887399996165	171.00009405005173
129.8892009999836	171.00009405005173
130.2385999999242	171.00009405005173
130.5899699999718	171.00009405005173
130.94092199997976	171.00009405005173
131.29197099991143	171.00009405005173
131.64276900002733	62.0
132.0284189999802	62.0
132.99543699994683	62.0
133.9632649999112	104.00001386666851
134.32209599995986	104.00001386666851
134.8997279999312	104.00001386666851
135.47694600000978	104.00001386666851
136.05359699996188	104.00001386666851
136.63030999992043	104.00001386666851
137.20825899997726	104.00001386666851
137.7835789999226	45.000011250002814
138.24958099995274	45.000011250002814
139.58209999999963	196.0002874670883
139.77147099992726	196.0002874670883
140.07872400002088	196.0002874670883
140.38488999998663	196.0002874670883
140.68983399996068	196.0002874670883
140.99659499991685	196.0002874670883
141.30229499994311	196.0002874670883
141.60830600000918	196.0002874670883
141.91525999992155	196.0002874670883
142.2210999999661	196.0002874670883
142.52823900000658	196.0002874670883
142.83334699994884	196.0002874670883
143.14064999995753	196.0002874670883
143.44466199993622	75.0
143.4664900000207	75.0
144.2660990000004	75.0
145.06796599994414	75.0
145.87000999995507	86.00005160003096
146.5091460000258	86.00005160003096
147.20690099999774	86.00005160003096
147.90380999993067	86.00005160003096
148.60226099996362	86.00005160003096
149.30114200001117	86.00005160003096
149.99827899993397	148.000148000148
150.1704459999455	148.000148000148
150.57436299999245	148.000148000148
150.98030299996026	148.000148000148
151.38575399992988	148.000148000148
151.79147399996873	181.0
152.05895899992902	181.0
152.39040199993178	181.0
152.72120899998117	181.0
153.05344699998386	181.0
153.3849029999692	181.0
153.7163639999926	181.0
154.0491659999825	181.0
154.3794169999892	181.0
154.71040599991102	181.0
155.0416419999674	181.0
155.37395799998194	181.0
155.70436400000472	120.99994353335968
155.83442299999297	120.99994353335968
156.33006499998737	120.99994353335968
156.82618799991906	120.99994353335968
157.32130999991205	120.99994353335968
157.81879900000058	182.99991765003705
158.0209249999607	182.99991765003705
158.34923900000285	182.99991765003705
158.6757669999497	182.99991765003705
159.00351900001988	182.99991765003705
159.3315350000048	182.99991765003705
159.65897599991877	182.99991765003705
159.98637499997858	182.99991765003705
160.3158289999701	182.99991765003705
160.6426999999676	182.99991765003705
160.9704259999562	182.99991765003705
161.2995799999917	182.99991765003705
161.62728799995966	182.99991765003705
161.95385299995542	182.99991765003705
162.281886999961	182.99991765003705
162.6104649999179	104.0
162.67765399999917	104.0
163.25413199991453	104.0
163.83032900001854	180.00018000018
164.00235199998133	180.00018000018
164.33635499991942	180.00018000018
164.66859699995257	180.00018000018
165.00172299996484	180.00018000018
165.3364120000042	180.00018000018
165.66941799991764	180.00018000018
166.00170099991374	180.00018000018
166.33616199996322	180.00018000018
166.67025799991097	180.00018000018
167.0019359999569	180.00018000018
167.33653199998662	180.00018000018
167.66866999992635	122.0000691333725
167.76884499995504	122.0000691333725
168.26106499996968	122.0000691333725
168.75576400000136	122.0000691333725
169.24510599998757	122.0000691333725
169.73722399992403	122.0000691333725
170.22882999991998	122.0000691333725
170.71929399995133	122.0000691333725
171.21178799995687	62.99999685000016
171.84986299998127	62.99999685000016
172.80262299999595	62.99999685000016
173.7557210000232	35.99999280000144
173.91046899999492	35.99999280000144
175.57654999999795	35.99999280000144
177.24530999991111	67.00002903334591
177.78485599998385	67.00002903334591
178.67974299995694	67.00002903334591
179.57398599991575	67.00002903334591
180.470290999976	67.00002903334591
181.3667509999359	34.99999416666764
182.17555599997286	34.99999416666764
183.88935900002252	138.0
184.1426649999339	138.0
184.57789800001774	138.0
185.01189399999566	138.0
185.44740099995397	138.0
185.88163299998268	138.0
186.3169919999782	138.0
186.75076800002716	187.99996240000752
187.00044600002002	187.99996240000752
187.31898099998944	187.99996240000752
187.64070200000424	187.99996240000752
187.95838600001298	187.99996240000752
188.2775889999466	187.99996240000752
188.59622399997897	46.99999060000188
188.92834899993613	46.99999060000188
190.20433500001673	46.99999060000188
191.48054899997078	46.99999060000188
192.75864599994384	116.0
193.11454799992498	116.0
193.6309089999413	116.0
194.15022499999031	116.0
194.66595399996731	33.99999773333349
195.1022299999604	33.99999773333349
196.86715499998536	33.99999773333349
198.6310999999987	33.99999773333349
200.3968950000126	89.00004005001803
200.5553029999137	89.00004005001803
201.22896199999377	89.00004005001803
201.90264200000092	111.0
202.37698399997316	111.0
202.918612999958	111.0
203.45950899994932	111.0
203.99965699994937	111.0
204.53893499996047	111.0
205.07861299999058	111.0
205.61939999996684	83.99996640001343
205.63688799994998	83.99996640001343
206.34958599996753	83.99996640001343
207.06460799998604	83.99996640001343
207.7780179999536	83.99996640001343
208.49292400002014	83.99996640001343
209.21507799997926	83.99996640001343
209.921207999927	83.99996640001343
210.63687299995217	83.99996640001343
211.3494710000232	83.99996640001343
212.06523900001775	83.99996640001343
212.7817100000102	83.99996640001343
213.49309499992523	83.99996640001343
214.20853399997577	83.99996640001343
214.92136699997354	87.00002175000543
215.60500699991826	87.00002175000543
216.29482399998233	87.00002175000543
216.9853769999463	87.00002175000543
217.67590199992992	87.00002175000543
218.3645259999903	87.00002175000543
219.05447899992578	87.00002175000543
219.74311999999918	87.00002175000543
220.43298399995547	87.00002175000543
221.12213699996937	87.00002175000543
221.81169799994677	87.00002175000543
222.5020529999165	87.00002175000543
223.19212999998126	87.00002175000543
223.880989999976	87.00002175000543
224.57064900000114	87.00002175000543
225.26052899996284	87.00002175000543
225.95001399994362	87.00002175000543
226.63946299999952	87.00002175000543
227.32886000000872	87.00002175000543
228.02070400002412	87.00002175000543
228.7088460000232	87.00002175000543
229.40020699996967	87.00002175000543
230.0885029999772	87.00002175000543
230.77945399994496	87.00002175000543
231.46798800001852	87.00002175000543
232.15719699999318	87.00002175000543
232.84771799994633	87.00002175000543
233.5378979999805	87.00002175000543
234.2280229999451	87.00002175000543
234.91739199997392	87.00002175000543
235.60612200002652	87.00002175000543
236.2947990000248	87.00002175000543