0.4918919999618083	120.0
0.9769650000380352	120.0
1.343821999966167	120.0
1.8442000000504777	120.0
2.344327999977395	120.0
2.8445889999857172	120.0
3.344199000042863	120.0
3.8429039999609813	120.0
4.3440620000474155	120.0
4.844861999968998	120.0
5.344013000023551	120.0
5.842818000004627	120.0
6.343865999951959	120.0
6.844124999945052	120.0
7.344662999967113	120.0
7.843936000019312	120.0
8.3448769999668	120.0
8.843939000042155	120.0
9.343385000014678	120.0
9.84309800004121	120.0
10.344179000006989	120.0
10.843651999952272	120.0
11.34425199998077	120.0
11.844008999993093	120.0
12.344580000033602	120.0
12.84379600000102	120.0
13.344279999961145	120.0
13.843309000018053	120.0
14.344491999945603	120.0
14.843691000016406	120.0
15.344452999997884	120.0
15.843462000018917	120.0
16.34447899996303	23.0
16.722967999987304	23.0
19.330367999966256	167.99993280002687
19.473151999991387	167.99993280002687
19.830706999986432	167.99993280002687
20.18979400000535	167.99993280002687
20.546367999981157	167.99993280002687
20.903051999979652	167.99993280002687
21.25924100005068	167.99993280002687
21.6175430000294	167.99993280002687
21.973720000009052	167.99993280002687
22.330413999967277	25.0
22.73310599999968	25.0
25.134687999961898	111.0
25.536859999992885	111.0
26.07938699994702	111.0
26.619424000033177	111.0
27.15999600000214	111.0
27.699512999970466	111.0
28.239476999966428	111.0
28.780043000006117	211.99990106671282
28.817773999995552	211.99990106671282
29.101541999960318	211.99990106671282
29.38487599999644	211.99990106671282
29.666743000037968	211.99990106671282
29.949958999990486	211.99990106671282
30.234597999951802	211.99990106671282
30.517156000016257	33.99999773333349
31.82177599996794	33.99999773333349
33.588226999971084	33.99999773333349
35.35232199996244	140.99997180000565
35.383898000000045	140.99997180000565
35.80801999999676	140.99997180000565
36.234627999947406	140.99997180000565
36.65960100002121	192.0
36.869549999944866	192.0
37.181776999961585	192.0
37.495591999962926	192.0
37.80870799999684	192.0
38.11950299993623	192.0
38.43209400004707	192.0
38.7440550000174	192.0
39.05828700005077	192.0
39.369197999942116	192.0
39.68149899994023	192.0
39.99523899995256	192.0
40.30879699997604	73.0
40.355062999995425	73.0
41.176505999988876	73.0
42.00018600001931	73.0
42.81983900000341	67.99999546666697
42.86010599997826	67.99999546666697
43.74271699995734	67.99999546666697
44.6250960000325	67.99999546666697
45.50726199999917	67.99999546666697
46.389055000036024	218.99968245046045
46.59444000001531	218.99968245046045
46.86748300003819	218.99968245046045
47.14183199999388	218.99968245046045
47.41682199994102	218.99968245046045
47.689337000017986	218.99968245046045
47.96300600003451	218.99968245046045
48.239169999957085	218.99968245046045
48.51159500004724	83.0
48.879886999959126	83.0
49.60241399996448	83.0
50.32566500001121	83.0
51.047168000019155	83.0
51.770117999985814	83.0
52.494049999979325	218.99968245046045
52.64309499994852	218.99968245046045
52.919929999974556	218.99968245046045
53.19156700000167	218.99968245046045
53.46648099995218	218.99968245046045
53.7398009999888	218.99968245046045
54.01349599997047	218.99968245046045
54.290717000025325	218.99968245046045
54.562093000044115	20.0
57.218181999982335	20.0
60.21791899995878	64.0
60.775782000040635	192.99989385005838
61.08290399995167	192.99989385005838
61.39443200000096	192.99989385005838
61.705714000039734	192.99989385005838
62.016960000037216	192.99989385005838
62.32651100005023	192.99989385005838
62.63884799997322	192.99989385005838
62.94966299994849	192.99989385005838
63.25841200002469	192.99989385005838
63.56930099998135	192.99989385005838
63.88072599994484	192.99989385005838
64.19200899999123	192.99989385005838
64.50210799998604	191.0
64.5042250000406	191.0
64.81804000004195	191.0
65.13208300003316	191.0
65.44647099997383	191.0
65.76256900001317	191.0
66.07491600001231	191.0
66.38866399996914	54.00000540000054
66.5892880000174	54.00000540000054
67.70135800004937	54.00000540000054
68.81156199995894	54.00000540000054
69.92298499995377	54.00000540000054
71.03447199997026	160.99991681670966
71.29965599998832	160.99991681670966
71.67070899996907	160.99991681670966
72.04367399995681	160.99991681670966
72.4166419999674	126.0
72.43555599998217	126.0
72.91174799995497	126.0
73.39017699996475	126.0
73.8646449999651	126.0
74.34169799997471	126.0
74.81892999995034	126.0
75.29351300001144	126.0
75.7698579999851	126.0
76.24537100002635	126.0
76.72177199996077	148.000148000148
77.06664700002875	148.000148000148
77.47281299997121	148.000148000148
77.87950899999123	148.000148000148
78.2830140000442	148.000148000148
78.68933500000276	147.0000955500621
78.6910350000253	147.0000955500621
79.09913600003347	147.0000955500621
79.50778700003866	147.0000955500621
79.91658499999903	147.0000955500621
80.32322300004307	147.0000955500621
80.73200099996757	147.0000955500621
81.1399720000336	147.0000955500621
81.54884099995252	147.0000955500621
81.95597599993926	147.0000955500621
82.36456000001635	147.0000955500621
82.77321400004439	71.00003550001774
83.25486700003967	71.00003550001774
84.09894199995324	71.00003550001774
84.94500299997162	148.9998385835082
85.02238099998794	148.9998385835082
85.42644499999005	148.9998385835082
85.82871399994474	148.9998385835082
86.23056799999904	148.9998385835082
86.63276700000279	148.9998385835082
87.0366380000487	148.9998385835082
87.43989799998235	148.9998385835082
87.84144600003492	148.9998385835082
88.24354900000617	148.9998385835082
88.64604899997357	212.0
88.83408099994995	212.0
89.11676999996416	212.0
89.39950900000986	212.0
89.68271099997219	212.0
89.96581900003366	212.0
90.24867600004654	212.0
90.53121199994348	82.99995020002989
90.85086799995042	82.99995020002989
91.5743520000251	82.99995020002989
92.29854099999648	82.99995020002989
93.02023899997585	82.99995020002989
93.74363599997014	82.99995020002989
94.46698999998625	91.99998773333498
95.1057799999835	91.99998773333498
95.75862800003961	91.99998773333498
96.40910799999256	200.0
96.66934699995909	200.0
96.96987000002991	200.0
97.26989899994805	200.0
97.56954699999187	200.0
97.8701230000006	200.0
98.17024200002197	200.0
98.46977399999741	200.0
98.7696719999658	200.0
99.070090000052	200.0
99.37028000003193	200.0
99.67003499995917	200.0
99.96993999998085	200.0
100.26995300000999	200.0
100.56995000003371	123.99999173333389
100.71317799994722	123.99999173333389
101.19743499998003	123.99999173333389
101.68185599998105	123.99999173333389
102.1662190000061	123.99999173333389
102.64878099993803	168.99980283356336
102.9218529999489	168.99980283356336
103.27719699998852	168.99980283356336
103.63116800005082	168.99980283356336
103.98783899995033	168.99980283356336
104.34126000001561	168.99980283356336
104.69777099997737	168.99980283356336
105.05208399996627	168.99980283356336
105.40790400002152	168.99980283356336
105.76200099999551	168.99980283356336
106.11603000003379	168.99980283356336
106.47173899994232	42.00001260000378
106.88933499995619	42.00001260000378
108.31868000002578	42.00001260000378
109.74800999998115	156.000156000156
109.87206900003366	156.000156000156
110.25768899999093	156.000156000156
110.64212299999781	156.000156000156
111.02650200005155	156.000156000156
111.41029799997341	156.000156000156
111.796667000046	156.000156000156
112.17941600002814	156.000156000156
112.5653020000318	92.0
112.7132579999743	92.0
113.36585499998182	92.0
114.01999399997294	92.0
114.6706370000029	182.000182000182
114.84042399993632	182.000182000182
115.1699779999908	182.000182000182
115.49971400003415	182.000182000182
115.8283100000117	182.000182000182
116.15848300000653	182.000182000182
116.48883399995975	182.000182000182
116.81720199994743	182.000182000182
117.1472000000067	182.000182000182
117.47808100003749	182.000182000182
117.8056739999447	182.000182000182
118.13539399998263	182.000182000182
118.46661200001836	110.9999056500802
118.5400260000024	110.9999056500802
119.07988099998329	110.9999056500802
119.62016799999401	110.9999056500802
120.16103600000497	110.9999056500802
120.7013759999536	168.0
120.9423259999603	168.0
121.29837600002065	168.0
121.65406099997927	168.0
122.01119899994228	168.0
122.36748300003819	168.0
122.72663000004832	168.0
123.08281399996486	168.0
123.43978400004562	168.0
123.79788900003769	168.0
124.1543300000485	168.0
124.5102290000068	204.9999487500128
124.77360499999486	204.9999487500128
125.06818199995905	204.9999487500128
125.3595529999584	204.9999487500128
125.65338200004771	204.9999487500128
125.94551600003615	204.9999487500128
126.238481999957	204.9999487500128
126.52971299993806	207.00005175001294
126.81798199994955	207.00005175001294
127.10999999998603	207.00005175001294
127.39859200001229	207.00005175001294
127.6906060000183	207.00005175001294
127.97898499993607	207.00005175001294
128.2694729999639	207.00005175001294
128.55938999995124	207.00005175001294
128.84932000003755	207.00005175001294
129.13939100003336	207.00005175001294
129.42906799993943	207.00005175001294
129.71822699997574	207.00005175001294
130.00808199995663	207.00005175001294
130.29621800000314	207.00005175001294
130.58660599996801	196.0002874670883
130.60183900000993	196.0002874670883
130.90731499996036	196.0002874670883
131.21125900000334	196.0002874670883
131.51941800001077	196.0002874670883
131.82453600002918	196.0002874670883
132.13100099994335	196.0002874670883
132.43585999996867	196.0002874670883
132.742276999983	42.00001260000378
134.13342500000726	42.00001260000378
135.5610759999836	42.00001260000378
136.98969399998896	209.0
137.06556300004013	209.0
137.35152000002563	209.0
137.64011799998116	209.0
137.9279300000053	209.0
138.21407899993937	209.0
138.49996499996632	93.99998120000376
138.66817299998365	93.99998120000376
139.30484799994156	93.99998120000376
139.9433189999545	93.99998120000376
140.58141300000716	93.99998120000376
141.21992299996782	93.99998120000376
141.85929000005126	93.99998120000376
142.4972940000007	34.99999416666764
142.71034200000577	34.99999416666764
144.42328899994027	34.99999416666764
146.137155000004	34.99999416666764


1.2962479999987409	120.0
1.7919049999909475	120.0
1.8445170000195503	120.0
2.344018999952823	120.0
2.8443010000046343	120.0
3.3448050000006333	120.0
3.8432190000312403	120.0
4.344663999974728	120.0
4.844576000003144	120.0
5.344358999980614	120.0
5.843193999957293	120.0
6.343560999957845	120.0
6.843812000006437	120.0
7.345021000015549	120.0
7.844107000040822	120.0
8.345183999976143	120.0
8.844312999979593	120.0
9.34370399999898	120.0
9.843491000006907	120.0
10.344513999996707	120.0
10.84396900003776	120.0
11.344551000045612	120.0
11.84367500001099	120.0
12.344262999948114	120.0
12.843363999971189	120.0
13.34491700003855	120.0
13.843631000025198	120.0
14.34417499997653	120.0
14.844010000000708	120.0
15.344452999997884	120.0
15.8434460000135	120.0
16.345189000014216	22.999996933333744
16.722617999999784	22.999996933333744
19.330669999937527	167.99993280002687
19.472871999954805	167.99993280002687
19.83008899993729	167.99993280002687
20.18948299996555	167.99993280002687
20.545628000050783	167.99993280002687
20.902622999972664	167.99993280002687
21.258979000034742	167.99993280002687
21.617795999976806	167.99993280002687
21.974062000052072	167.99993280002687
22.330396999954246	25.0
22.73332300002221	25.0
25.133292000042275	110.9999056500802
25.53718200000003	110.9999056500802
26.07967100001406	110.9999056500802
26.620571000035852	110.9999056500802
27.16000399994664	110.9999056500802
27.699601999949664	110.9999056500802
28.23916899994947	110.9999056500802
28.780043000006117	212.0
28.8181259999983	212.0
29.101541999960318	212.0
29.38458900002297	212.0
29.66668399993796	212.0
29.95041199994739	212.0
30.234241000027396	212.0
30.517877000034787	33.99999773333349
31.822585999965668	33.99999773333349
33.58761499996763	33.99999773333349
35.35171199997421	140.99997180000565
35.38361000001896	140.99997180000565
35.80801999999676	140.99997180000565
36.234627999947406	140.99997180000565
36.659937000018544	192.0
36.86894299997948	192.0
37.182172999950126	192.0
37.49589400005061	192.0
37.809362999978475	192.0
38.12010399997234	192.0
38.43175200000405	192.0
38.74435799999628	192.0
39.0586389999371	192.0
39.369484000024386	192.0
39.682413000031374	192.0
39.994588000001386	192.0
40.30903799994849	72.99998296667064
40.355089999968186	72.99998296667064
41.17617999995127	72.99998296667064
42.000606999965385	72.99998296667064
42.8201490000356	67.99999546666697
42.86041900003329	67.99999546666697
43.74271699995734	67.99999546666697
44.6250960000325	67.99999546666697
45.506765999947675	67.99999546666697
46.38938800001051	218.99968245046045
46.595070000039414	218.99968245046045
46.86827199999243	218.99968245046045
47.1421590000391	218.99968245046045
47.4177909999853	218.99968245046045
47.689337000017986	218.99968245046045
47.96296299993992	218.99968245046045
48.23895300005097	218.99968245046045
48.51191200001631	82.99995020002989
48.879886999959126	82.99995020002989
49.60241399996448	82.99995020002989
50.32566500001121	82.99995020002989
51.047194999991916	82.99995020002989
51.770219999947585	82.99995020002989
52.49371399998199	218.99968245046045
52.643352000042796	218.99968245046045
52.9192219999386	218.99968245046045
53.19260499998927	218.99968245046045
53.46614899998531	218.99968245046045
53.739509999984875	218.99968245046045
54.01421399996616	218.99968245046045
54.28703500004485	218.99968245046045
54.562402999959886	20.0
57.218208999955095	20.0
60.21763299999293	64.0
60.7758240000112	193.0
61.08326400001533	193.0
61.39466899994295	193.0
61.70603400003165	193.0
62.0172330000205	193.0
62.32651100005023	193.0
62.63851499999873	193.0
62.94966299994849	193.0
63.25872599997092	193.0
63.569882999989204	193.0
63.88040899997577	193.0
64.19169300002977	193.0
64.50198599998839	191.00007640003057
64.50405700004194	191.00007640003057
64.81867299997248	191.00007640003057
65.13252199999988	191.00007640003057
65.44705499999691	191.00007640003057
65.76054199994542	191.00007640003057
66.07491600001231	191.00007640003057
66.3886900000507	54.00000540000054
66.58930400002282	54.00000540000054
67.70051400002558	54.00000540000054
68.81136900000274	54.00000540000054
69.92298499995377	54.00000540000054
71.03507999994326	160.99991681670966
71.30027699994389	160.99991681670966
71.67134400003124	160.99991681670966
72.0439479999477	160.99991681670966
72.41617800004315	126.000126000126
72.43527799996082	126.000126000126
72.91200000001118	126.000126000126
73.39049000001978	126.000126000126
73.86497799993958	126.000126000126
74.34055600001011	126.000126000126
74.81864800001495	126.000126000126
75.29323800001293	126.000126000126
75.76896400004625	126.000126000126
76.2449590000324	126.000126000126
76.72210599994287	148.0
77.06704700004775	148.0
77.47249499999452	148.0
77.87920199998189	148.0
78.2826069999719	148.0
78.68899099994451	147.0000955500621
78.69071300001815	147.0000955500621
79.09882399998605	147.0000955500621
79.50745499995537	147.0000955500621
79.91626700002234	147.0000955500621
80.32348599995021	147.0000955500621
80.73159199999645	147.0000955500621
81.13965999998618	147.0000955500621
81.5484240000369	147.0000955500621
81.95566199999303	147.0000955500621
82.36413699993864	147.0000955500621
82.77353000000585	71.00003550001774
83.25500999996439	71.00003550001774
84.09856199997012	71.00003550001774
84.94469499995466	148.9998385835082
85.02238099998794	148.9998385835082
85.42616799997631	148.9998385835082
85.82801199995447	148.9998385835082
86.23090199998114	148.9998385835082
86.63244700001087	148.9998385835082
87.03595299995504	148.9998385835082
87.43989799998235	148.9998385835082
87.84141799993813	148.9998385835082
88.24354900000617	148.9998385835082
88.64620700001251	211.99990106671282
88.8336320000235	211.99990106671282
89.11642600002233	211.99990106671282
89.39950900000986	211.99990106671282
89.68271099997219	211.99990106671282
89.96543099998962	211.99990106671282
90.2488509999821	211.99990106671282
90.53118799999356	82.99995020002989
90.85153899993747	82.99995020002989
91.57508800004143	82.99995020002989
92.29854099999648	82.99995020002989
93.02049699996132	82.99995020002989
93.74331299995538	82.99995020002989
94.46667300001718	91.99998773333498
95.10545799997635	91.99998773333498
95.75825600000098	91.99998773333498
96.40941700001713	200.0
96.66975200001616	200.0
96.96956200001296	200.0
97.26955299999099	200.0
97.56924900005106	200.0
97.870389000047	200.0
98.16994299995713	200.0
98.46973899996374	200.0
98.77033800003119	200.0
99.07005199999548	200.0
99.37054399994668	200.0
99.66972600005101	200.0
99.97024199995212	200.0
100.27057399996556	200.0
100.57023700000718	123.99999173333389
100.71317799994722	123.99999173333389
101.19743499998003	123.99999173333389
101.68233099998906	123.99999173333389
102.1666940000141	123.99999173333389
102.64878099993803	168.99980283356336
102.92148300004192	168.99980283356336
103.2765809999546	168.99980283356336
103.6314489999786	168.99980283356336
103.98783899995033	168.99980283356336
104.34091000002809	168.99980283356336
104.69838299998082	168.99980283356336
105.05267999996431	168.99980283356336
105.4079330000095	168.99980283356336
105.7617559999926	168.99980283356336
106.11603000003379	168.99980283356336
106.47153900004923	42.00001260000378
106.88935099996161	42.00001260000378
108.31911599996965	42.00001260000378
109.74800999998115	156.0
109.87240200000815	156.0
110.25832399993669	156.0
110.64243300003	156.0
111.02651799994055	156.0
111.41061499994248	156.0
111.79632800002582	156.0
112.18004000000656	156.0
112.5653020000318	91.99998773333498
112.71344700001646	91.99998773333498
113.36558400001377	91.99998773333498
114.01975500001572	91.99998773333498
114.67020499997307	182.000182000182
114.84013000002597	182.000182000182
115.17016800004058	182.000182000182
115.5000299999956	182.000182000182
115.8286210000515	182.000182000182
116.15880199999083	182.000182000182
116.48946099996101	182.000182000182
116.81762300000992	182.000182000182
117.14774599997327	182.000182000182
117.4780370000517	182.000182000182
117.8056739999447	182.000182000182
118.13564899994526	182.000182000182
118.46697299997322	110.9999056500802
118.54035000002477	110.9999056500802
119.07903000002261	110.9999056500802
119.61988300003577	110.9999056500802
120.16065400000662	110.9999056500802
120.701034000027	167.99993280002687
120.94010799995158	167.99993280002687
121.29764300002716	167.99993280002687
121.65406099997927	167.99993280002687
122.01089399994817	167.99993280002687
122.3676170000108	167.99993280002687
122.72600599995349	167.99993280002687
123.08218499994837	167.99993280002687
123.43978400004562	167.99993280002687
123.79821000003722	167.99993280002687
124.1543300000485	167.99993280002687
124.5102290000068	205.0
124.7735780000221	205.0
125.06825400004163	205.0
125.35959699994419	205.0
125.65278200001922	205.0
125.94582699995954	205.0
126.238481999957	205.0
126.53031299996655	207.00005175001294
126.81862499995623	207.00005175001294
127.1093010000186	207.00005175001294
127.3982890000334	207.00005175001294
127.68998000002466	207.00005175001294
127.97935399995185	207.00005175001294
128.2697750000516	207.00005175001294
128.55972699995618	207.00005175001294
128.84932000003755	207.00005175001294
129.13905100000557	207.00005175001294
129.42890099994838	207.00005175001294
129.71761399996467	207.00005175001294
130.0084799999604	207.00005175001294
130.29626400000416	207.00005175001294
130.58630900003482	196.0002874670883
130.60215799999423	196.0002874670883
130.90696699998807	196.0002874670883
131.2122120000422	196.0002874670883
131.51944399997592	196.0002874670883
131.82453600002918	196.0002874670883
132.13107200001832	196.0002874670883
132.43584299995564	196.0002874670883
132.742276999983	42.00001260000378
134.1337089999579	42.00001260000378
135.56076699995901	42.00001260000378
136.98969399998896	209.00024731695933
137.06524799996987	209.00024731695933
137.35153600003105	209.00024731695933
137.64015999995172	209.00024731695933
137.92777399998158	209.00024731695933
138.2138359999517	209.00024731695933
138.4996589999646	93.99998120000376
138.6678059999831	93.99998120000376
139.30516500002705	93.99998120000376
139.94334500003606	93.99998120000376
140.5814379999647	93.99998120000376
141.21992299996782	93.99998120000376
141.8596050000051	93.99998120000376
142.49698699999135	34.99999416666764
142.710626999964	34.99999416666764
144.42363500001375	34.99999416666764
146.13753099995665	34.99999416666764


0.006063999957405031	120.0
0.500289999996312	120.0
1.0004839999601245	120.0
1.343821999966167	120.0
1.8441729999613017	120.0
2.344018999952823	120.0
2.8443010000046343	120.0
3.344199000042863	120.0
3.8432190000312403	120.0
4.3440620000474155	120.0
4.844576000003144	120.0
5.343981000012718	120.0
5.842818000004627	120.0
6.34316199994646	120.0
6.844410000019707	120.0
7.344281999976374	120.0
7.844114999985322	120.0
8.344209000002593	120.0
8.844619999988936	120.0
9.343990999972448	120.0
9.843244999996386	120.0
10.345850000041537	120.0
10.844093000050634	120.0
11.344226000015624	120.0
11.84369200002402	120.0
12.344218999962322	120.0
12.844243000028655	120.0
13.344612000044435	120.0
13.843929999973625	120.0
14.343862000037916	120.0
14.843691000016406	120.0
15.344136000028811	120.0
15.843828000011854	120.0
16.343135999981314	22.999996933333744
16.72290900000371	22.999996933333744
19.33035199996084	167.99993280002687
19.473151999991387	167.99993280002687
19.830402999999933	167.99993280002687
20.189177999971434	167.99993280002687
20.545947000035085	167.99993280002687
20.9042190000182	167.99993280002687
21.25866299995687	167.99993280002687
21.61748300003819	167.99993280002687
21.97373600001447	167.99993280002687
22.330089999944903	25.0
22.732880000025034	25.0
25.13490099995397	110.9999056500802
25.536859999992885	110.9999056500802
26.079228000016883	110.9999056500802
26.619407000020146	110.9999056500802
27.159669999964535	110.9999056500802
27.70012199995108	110.9999056500802
28.239763999939896	110.9999056500802
28.78038699994795	211.99990106671282
28.81808400002774	211.99990106671282
29.10183399997186	211.99990106671282
29.38458900002297	211.99990106671282
29.66706000000704	211.99990106671282
29.950390000012703	211.99990106671282
30.233895999961533	211.99990106671282
30.517977999988943	34.0
31.82227200001944	34.0
33.58792199997697	34.0
35.35204300004989	140.99997180000565
35.383319000015035	140.99997180000565
35.8086230000481	140.99997180000565
36.23498499998823	140.99997180000565
36.66022800002247	192.0
36.86901499994565	192.0
37.182172999950126	192.0
37.49589400005061	192.0
37.80870799999684	192.0
38.11981800000649	192.0
38.43173599999864	192.0
38.74464299995452	192.0
39.058595999958925	192.0
39.369484000024386	192.0
39.68184900004417	192.0
39.994966999976896	192.0
40.30873399996199	72.99998296667064
40.35537899995688	72.99998296667064
41.179021000047214	72.99998296667064
42.00031399994623	72.99998296667064
42.81983900000341	68.0
42.86010599997826	68.0
43.743034000042826	68.0
44.62546500004828	68.0
45.50802399998065	68.0
46.38910299993586	219.0
46.59444000001531	219.0
46.867740000016056	219.0
47.14185799995903	219.0
47.41733199998271	219.0
47.68965499999467	219.0
47.96359199995641	219.0
48.23925800004508	219.0
48.51159500004724	82.99995020002989
48.88021500001196	82.99995020002989
49.60273100004997	82.99995020002989
50.326085999957286	82.99995020002989
51.04765800002497	82.99995020002989
51.77112399996258	82.99995020002989
52.494049999979325	218.99968245046045
52.64301799994428	218.99968245046045
52.91945299995132	218.99968245046045
53.19218999997247	218.99968245046045
53.465839999960735	218.99968245046045
53.73919200000819	218.99968245046045
54.01349599997047	218.99968245046045
54.2869799999753	218.99968245046045
54.56249799998477	20.0
57.21851799997967	20.0
60.2182160000084	64.0
60.77615599997807	192.99989385005838
61.0835509999888	192.99989385005838
61.39489999995567	192.99989385005838
61.70632400002796	192.99989385005838
62.01661900000181	192.99989385005838
62.327879999997094	192.99989385005838
62.63914600003045	192.99989385005838
62.94997299998067	192.99989385005838
63.25841200002469	192.99989385005838
63.569273000000976	192.99989385005838
63.881017999956384	192.99989385005838
64.19200899999123	192.99989385005838
64.50177299999632	191.00007640003057
64.50390100001823	191.00007640003057
64.81839100003708	191.00007640003057
65.13259299995843	191.00007640003057
65.44676299998537	191.00007640003057
65.76153999997769	191.00007640003057
66.07525100000203	191.00007640003057
66.38898199994583	54.00000540000054
66.5896070000017	54.00000540000054
67.70015000004787	54.00000540000054
68.81164299999364	54.00000540000054
69.92330799996853	54.00000540000054
71.03479199996218	160.99991681670966
71.29996099998243	160.99991681670966
71.67102100001648	160.99991681670966
72.04333599994425	160.99991681670966
72.41579600004479	126.000126000126
72.43580900004599	126.000126000126
72.91278999997303	126.000126000126
73.3907950000139	126.000126000126
73.86566100001801	126.000126000126
74.34138100000564	126.000126000126
74.81833100004587	126.000126000126
75.29306599998381	126.000126000126
75.76911400002427	126.000126000126
76.24531000002753	126.000126000126
76.72240500000771	148.000148000148
77.06721699994523	148.000148000148
77.47249499999452	148.000148000148
77.87979399994947	148.000148000148
78.28321300004609	148.000148000148
78.6896349999588	147.0
78.69133699999657	147.0
79.09943599998951	147.0
79.50806100002956	147.0
79.91658499999903	147.0
80.32337999995798	147.0
80.7322479999857	147.0
81.13965999998618	147.0
81.54884099995252	147.0
81.95597599993926	147.0
82.36413699993864	71.00003550001774
82.40980599995237	71.00003550001774
83.25516099995002	71.00003550001774
84.09865800000262	71.00003550001774
84.94467899994925	148.9998385835082
85.0227850000374	148.9998385835082
85.42672500002664	148.9998385835082
85.82844499999192	148.9998385835082
86.23087700002361	148.9998385835082
86.63244700001087	148.9998385835082
87.0359040000476	148.9998385835082
87.440198999946	148.9998385835082
87.84177299996372	148.9998385835082
88.24419200001284	148.9998385835082
88.64649700000882	211.99990106671282
88.83413700002711	211.99990106671282
89.11702300002798	211.99990106671282
89.3999420000473	211.99990106671282
89.6823929999955	211.99990106671282
89.96574999997392	211.99990106671282
90.24913300003391	211.99990106671282
90.53144799999427	83.0
90.85091499995906	83.0
91.5743520000251	83.0
92.29914000001736	83.0
93.02018500003032	83.0
93.74398699996527	83.0
94.46727699995972	92.0
95.1057799999835	92.0
95.75894199998584	92.0
96.40913499996532	200.0
96.66971899999771	200.0
96.96994400001131	200.0
97.26994300005026	200.0
97.56950500002131	200.0
97.87014999997336	200.0
98.16962699999567	200.0
98.4699729999993	200.0
98.7700790000381	200.0
99.07033200003207	200.0
99.37023699993733	200.0
99.67031499999575	200.0
99.96995699999388	200.0
100.27029100002255	200.0
100.56960899999831	123.99999173333389
100.71360400004778	123.99999173333389
101.19777600001544	123.99999173333389
101.68197599996347	123.99999173333389
102.1662190000061	123.99999173333389
102.64909900003113	168.99980283356336
102.9218089999631	168.99980283356336
103.27691400004551	168.99980283356336
103.63114099996164	168.99980283356336
103.98852999997325	168.99980283356336
104.34133600001223	168.99980283356336
104.6981219999725	168.99980283356336
105.05237299995497	168.99980283356336
105.40824499994051	168.99980283356336
105.76232500001788	168.99980283356336
106.11644400004297	168.99980283356336
106.47196300001815	42.0
106.88902600004803	42.0
108.31837200000882	42.0
109.74832100002095	156.000156000156
109.87238600000273	156.000156000156
110.25802900001872	156.000156000156
110.64180999994278	156.000156000156
111.02683300001081	156.000156000156
111.41061499994248	156.000156000156
111.79631200002041	156.000156000156
112.1797540000407	156.000156000156
112.56561799999326	91.99998773333498
112.71359099994879	91.99998773333498
113.36612499994226	91.99998773333498
114.0196869999636	91.99998773333498
114.67083600000478	182.000182000182
114.84039699996356	182.000182000182
115.1704149999423	182.000182000182
115.5003189999843	182.000182000182
115.82801900000777	182.000182000182
116.1582299999427	182.000182000182
116.48883399995975	182.000182000182
116.81690400000662	182.000182000182
117.1472000000067	182.000182000182
117.47834399994463	182.000182000182
117.80623099999502	182.000182000182
118.13543399993796	182.000182000182
118.46629899996333	110.9999056500802
118.5400260000024	110.9999056500802
119.08010899997316	110.9999056500802
119.61988300003577	110.9999056500802
120.16065400000662	110.9999056500802
120.7013759999536	167.99993280002687
120.93979299999774	167.99993280002687
121.29804200003855	167.99993280002687
121.65439599996898	167.99993280002687
122.01055999996606	167.99993280002687
122.36798500001896	167.99993280002687
122.72632499993779	167.99993280002687
123.08220399997663	167.99993280002687
123.44039600004908	167.99993280002687
123.79851799993776	167.99993280002687
124.15467399999034	167.99993280002687
124.51084200001787	204.9999487500128
124.77431799995247	204.9999487500128
125.0686370000476	204.9999487500128
125.35926599998493	204.9999487500128
125.65312100003939	204.9999487500128
125.94551600003615	204.9999487500128
126.23876800003927	204.9999487500128
126.52968299994245	207.0
126.8179620000301	207.0
127.1093010000186	207.0
127.39797399996314	207.0
127.68998000002466	207.0
127.97963600000367	207.0
128.2694729999639	207.0
128.56001400004607	207.0
128.84990399994422	207.0
129.1396309999982	207.0
129.42921700002626	207.0
129.71794600004796	207.0
130.00815599993803	207.0
130.29663400002755	207.0
130.58660599996801	196.0002874670883
130.60185600002296	196.0002874670883
130.90731499996036	196.0002874670883
131.21119900001213	196.0002874670883
131.52001999993809	196.0002874670883
131.82515000004787	196.0002874670883
132.13130200002342	196.0002874670883
132.43624299997464	42.00001260000378
132.70420100004412	42.00001260000378
134.13311099994462	42.00001260000378
135.56073999998625	42.00001260000378
136.98937900003511	209.00024731695933
137.06522200000472	209.00024731695933
137.35184100002516	209.00024731695933
137.64041400002316	209.00024731695933
137.92759500001557	209.00024731695933
138.2136729999911	209.00024731695933
138.49964299995918	94.0
138.6678059999831	94.0
139.30516500002705	94.0
139.94300500000827	94.0
140.58169400005136	94.0
141.22026700002607	94.0
141.8596050000051	94.0
142.4966289999429	34.99999416666764
142.71034200000577	34.99999416666764
144.42363500001375	34.99999416666764
146.137155000004	34.99999416666764


1.3962349999928847	120.0
1.8926719999872148	120.0
2.344399999943562	120.0
2.84398699994199	120.0
3.3445150000043213	120.0
3.842921999981627	120.0
4.344378000008874	120.0
4.844262999948114	120.0
5.343641999992542	120.0
5.843389999936335	120.0
6.343766000005417	120.0
6.843812000006437	120.0
7.3442610000493005	120.0
7.8439439999638125	120.0
8.344209000002593	120.0
8.843890000018291	120.0
9.343402000027709	120.0
9.843507000012323	120.0
10.346141000045463	120.0
10.843651999952272	120.0
11.344535000040196	120.0
11.844436999992467	120.0
12.344856000039726	120.0
12.843862000037916	120.0
13.344279999961145	120.0
13.843359000049531	120.0
14.343888000003062	120.0
14.844010000000708	120.0
15.344136000028811	120.0
15.844038999988697	120.0
16.343135999981314	120.0
16.843787999940105	22.999996933333744
19.330951999989338	167.99993280002687
19.472864000010304	167.99993280002687
19.83010599995032	167.99993280002687
20.189554000040516	167.99993280002687
20.545947000035085	167.99993280002687
20.90201199997682	167.99993280002687
21.258637999999337	167.99993280002687
21.618096000049263	167.99993280002687
21.974342999979854	167.99993280002687
22.330089999944903	25.0
22.732880000025034	25.0
25.13539099995978	110.9999056500802
25.537574999965727	110.9999056500802
26.079074000008404	110.9999056500802
26.621297999983653	110.9999056500802
27.159642999991775	110.9999056500802
27.699828000040725	110.9999056500802
28.23916899994947	110.9999056500802
28.780683999997564	211.99990106671282
28.81836299994029	211.99990106671282
29.101240999996662	211.99990106671282
29.38426800002344	211.99990106671282
29.66729899996426	211.99990106671282
29.94993100001011	211.99990106671282
30.233895999961533	211.99990106671282
30.51844799995888	33.99999773333349
31.82219099998474	33.99999773333349
33.587947999942116	33.99999773333349
35.35204300004989	140.99997180000565
35.383292000042275	140.99997180000565
35.80833599995822	140.99997180000565
36.23504599998705	140.99997180000565
36.65961800003424	192.0
36.8692550000269	192.0
37.18252399994526	192.0
37.49617399997078	192.0
37.80907399998978	192.0
38.11981800000649	192.0
38.43236800003797	192.0
38.74435799999628	192.0
39.05825000000186	192.0
39.36917199997697	192.0
39.68149899994023	192.0
39.99463299999479	192.0
40.30842599994503	192.0
40.61893999995664	72.99998296667064
41.17921800003387	72.99998296667064
42.00082800001837	72.99998296667064
42.82044100004714	67.99999546666697
42.86041900003329	67.99999546666697
43.743034000042826	67.99999546666697
44.6246889999602	67.99999546666697
45.507798000006005	67.99999546666697
46.38938800001051	218.99968245046045
46.59478299994953	218.99968245046045
46.86746600002516	218.99968245046045
47.14156300004106	218.99968245046045
47.41682199994102	218.99968245046045
47.689937000046484	218.99968245046045
47.963303999975324	218.99968245046045
48.23947599995881	218.99968245046045
48.51191200001631	82.99995020002989
48.88021500001196	82.99995020002989
49.60273100004997	82.99995020002989
50.32646500004921	82.99995020002989
51.04790400003549	82.99995020002989
51.770790999988094	82.99995020002989
52.49371399998199	219.0
52.6436789999716	219.0
52.91984200000297	219.0
53.191650999942794	219.0
53.46616599999834	219.0
53.739509999984875	219.0
54.013843999942765	219.0
54.28935800003819	219.0
54.56168299994897	20.0
57.21891599998344	20.0
60.21759000001475	64.0
60.776445999974385	192.99989385005838
61.08326400001533	192.99989385005838
61.39471499994397	192.99989385005838
61.70603400003165	192.99989385005838
62.01661900000181	192.99989385005838
62.32724799995776	192.99989385005838
62.63851499999873	192.99989385005838
62.94997299998067	192.99989385005838
63.25872599997092	192.99989385005838
63.56962399999611	192.99989385005838
63.88040899997577	192.99989385005838
64.19169300002977	192.99989385005838
64.50195900001563	191.00007640003057
64.50406700000167	191.00007640003057
64.81839100003708	191.00007640003057
65.13230299996212	191.00007640003057
65.44738599995617	191.00007640003057
65.76084799994715	191.00007640003057
66.07525100000203	191.00007640003057
66.38926299999002	54.00000540000054
66.5899399999762	54.00000540000054
67.70086600002833	54.00000540000054
68.81184400001075	54.00000540000054
69.92361499997787	54.00000540000054
71.03447199997026	160.99991681670966
71.29962599999271	160.99991681670966
71.67070899996907	160.99991681670966
72.04364799999166	160.99991681670966
72.41656100004911	126.000126000126
72.43545999994967	126.000126000126
72.91173199994955	126.000126000126
73.39017699996475	126.000126000126
73.86457600002177	126.000126000126
74.34126100002322	126.000126000126
74.81834799994249	126.000126000126
75.29367199994158	126.000126000126
75.7698579999851	126.000126000126
76.2449590000324	126.000126000126
76.72210599994287	148.000148000148
77.06695200002287	148.000148000148
77.47311699995771	148.000148000148
77.87917700002436	148.000148000148
78.28293200000189	148.000148000148
78.68899099994451	147.0000955500621
78.69071300001815	147.0000955500621
79.09882399998605	147.0000955500621
79.50743899994995	147.0000955500621
79.91626700002234	147.0000955500621
80.32363200001419	147.0000955500621
80.73194600001443	147.0000955500621
81.1399720000336	147.0000955500621
81.5484240000369	147.0000955500621
81.95566199999303	147.0000955500621
82.36448899994139	71.00003550001774
82.40991699998267	71.00003550001774
83.25454700004775	71.00003550001774
84.09823500004131	71.00003550001774
84.9453190000495	149.0
85.02310200000647	149.0
85.42613200005144	149.0
85.82801199995447	149.0
86.23056799999904	149.0
86.63261500000954	149.0
87.03633399994578	149.0
87.43953299999703	149.0
87.84205700003076	149.0
88.24390999996103	149.0
88.64635099994484	211.99990106671282
88.83390299999155	211.99990106671282
89.11642600002233	211.99990106671282
89.39987199997995	211.99990106671282
89.6823929999955	211.99990106671282
89.96610900002997	211.99990106671282
90.24853700003587	211.99990106671282
90.53165300004184	82.99995020002989
90.85124099999666	82.99995020002989
91.57469599996693	82.99995020002989
92.29885799996555	82.99995020002989
93.01986000000034	82.99995020002989
93.74368099996354	82.99995020002989
94.46698999998625	91.99998773333498
95.10612200002652	91.99998773333498
95.75862800003961	91.99998773333498
96.40879899996798	200.0
96.66932600003202	200.0
96.96965300000738	200.0
97.27024600002915	200.0
97.56923300004564	200.0
97.86983300000429	200.0
98.16994299995713	200.0
98.46946000005119	200.0
98.77005199994892	200.0
99.06972200004384	200.0
99.36994899995625	200.0
99.66975400003139	200.0
99.96963700000197	200.0
100.27026499994099	200.0
100.5696529999841	124.0
100.71360400004778	124.0
101.19777600001544	124.0
101.68128400004935	124.0
102.16658600000665	124.0
102.64938399998937	168.99980283356336
102.92148300004192	168.99980283356336
103.2765809999546	168.99980283356336
103.63175599998794	168.99980283356336
103.98815099999774	168.99980283356336
104.34114399994723	168.99980283356336
104.69779699994251	168.99980283356336
105.05206799996085	168.99980283356336
105.40854500001296	168.99980283356336
105.76216000004206	168.99980283356336
106.11625299998559	168.99980283356336
106.47173899994232	42.00001260000378
106.88902600004803	42.00001260000378
108.31882000004407	42.00001260000378
109.74832100002095	156.000156000156
109.87208600004669	156.000156000156
110.25773299997672	156.000156000156
110.64209800004028	156.000156000156
111.02711999998428	156.000156000156
111.41090200003237	156.000156000156
111.79695300001185	156.000156000156
112.1797540000407	156.000156000156
112.56561799999326	91.99998773333498
112.71403000003193	91.99998773333498
113.36556800000835	91.99998773333498
114.01935700001195	91.99998773333498
114.67024799995124	182.000182000182
114.84000600001309	182.000182000182
115.16955200000666	182.000182000182
115.5000299999956	182.000182000182
115.82799200003501	182.000182000182
116.15817499998957	182.000182000182
116.48915999999736	182.000182000182
116.8168880000012	182.000182000182
117.14686300000176	182.000182000182
117.47843300004024	182.000182000182
117.80611400003545	182.000182000182
118.13584200001787	182.000182000182
118.46822599996813	110.9999056500802
118.53968699998222	110.9999056500802
119.07913800003007	110.9999056500802
119.61956999998074	110.9999056500802
120.16100900003221	110.9999056500802
120.701034000027	167.99993280002687
120.94010799995158	167.99993280002687
121.29768600000534	167.99993280002687
121.65475899993908	167.99993280002687
122.01089399994817	167.99993280002687
122.36775600002147	167.99993280002687
122.72600599995349	167.99993280002687
123.08252599998377	167.99993280002687
123.44009899999946	167.99993280002687
123.79821000003722	167.99993280002687
124.15467399999034	167.99993280002687
124.51056399999652	204.9999487500128
124.77387299994007	204.9999487500128
125.06849400000647	204.9999487500128
125.35983900004067	204.9999487500128
125.65309399995022	204.9999487500128
125.94614300003741	204.9999487500128
126.23817100003362	204.9999487500128
126.53002599999309	207.00005175001294
126.81833199993707	207.00005175001294
127.10968100000173	207.00005175001294
127.39834399998654	207.00005175001294
127.69030699995346	207.00005175001294
127.9792979999911	207.00005175001294
128.26913599995896	207.00005175001294
128.55972699995618	207.00005175001294
128.849664999987	207.00005175001294
129.13902500004042	207.00005175001294
129.42803800001275	207.00005175001294
129.71794600004796	207.00005175001294
130.00842600001488	207.00005175001294
130.29701300000306	207.00005175001294
130.5868939999491	196.0002874670883
130.60244599997532	196.0002874670883
130.90770500001963	196.0002874670883
131.21162299998105	196.0002874670883
131.51974300004076	196.0002874670883
131.82484499993734	196.0002874670883
132.1307210000232	196.0002874670883
132.43614200002048	42.0
132.70453899994027	42.0
134.13342500000726	42.0
135.56144900002982	42.0
136.98937900003511	209.00024731695933
137.06556300004013	209.00024731695933
137.35220299998764	209.00024731695933
137.63978399999905	209.00024731695933
137.9280720000388	209.00024731695933
138.21419400000013	209.00024731695933
138.49996499996632	93.99998120000376
138.66826299997047	93.99998120000376
139.30484799994156	93.99998120000376
139.94300500000827	93.99998120000376
140.58174599998165	93.99998120000376
141.22026700002607	93.99998120000376
141.85926299996208	93.99998120000376
142.49667399993632	35.0
142.71001999999862	35.0
144.42392199998721	35.0
146.1368449999718	35.0


0.8513960000127554	120.0
1.3440039999550208	120.0
1.8445429999846965	120.0
2.3446489999769256	120.0
2.84398699994199	120.0
3.3445150000043213	120.0
3.8434989999514073	120.0
4.344378000008874	120.0
4.844262999948114	120.0
5.343641999992542	120.0
5.843091999995522	120.0
6.34349400002975	120.0
6.844124999945052	120.0
7.34467899997253	120.0
7.844457000028342	120.0
8.344891999964602	120.0
8.844312999979593	120.0
9.34370399999898	120.0
9.843747999984771	120.0
10.345941000035964	120.0
10.844238999998197	120.0
11.34484000003431	120.0
11.844141999958083	120.0
12.344551999936812	120.0
12.843363999971189	120.0
13.344612000044435	120.0
13.843677000026219	120.0
14.344200000050478	120.0
14.844292999943718	120.0
15.344737999956124	120.0
15.843756999936886	120.0
16.34477099997457	22.999996933333744
16.722591000027023	22.999996933333744
19.330669999937527	168.0
19.4734340000432	168.0
19.830470000044443	168.0
20.189177999971434	168.0
20.545628000050783	168.0
20.90406400000211	168.0
21.25893599994015	168.0
21.61786600004416	168.0
21.974036999978125	168.0
22.330700000049546	25.0
22.733128999941982	25.0
25.132930999970995	110.9999056500802
25.537222999962978	110.9999056500802
26.079527999972925	110.9999056500802
26.619735999964178	110.9999056500802
27.161048999987543	110.9999056500802
27.699895999976434	110.9999056500802
28.23949199996423	110.9999056500802
28.780370000051335	211.99990106671282
28.817798999953084	211.99990106671282
29.10122399998363	211.99990106671282
29.38426800002344	211.99990106671282
29.66698900004849	211.99990106671282
29.950732999946922	211.99990106671282
30.234310999978334	211.99990106671282
30.517177999950945	33.99999773333349
31.821844000020064	33.99999773333349
33.58761499996763	33.99999773333349
35.35171199997421	141.0
35.38361000001896	141.0
35.80833599995822	141.0
36.23526500002481	141.0
36.659937000018544	192.0
36.86938699998427	192.0
37.181798000005074	192.0
37.49557599995751	192.0
37.80907399998978	192.0
38.11950299993623	192.0
38.432049999944866	192.0
38.74402700003702	192.0
39.05888499994762	192.0
39.36978499998804	192.0
39.683339999988675	192.0
39.994937999988906	192.0
40.30846800003201	192.0
40.61893999995664	72.99998296667064
41.177067999960855	72.99998296667064
42.000531999976374	72.99998296667064
42.8201490000356	67.99999546666697
42.86071899998933	67.99999546666697
43.74331599997822	67.99999546666697
44.6246889999602	67.99999546666697
45.50714799994603	67.99999546666697
46.38977599993814	218.99968245046045
46.59475399996154	218.99968245046045
46.867740000016056	218.99968245046045
47.14151999994647	218.99968245046045
47.41733199998271	218.99968245046045
47.68965499999467	218.99968245046045
47.963303999975324	218.99968245046045
48.23886199994013	218.99968245046045
48.51219100004528	82.99995020002989
48.8805220000213	82.99995020002989
49.60301600000821	82.99995020002989
50.326085999957286	82.99995020002989
51.04763099993579	82.99995020002989
51.77047999994829	82.99995020002989
52.49433699995279	218.99968245046045
52.64342700003181	218.99968245046045
52.91962499998044	218.99968245046045
53.19210200000089	218.99968245046045
53.465839999960735	218.99968245046045
53.73919200000819	218.99968245046045
54.013843999942765	218.99968245046045
54.288075000047684	218.99968245046045
54.56285999994725	20.0
57.21853299997747	20.0
60.21791899995878	64.0
60.776139999972656	192.99989385005838
61.08286500000395	192.99989385005838
61.39432700001635	192.99989385005838
61.705714000039734	192.99989385005838
62.016931000049226	192.99989385005838
62.32713400002103	192.99989385005838
62.63884799997322	192.99989385005838
62.95041900000069	192.99989385005838
63.259001999977045	192.99989385005838
63.569579000002705	192.99989385005838
63.88072599994484	192.99989385005838
64.19232000003103	192.99989385005838
64.50177299999632	191.00007640003057
64.50390100001823	191.00007640003057
64.81804000004195	191.00007640003057
65.13208300003316	191.00007640003057
65.44653499999549	191.00007640003057
65.76058200001717	191.00007640003057
66.0755379999755	191.00007640003057
66.38898199994583	54.0
66.58983299997635	54.0
67.70105599996168	54.0
68.81128699996043	54.0
69.92332299996633	54.0
71.03479199996218	161.0
71.29996099998243	161.0
71.67112399998587	161.0
72.04333599994425	161.0
72.41681800002698	126.000126000126
72.4353279999923	126.000126000126
72.91233600000851	126.000126000126
73.39049000001978	126.000126000126
73.86499799997546	126.000126000126
74.34081099997275	126.000126000126
74.81864800001495	126.000126000126
75.29336500004865	126.000126000126
75.77156300004572	126.000126000126
76.24565799999982	126.000126000126
76.72177199996077	148.000148000148
77.06664700002875	148.000148000148
77.47281299997121	148.000148000148
77.87950899999123	148.000148000148
78.2826069999719	148.000148000148
78.68933500000276	147.0000955500621
78.6910350000253	147.0000955500621
79.09913600003347	147.0000955500621
79.50775999994949	147.0000955500621
79.91694499994628	147.0000955500621
80.32305000000633	147.0000955500621
80.73159199999645	147.0000955500621
81.14026499993633	147.0000955500621
81.54915400000755	147.0000955500621
81.95625799999107	147.0000955500621
82.36477300000843	71.0
82.41015100001823	71.0
83.25454700004775	71.0
84.09894199995324	71.0
84.94500299997162	148.9998385835082
85.02282099996228	148.9998385835082
85.42648699996062	148.9998385835082
85.82834300003015	148.9998385835082
86.23117599997204	148.9998385835082
86.63261500000954	148.9998385835082
87.03630499995779	148.9998385835082
87.43949999997858	148.9998385835082
87.84177299996372	148.9998385835082
88.24385600001551	148.9998385835082
88.6459020000184	211.99990106671282
88.83390299999155	211.99990106671282
89.11674099997617	211.99990106671282
89.40016600000672	211.99990106671282
89.682993000024	211.99990106671282
89.9663700000383	211.99990106671282
90.24900399998296	211.99990106671282
90.53144799999427	82.99995020002989
90.85124099999666	82.99995020002989
91.5747599999886	82.99995020002989
92.29885799996555	82.99995020002989
93.01987499999814	82.99995020002989
93.74331299995538	82.99995020002989
94.46667300001718	91.99998773333498
95.10545799997635	91.99998773333498
95.75825600000098	91.99998773333498
96.40879899996798	200.0
96.67009499995038	200.0
96.97020099998917	200.0
97.27017200004775	200.0
97.56984300003387	200.0
97.86981499998365	200.0
98.16960999998264	200.0
98.46946000005119	200.0
98.7696719999658	200.0
99.06973899994045	200.0
99.36993199994322	200.0
99.67003499995917	200.0
99.96963700000197	200.0
100.26999499998055	200.0
100.56992299994454	123.99999173333389
100.71403100003954	123.99999173333389
101.19806199998129	123.99999173333389
101.68128400004935	123.99999173333389
102.16681500000414	123.99999173333389
102.64909900003113	169.0
102.92214499996044	169.0
103.27688599994872	169.0
103.63150999997742	169.0
103.98821999994107	169.0
104.34094000002369	169.0
104.69808000000194	169.0
105.05241300002672	169.0
105.40824499994051	169.0
105.76169800001662	169.0
106.11625299998559	169.0
106.47153900004923	42.00001260000378
106.88962599996012	42.00001260000378
108.31896099995356	42.00001260000378
109.74861899996176	156.000156000156
109.8726950000273	156.000156000156
110.25802900001872	156.000156000156
110.64185100002214	156.000156000156
111.02683300001081	156.000156000156
111.41028099996038	156.000156000156
111.796667000046	156.000156000156
112.17941600002814	156.000156000156
112.56591500004288	91.99998773333498
112.71374399994966	91.99998773333498
113.36586999997962	91.99998773333498
114.0193979999749	91.99998773333498
114.67049799999222	182.0
114.8406810000306	182.0
115.16989999997895	182.0
115.49972900003195	182.0
115.8283100000117	182.0
116.15855299995746	182.0
116.48915999999736	182.0
116.81720199994743	182.0
117.14687900000717	182.0
117.47865499998443	182.0
117.80651699996088	182.0
118.13564899994526	182.0
118.4662519999547	111.0
118.53970199998002	111.0
119.07959900004789	111.0
119.61956999998074	111.0
120.16131700004917	111.0
120.7016799999401	167.99993280002687
120.93981899996288	167.99993280002687
121.29804200003855	167.99993280002687
121.65437899995595	167.99993280002687
122.01055999996606	167.99993280002687
122.36747199995443	167.99993280002687
122.72632499993779	167.99993280002687
123.08258099993691	167.99993280002687
123.44009899999946	167.99993280002687
123.79788900003769	167.99993280002687
124.15496900002472	167.99993280002687
124.51053600001615	204.9999487500128
124.77387299994007	204.9999487500128
125.06879099993967	204.9999487500128
125.35923699999694	204.9999487500128
125.65278200001922	204.9999487500128
125.9458530000411	204.9999487500128
126.23818700003903	204.9999487500128
126.53002599999309	207.00005175001294
126.81831500004046	207.00005175001294
127.10973599995486	207.00005175001294
127.39797399996314	207.00005175001294
127.6903610000154	207.00005175001294
127.97905399999581	207.00005175001294
128.26913599995896	207.00005175001294
128.55941500002518	207.00005175001294
128.8496210000012	207.00005175001294
129.13936299993657	207.00005175001294
129.42937000002712	207.00005175001294
129.71753899997566	207.00005175001294
130.00870400003623	207.00005175001294
130.2966010000091	207.00005175001294
130.5862930000294	196.0
130.60215799999423	196.0
130.90700999996625	196.0
131.21166799997445	196.0
131.51972600002773	196.0
131.8249460000079	196.0
132.1306920000352	196.0
132.43644199997652	42.00001260000378
132.70420100004412	42.00001260000378
134.13313600001857	42.00001260000378
135.5610909999814	42.00001260000378
136.98999499995261	209.00024731695933
137.0658429999603	209.00024731695933
137.35184100002516	209.00024731695933
137.6398460000055	209.00024731695933
137.92746100004297	209.00024731695933
138.21341900003608	209.00024731695933
138.5002439999953	93.99998120000376
138.6684739999473	93.99998120000376
139.30545500002336	93.99998120000376
139.9435999999987	93.99998120000376
140.5821129999822	93.99998120000376
141.2205590000376	93.99998120000376
141.8598879999481	93.99998120000376
142.49700299999677	34.99999416666764
142.71002799994312	34.99999416666764
144.42328899994027	34.99999416666764
146.13682799995877	34.99999416666764