0.005231000017374754	120.0
0.5053530000150204	120.0
1.0009629999985918	120.0
1.500404000049457	120.0
2.0007489999989048	120.0
2.5006760000251234	120.0
3.0007820000173524	120.0
3.5009730000747368	120.0
4.000248000025749	120.0
4.500781000009738	120.0
5.001422000001185	120.0
5.50062600011006	120.0
6.000304000102915	120.0
6.501291000051424	120.0
7.000445000012405	120.0
7.500770000042394	120.0
8.003551000030711	120.0
8.500639000092633	120.0
9.000832000048831	120.0
9.501595000037923	120.0
10.001262000063434	120.0
10.500990000087768	120.0
11.000857000006363	120.0
11.501190000097267	120.0
12.000739000039175	120.0
12.501615000073798	120.0
13.01461300009396	120.0
13.502758000046015	120.0
14.000366000109352	120.0
14.500250000040978	120.0
15.001888000057079	120.0
15.500847000046633	120.0
16.001037000096403	120.0
16.500514000072144	120.0
17.00070100009907	120.0
17.500781000009738	120.0
18.000748999998905	120.0
18.500838000094518	120.0
19.001173000084236	120.0
19.50107800005935	120.0
20.0004960000515	120.0
20.500514000072144	120.0
21.001190000097267	120.0
21.500666000065394	120.0
22.00077800010331	120.0
22.501191000104882	120.0
23.00052300002426	120.0
23.501313000102527	120.0
24.00127300003078	120.0
24.500793000101112	120.0
25.00157000008039	120.0
25.501279000076465	120.0
26.001559000113048	120.0
26.500566000002436	120.0
27.001650000107475	120.0
27.501158000086434	120.0
28.00155100005213	177.00002655000398
28.240527000045404	177.00002655000398
28.57944200001657	177.00002655000398
28.91972300002817	177.00002655000398
29.259053000016138	177.00002655000398
29.597602000110783	177.00002655000398
29.934813000028953	211.99990106671282
30.179098000051454	211.99990106671282
30.46289500000421	211.99990106671282
30.74692100007087	211.99990106671282
31.02796900004614	211.99990106671282
31.31103000009898	211.99990106671282
31.595126000000164	211.99990106671282
31.87848000007216	211.99990106671282
32.1604070001049	211.99990106671282
32.444202000042424	211.99990106671282
32.72846400004346	211.99990106671282
33.00917700002901	211.99990106671282
33.29252000001725	211.99990106671282
33.576133000082336	211.99990106671282
33.858230000012554	210.0
33.859933000057936	210.0
34.145610000006855	210.0
34.43188500008546	210.0
34.7182610000018	210.0
35.00419300002977	210.0
35.28904600010719	210.0
35.57615100010298	210.0
35.86017400003038	192.0
35.87586300005205	192.0
36.188637000042945	192.0
36.49989400000777	192.0
36.81280000007246	192.0
37.12567600002512	192.0
37.43824700010009	192.0
37.750606000074185	192.0
38.06282800005283	192.0
38.37690500007011	192.0
38.6895530000329	192.0
39.00004800001625	192.0
39.31351000000723	192.0
39.6253260000376	192.0
39.93967600003816	195.000195000195
40.243273000000045	195.000195000195
40.549406000063755	195.000195000195
40.858493000036106	195.000195000195
41.16450400010217	195.000195000195
41.47317900008056	195.000195000195
41.77995400002692	131.00007641671124
41.81743100006133	131.00007641671124
42.27580200007651	131.00007641671124
42.733304000110365	131.00007641671124
43.191283000051044	131.00007641671124
43.649571000016294	131.00007641671124
44.10802300006617	131.00007641671124
44.56502200011164	131.00007641671124
45.02330700005405	131.00007641671124
45.482255000039004	131.00007641671124
45.93956100009382	207.99966720053249
46.14136100001633	207.99966720053249
46.42933600000106	207.99966720053249
46.7176230000332	207.99966720053249
47.00656800006982	207.99966720053249
47.29633000004105	207.99966720053249
47.583686000085436	207.99966720053249
47.87260000000242	180.00018000018
47.89726000011433	180.00018000018
48.23032900004182	180.00018000018
48.56355600000825	180.00018000018
48.89730100007728	180.00018000018
49.23037300002761	180.00018000018
49.56431100005284	180.00018000018
49.89970700000413	180.00018000018
50.230318000074476	180.00018000018
50.564887000015005	180.00018000018
50.899165000068024	180.00018000018
51.23113100009505	180.00018000018
51.563908000011	180.00018000018
51.89902000001166	85.00004250002125
52.109064000076614	85.00004250002125
52.815866000019014	85.00004250002125
53.5211390000768	85.00004250002125
54.228593000094406	99.0
54.761184000060894	99.0
55.36841600004118	99.0
55.97324700001627	99.0
56.57888700009789	99.0
57.18660000001546	99.0
57.791370000108145	99.0
58.398036000085995	157.999931533363
58.52631800004747	157.999931533363
58.90715700003784	157.999931533363
59.28650100005325	157.999931533363
59.66804300004151	157.999931533363
60.04606500000227	140.00014000014
60.08797500003129	140.00014000014
60.5163430001121	140.00014000014
60.944342000060715	140.00014000014
61.37363400007598	140.00014000014
61.80121900001541	140.00014000014
62.230303000076674	140.00014000014
62.65815900010057	140.00014000014
63.088887000107206	140.00014000014
63.51627300004475	140.00014000014
63.94536600005813	62.0
64.2072600000538	62.0
65.1762400000589	62.0
66.14285200007726	194.00021986691584
66.17236700002104	194.00021986691584
66.48124600003939	194.00021986691584
66.78980200004298	194.00021986691584
67.09921600006055	194.00021986691584
67.40856700006407	194.00021986691584
67.71754600002896	194.00021986691584
68.02762500010431	194.00021986691584
68.33766200009268	194.00021986691584
68.64545300009195	194.00021986691584
68.95594600006007	194.00021986691584
69.26403200009372	194.00021986691584
69.5737210001098	194.00021986691584
69.88267600000836	150.99999748333337
69.92654300003778	150.99999748333337
70.32307300006505	150.99999748333337
70.72011700004805	150.99999748333337
71.11776500009	150.99999748333337
71.51619300001767	150.99999748333337
71.91318600007799	20.0
73.07827300007921	20.0
76.0805040000705	82.99995020002989
76.54423400002997	82.99995020002989
77.26721600000747	82.99995020002989
77.99002400005702	177.00002655000398
78.19742800004315	177.00002655000398
78.53725400008261	177.00002655000398
78.87553000007756	177.00002655000398
79.21420600009151	177.00002655000398
79.55302400002256	177.00002655000398
79.89148300001398	177.00002655000398
80.23037700005807	177.00002655000398
80.56918300001416	177.00002655000398
80.90738300001249	177.00002655000398
81.25293500011321	177.00002655000398
81.58786800003145	177.00002655000398
81.9247360000154	150.99999748333337
81.95596200006548	150.99999748333337
82.35314500005916	150.99999748333337
82.75033800001256	150.99999748333337
83.14799500000663	150.99999748333337
83.54500300006475	150.99999748333337
83.94248700002208	107.0
84.02213900000788	107.0
84.58185600000434	107.0
85.14327700005379	107.0
85.70396600000095	107.0
86.26550900004804	107.0
86.82543200009968	107.0
87.38743600004818	107.0
87.94710099999793	213.00010650005325
88.13003600004595	213.00010650005325
88.41358400008176	213.00010650005325
88.69309000007343	213.00010650005325
88.97409600007813	213.00010650005325
89.2592640001094	213.00010650005325
89.53789000003599	213.00010650005325
89.81954300007783	55.00000458333371
90.0109250000678	55.00000458333371
91.10143100004643	55.00000458333371
92.19303300010506	55.00000458333371
93.28373100003228	55.00000458333371
94.375488000107	183.0
94.59953000000678	183.0
94.92856800009031	183.0
95.25687400007155	183.0
95.58384900004603	183.0
95.91136100003496	152.99994645001874
95.94177100004163	152.99994645001874
96.33325800008606	152.99994645001874
96.7275700001046	152.99994645001874
97.11754200002179	152.99994645001874
97.50998900004197	152.99994645001874
97.90230600000359	152.99994645001874
98.29584000003524	152.99994645001874
98.68749500007834	152.99994645001874
99.0783550000051	152.99994645001874
99.47099300008267	152.99994645001874
99.8627100000158	64.99999458333379
99.99686900002416	64.99999458333379
100.91876400006004	64.99999458333379
101.846758000087	136.0001450668214
102.23970600008033	136.0001450668214
102.68037800001912	136.0001450668214
103.1215380000649	136.0001450668214
103.56262400001287	136.0001450668214
104.00494500005152	136.0001450668214
104.44545900006779	136.0001450668214
104.88770200009458	136.0001450668214
105.32918800006155	136.0001450668214
105.7683010000037	136.0001450668214
106.20971600001212	89.9999550000225
106.43881000007968	89.9999550000225
107.10359600000083	89.9999550000225
107.76958000008017	89.9999550000225
108.43638100009412	154.000154000154
108.54689100000542	154.000154000154
108.93674600007944	154.000154000154
109.32534400001168	154.000154000154
109.71586300001945	154.000154000154
110.10513100004755	154.000154000154
110.49395400006324	154.000154000154
110.88484900002368	154.000154000154
111.27345500001684	154.000154000154
111.66287000000011	154.000154000154
112.05228699999861	59.00000885000133
112.51047400000971	59.00000885000133
113.52754800010007	59.00000885000133
114.5436640001135	179.0
114.70136100007221	179.0
115.03701300011016	179.0
115.37277000001632	179.0
115.7082170000067	179.0
116.04215000011027	179.0
116.37886300007813	179.0
116.71277600002941	179.0
117.04842800006736	179.0
117.38287400000263	179.0
117.72017400001641	179.0
118.05383300001267	28.000001866666793
119.56935100001283	28.000001866666793
121.7126500000013	185.99979540022505
122.0038390000118	185.99979540022505
122.32712200004607	185.99979540022505
122.64798700006213	185.99979540022505
122.97157400008291	185.99979540022505
123.29327600006945	185.99979540022505
123.61752600001637	185.99979540022505
123.93838800000958	95.0
124.08981000003405	95.0
124.7220560000278	95.0
125.35404200002085	95.0
125.98440700001083	196.0002874670883
126.18658500001766	196.0002874670883
126.49237200000789	196.0002874670883
126.79835300007835	196.0002874670883
127.10443500010297	196.0002874670883
127.4100890000118	196.0002874670883
127.71619000006467	196.0002874670883
128.0238380000228	196.0002874670883
128.33056500006933	196.0002874670883
128.63633100001607	196.0002874670883
128.94164700002875	196.0002874670883
129.24741700000595	196.0002874670883
129.55422900000121	196.0002874670883
129.85999800008722	196.0002874670883
130.16572900000028	182.000182000182
130.19487800006755	182.000182000182
130.52420100010931	182.000182000182
130.8542379999999	182.000182000182
131.1834080000408	182.000182000182
131.51451800006907	182.000182000182
131.84315100009553	182.000182000182
132.17253000009805	218.00028340036843
132.38630200002808	218.00028340036843
132.66080300009344	218.00028340036843
132.93506400007755	218.00028340036843
133.21068700007163	218.00028340036843
133.48594100004993	218.00028340036843
133.76101800007746	218.00028340036843
134.03837000008207	218.00028340036843
134.31211600010283	218.00028340036843
134.58700000005774	218.00028340036843
134.8619980000658	218.00028340036843
135.13759100006428	218.00028340036843
135.41503800009377	218.00028340036843
135.68719200009946	218.00028340036843
135.96373700001277	201.999798000202
135.97817600006238	201.999798000202
136.27316600002814	201.999798000202
136.5700000000652	201.999798000202
136.86735400010366	201.999798000202
137.16592400008813	201.999798000202
137.46136100008152	201.999798000202
137.7584860000061	201.999798000202
138.0553540000692	142.0000710000355
138.16597800003365	142.0000710000355
138.58843600004911	142.0000710000355
139.01126100006513	142.0000710000355
139.43477000005078	142.0000710000355
139.8562540001003	142.0000710000355
140.27883800002746	142.0000710000355
140.7013600000646	142.0000710000355
141.12520900007803	142.0000710000355
141.54776100011077	142.0000710000355
141.96928600000683	128.0
141.98891400010325	128.0
142.45599899999797	128.0
142.9255220000632	128.0
143.3940799999982	128.0
143.8623530000914	27.0
144.05921900004614	27.0
146.28164400008973	27.0
148.50463700003456	175.00007291669704
148.6032080000732	175.00007291669704
148.94565700006206	175.00007291669704
149.2881580000976	175.00007291669704
149.63079100009054	175.00007291669704
149.97463900002185	191.00007640003057
150.27550000010524	191.00007640003057
150.58837000001222	191.00007640003057
150.9026980000781	191.00007640003057
151.21747000003234	191.00007640003057
151.5310200001113	191.00007640003057
151.84572300000582	191.00007640003057
152.15912300010677	191.00007640003057
152.4747980000684	191.00007640003057
152.78703300002962	191.00007640003057
153.1020280000521	191.00007640003057
153.41639900009613	191.00007640003057
153.7302170000039	191.00007640003057
154.04393600008916	210.0
154.30835400009528	210.0
154.59770600008778	210.0
154.87980500003323	210.0
155.1657380000688	210.0
155.45149200002197	210.0
155.7393480000319	210.0
156.02405000000726	180.99984313346928
156.05935100000352	180.99984313346928
156.38944400008768	180.99984313346928
156.72079600009602	180.99984313346928
157.05260700010695	180.99984313346928
157.38519400008954	180.99984313346928
157.71535200008657	180.99984313346928
158.04828600003384	180.99984313346928
158.37799700000323	180.99984313346928
158.7094470000593	180.99984313346928
159.04124300007243	180.99984313346928
159.37363800010644	180.99984313346928
159.7051030000439	180.99984313346928
160.03644700010773	195.000195000195
160.32838000007905	195.000195000195
160.6347470000619	195.000195000195
160.9421100000618	195.000195000195
161.25156800006516	195.000195000195
161.5577640000265	195.000195000195
161.86703700001817	75.99996960001216
161.94742700003553	75.99996960001216
162.73669900000095	75.99996960001216
163.52468000003137	75.99996960001216
164.31445000006352	75.99996960001216
165.1037190000061	75.99996960001216
165.89381500007585	52.000006933334255
165.92814400000498	52.000006933334255
167.0821710000746	52.000006933334255
168.23721800011117	175.00007291669704
168.28849800000899	175.00007291669704
168.63007900002412	175.00007291669704
168.97237600001972	175.00007291669704
169.3160430000862	175.00007291669704
169.6597770000808	175.00007291669704
170.00096800003666	175.00007291669704
170.34487400006037	175.00007291669704
170.6869580000639	175.00007291669704
171.0298480000347	175.00007291669704
171.37226100009866	175.00007291669704
171.71700400009286	175.00007291669704
172.05892900004983	106.99993580003851
172.20991900004447	106.99993580003851
172.77091500000097	106.99993580003851
173.32921900006477	106.99993580003851
173.88986700004898	165.0
174.22926900000311	165.0
174.59279700007755	165.0
174.95712300005835	165.0
175.32079600007273	165.0
175.68367900000885	165.0
176.04801000002772	165.0
176.41161300009117	165.0
176.77486900007352	165.0
177.1392910000868	165.0
177.50232600001618	165.0
177.86626500007696	62.99999685000016
177.92417700006627	62.99999685000016
178.87614600011148	62.99999685000016
179.82890900003258	62.99999685000016
180.780938000069	147.0000955500621
181.05526500009	147.0000955500621
181.46178800007328	147.0000955500621
181.87021200009622	147.0000955500621
182.27911200001836	147.0000955500621
182.68823700002395	147.0000955500621
183.09566800005268	147.0000955500621
183.50425100000575	147.0000955500621
183.91118000005372	188.0
184.21526900003664	188.0
184.53450000006706	188.0
184.85372100002132	188.0
185.1714530000463	188.0
185.49057500006165	188.0
185.8102829999989	188.0
186.12957200000528	216.99976130026258
186.36706700001378	216.99976130026258
186.6439680000767	216.99976130026258
186.9192650000332	216.99976130026258
187.19872400001623	216.99976130026258
187.47385900001973	216.99976130026258
187.74973100004718	216.99976130026258
188.0264760000864	216.99976130026258
188.30267600005027	216.99976130026258
188.57842500007246	216.99976130026258
188.8564680001	216.99976130026258
189.1316470000893	216.99976130026258
189.4096010000212	216.99976130026258
189.68447400000878	216.99976130026258
189.96174600010272	180.99984313346928
189.98437600000761	180.99984313346928
190.31605400005355	180.99984313346928
190.64850100001786	180.99984313346928
190.97827000007965	180.99984313346928
191.30992300005164	180.99984313346928
191.6413220000686	180.99984313346928
191.97245900006965	55.00000458333371
192.26555400004145	55.00000458333371
193.3561200000113	55.00000458333371
194.44773400004487	55.00000458333371
195.53821900009643	55.00000458333371
196.6332640000619	55.00000458333371
197.71947700006422	55.00000458333371
198.8094370000763	55.00000458333371
199.9010840000119	55.00000458333371
200.99164800008293	55.00000458333371
202.0856910001021	55.00000458333371
203.17342200002167	55.00000458333371
204.26566400006413	55.00000458333371
205.35596900002565	55.00000458333371
206.44693000009283	55.00000458333371
207.53907200007234	55.00000458333371
208.62761000008322	55.00000458333371
209.7187480001012	55.00000458333371
210.80950200010557	55.00000458333371
211.90088800003286	55.00000458333371
212.99251100001857	55.00000458333371
214.08344900002703	55.00000458333371
215.17422500008252	55.00000458333371
216.26580800011288	55.00000458333371
217.35665600001812	55.00000458333371
218.4484190000221	55.00000458333371


2.0072730000829324	120.0
2.502896000049077	120.0
3.0008090001065284	120.0
3.5009730000747368	120.0
4.00026500003878	120.0
4.50079600000754	120.0
5.001739000086673	120.0
5.5010170000605285	120.0
6.000610000104643	120.0
6.501333000021987	120.0
7.000757000059821	120.0
7.500419000047259	120.0
8.003700000001118	120.0
8.50061700004153	120.0
9.000601000036113	120.0
9.501037000096403	120.0
10.001566000049934	120.0
10.500878000049852	120.0
11.000857000006363	120.0
11.501793000032194	120.0
12.001035000081174	120.0
12.501298000104725	120.0
13.014769000001252	120.0
13.500227000098675	120.0
14.00117600010708	120.0
14.50126100005582	120.0
15.001300000003539	120.0
15.501048000063747	120.0
16.0021420000121	120.0
16.500677000032738	120.0
17.002931000082754	120.0
17.50109200004954	120.0
18.00115500006359	120.0
18.501502000028268	120.0
19.00085500010755	120.0
19.50103200005833	120.0
20.00046500004828	120.0
20.50043800007552	120.0
21.002896000049077	120.0
21.500440000090748	120.0
22.000522000016645	120.0
22.501191000104882	120.0
23.00052300002426	120.0
23.500941000063904	120.0
24.001634000102058	120.0
24.501388000091538	120.0
25.0012150000548	120.0
25.500961000099778	120.0
26.00184700009413	120.0
26.500591000076383	120.0
27.001347000012174	120.0
27.501475000055507	120.0
28.001108000054955	177.00002655000398
28.240967000019737	177.00002655000398
28.57940500008408	177.00002655000398
28.919405000051484	177.00002655000398
29.258741000085138	177.00002655000398
29.597864000010304	177.00002655000398
29.93506700010039	212.0
30.17946800007485	212.0
30.46289500000421	212.0
30.747156000114046	212.0
31.0284920000704	212.0
31.311577000073157	212.0
31.595464000012726	212.0
31.87848000007216	212.0
32.16072700009681	212.0
32.44441600004211	212.0
32.728549999999814	212.0
33.00914900004864	212.0
33.292745000100695	212.0
33.57618600002024	212.0
33.858287000097334	210.00021000021
33.859933000057936	210.00021000021
34.14600200008135	210.00021000021
34.43147100007627	210.00021000021
34.71764000004623	210.00021000021
35.00358500005677	210.00021000021
35.2884020000929	210.00021000021
35.57584400009364	210.00021000021
35.86054000002332	192.0
35.87650300003588	192.0
36.188998000114225	192.0
36.50027800002135	192.0
36.81311200000346	192.0
37.12644000002183	192.0
37.43792400008533	192.0
37.75091400009114	192.0
38.06238400004804	192.0
38.37749400001485	192.0
38.68916600011289	192.0
39.00035900005605	192.0
39.313820000039414	192.0
39.62579800002277	192.0
39.939066000049934	195.0
40.242978000082076	195.0
40.54905900009908	195.0
40.85891500010621	195.0
41.16479600011371	195.0
41.4735680000158	195.0
41.78025100007653	131.00007641671124
41.81783000007272	131.00007641671124
42.27601700008381	131.00007641671124
42.733558000065386	131.00007641671124
43.19167800003197	131.00007641671124
43.64924600010272	131.00007641671124
44.10773100005463	131.00007641671124
44.5648490000749	131.00007641671124
45.023488000035286	131.00007641671124
45.48158100002911	131.00007641671124
45.939308000029996	207.99966720053249
46.141185000073165	207.99966720053249
46.429151000105776	207.99966720053249
46.72054200002458	207.99966720053249
47.00623100006487	207.99966720053249
47.29537500010338	207.99966720053249
47.58326400001533	207.99966720053249
47.87190400005784	180.00018000018
47.89694100001361	180.00018000018
48.23064400011208	180.00018000018
48.563285000040196	180.00018000018
48.89752700005192	180.00018000018
49.23007100005634	180.00018000018
49.5649230000563	180.00018000018
49.90003900008742	180.00018000018
50.23248600005172	180.00018000018
50.56454400008079	180.00018000018
50.899061000091024	180.00018000018
51.23077000002377	180.00018000018
51.564520000014454	180.00018000018
51.898924000095576	85.00004250002125
52.109585000085644	85.00004250002125
52.81541100004688	85.00004250002125
53.52087600005325	85.00004250002125
54.22889500006568	98.99993565004183
54.76091000007	98.99993565004183
55.36815500003286	98.99993565004183
55.97299700009171	98.99993565004183
56.579170000040904	98.99993565004183
57.187358000082895	98.99993565004183
57.791713000042364	157.999931533363
58.14750000007916	157.999931533363
58.52667900000233	157.999931533363
58.90669600002002	157.999931533363
59.28694300004281	157.999931533363
59.667716000112705	157.999931533363
60.04540400009137	140.0
60.08736200002022	140.0
60.517037000041455	140.0
60.944634000072256	140.0
61.37300500005949	140.0
61.80153400008567	140.0
62.229563000029884	140.0
62.65838900010567	140.0
63.088265000027604	140.0
63.515987000078894	140.0
63.94489400007296	61.99999586666694
64.20697000005748	61.99999586666694
65.17594900005497	61.99999586666694
66.14261900004931	194.00021986691584
66.17204800003674	194.00021986691584
66.48124600003939	194.00021986691584
66.78997700009495	194.00021986691584
67.09871900000144	194.00021986691584
67.40842400002293	194.00021986691584
67.71728500002064	194.00021986691584
68.02759700000752	194.00021986691584
68.33732900000177	194.00021986691584
68.647415000014	194.00021986691584
68.95588700007647	194.00021986691584
69.26433900010306	194.00021986691584
69.57322000002023	194.00021986691584
69.88274400006048	151.0
69.92599200003315	151.0
70.32351600006223	151.0
70.71979300002567	151.0
71.1179650000995	151.0
71.51587800006382	151.0
71.91263500007335	20.0
73.07890600000974	20.0
76.0796060001012	82.99995020002989
76.54390300007071	82.99995020002989
77.26753900002223	82.99995020002989
77.98921600007452	177.00002655000398
78.1963790000882	177.00002655000398
78.5365420000162	177.00002655000398
78.87643699999899	177.00002655000398
79.2138500000583	177.00002655000398
79.55305000010412	177.00002655000398
79.89116700005252	177.00002655000398
80.23040500003844	177.00002655000398
80.56918300001416	177.00002655000398
80.90742500009947	177.00002655000398
81.24898800009396	177.00002655000398
81.58755600010045	177.00002655000398
81.92441300000064	150.99999748333337
81.9553700000979	150.99999748333337
82.35289700003341	150.99999748333337
82.75033800001256	150.99999748333337
83.14799500000663	150.99999748333337
83.54500300006475	150.99999748333337
83.94246000004932	106.99993580003851
84.02120800002012	106.99993580003851
84.58185600000434	106.99993580003851
85.14437100000214	106.99993580003851
85.70601800002623	106.99993580003851
86.26594599999953	106.99993580003851
86.82566100009717	106.99993580003851
87.38789500005078	106.99993580003851
87.94711400009692	213.00010650005325
88.13016800000332	213.00010650005325
88.41437400004361	213.00010650005325
88.69327400007751	213.00010650005325
88.97497200011276	213.00010650005325
89.25850500003435	213.00010650005325
89.53789000003599	213.00010650005325
89.81947900005616	55.0
90.01153900008649	55.0
91.10138100001495	55.0
92.19454700010829	55.0
93.28415100008715	55.0
94.37580600008368	182.99991765003705
94.5998720000498	182.99991765003705
94.92823200009298	182.99991765003705
95.25718000007328	182.99991765003705
95.58418900007382	182.99991765003705
95.91100400011055	152.99994645001874
95.9425690000644	152.99994645001874
96.33393800002523	152.99994645001874
96.72773400007281	152.99994645001874
97.11789800005499	152.99994645001874
97.51046400004998	152.99994645001874
97.90250600001309	152.99994645001874
98.29626800003462	152.99994645001874
98.68808200000785	152.99994645001874
99.07911900000181	152.99994645001874
99.47202300000936	152.99994645001874
99.86303700006101	65.0
99.9960700001102	65.0
100.91925300005823	65.0
101.84777800005395	136.0001450668214
102.23939500004053	136.0001450668214
102.6807030000491	136.0001450668214
103.12205300002825	136.0001450668214
103.56343900004867	136.0001450668214
104.00525800010655	136.0001450668214
104.4449340000283	136.0001450668214
104.88745300006121	136.0001450668214
105.32978900009766	136.0001450668214
105.76813000009861	136.0001450668214
106.20938600006048	89.9999550000225
106.43850300007034	89.9999550000225
107.10357200005092	89.9999550000225
107.76983600005042	89.9999550000225
108.43672800005879	154.000154000154
108.54729200003203	154.000154000154
108.93644900002982	154.000154000154
109.32506200007629	154.000154000154
109.71609100000933	154.000154000154
110.10493100003805	154.000154000154
110.4941810000455	154.000154000154
110.88440500001889	154.000154000154
111.27405800006818	154.000154000154
111.66310300002806	154.000154000154
112.05258700007107	59.00000885000133
112.51118100003805	59.00000885000133
113.52694900007918	59.00000885000133
114.54401900002267	178.99974940035085
114.70173600001726	178.99974940035085
115.03736300009768	178.99974940035085
115.37243700004183	178.99974940035085
115.70866400003433	178.99974940035085
116.04254800011404	178.99974940035085
116.37922700005583	178.99974940035085
116.71310400008224	178.99974940035085
117.04903100000229	178.99974940035085
117.38318600005005	178.99974940035085
117.71964000002481	178.99974940035085
118.05383300001267	28.000001866666793
119.56928700010758	28.000001866666793
121.71335900004487	186.0
122.00433900009375	186.0
122.32772500009742	186.0
122.64780300005805	186.0
122.9706180000212	186.0
123.29302500002086	186.0
123.61757000000216	186.0
123.93868900008965	94.99999208333399
124.09013700007927	94.99999208333399
124.72164900007192	94.99999208333399
125.35372500005178	94.99999208333399
125.98466800001916	196.0002874670883
126.18633700010832	196.0002874670883
126.4927130000433	196.0002874670883
126.79775500006508	196.0002874670883
127.10477299999911	196.0002874670883
127.41045000008307	196.0002874670883
127.71669500006828	196.0002874670883
128.0244010000024	196.0002874670883
128.32893100008368	196.0002874670883
128.63664600008633	196.0002874670883
128.94254200009163	196.0002874670883
129.24748900008854	196.0002874670883
129.5545610000845	196.0002874670883
129.85932500008494	182.0
129.86426100006793	182.0
130.19492500007618	182.0
130.52461200009566	182.0
130.85361300001387	182.0
131.18311700003687	182.0
131.51422100001946	182.0
131.8435790000949	218.00028340036843
132.1099450000329	218.00028340036843
132.38592800009064	218.00028340036843
132.66110900009517	218.00028340036843
132.936001000111	218.00028340036843
133.21102100005373	218.00028340036843
133.48594100004993	218.00028340036843
133.76091500010807	218.00028340036843
134.03788900002837	218.00028340036843
134.31422500009649	218.00028340036843
134.58719500002917	218.00028340036843
134.86222500004806	218.00028340036843
135.13795100001153	218.00028340036843
135.41207900003064	218.00028340036843
135.68733300000895	218.00028340036843
135.96406600007322	201.999798000202
135.97850900003687	201.999798000202
136.27348700002767	201.999798000202
136.57029200007673	201.999798000202
136.86765000002924	201.999798000202
137.16574900003616	201.999798000202
137.46197200007737	201.999798000202
137.758894000086	201.999798000202
138.05578600009903	142.0000710000355
138.1662780001061	142.0000710000355
138.588131000055	142.0000710000355
139.01094200008083	142.0000710000355
139.43456800002605	142.0000710000355
139.85582799999975	142.0000710000355
140.27848400000948	142.0000710000355
140.70149900007527	142.0000710000355
141.12520900007803	142.0000710000355
141.5482010000851	142.0000710000355
141.96954900003038	128.0
141.989207000006	128.0
142.45665100007318	128.0
142.92522900004406	128.0
143.3981040000217	128.0
143.8623530000914	27.00000270000027
144.05946300004143	27.00000270000027
146.28178900002968	27.00000270000027
148.5049060001038	175.00007291669704
148.6032080000732	175.00007291669704
148.94589600001927	175.00007291669704
149.28867300006095	175.00007291669704
149.6316480000969	175.00007291669704
149.97527700010687	191.0
150.27586400008295	191.0
150.5881460000528	191.0
150.90306500007864	191.0
151.2164890000131	191.0
151.53177200001664	191.0
151.84607600001618	191.0
152.15945600008126	191.0
152.4747980000684	191.0
152.78703300002962	191.0
153.10236500005703	191.0
153.41576300002635	191.0
153.73048700008076	191.0
154.04429700004403	210.00021000021
154.308764000074	210.00021000021
154.5980120000895	210.00021000021
154.88016100006644	210.00021000021
155.1661820000736	210.00021000021
155.45150700001977	210.00021000021
155.73974400002044	210.00021000021
156.0243860000046	180.99984313346928
156.05935100000352	180.99984313346928
156.38912500010338	180.99984313346928
156.72079600009602	180.99984313346928
157.0523080000421	180.99984313346928
157.38501900003757	180.99984313346928
157.71485400001984	180.99984313346928
158.04828600003384	180.99984313346928
158.37785200006329	180.99984313346928
158.70910500001628	180.99984313346928
159.04092900000978	180.99984313346928
159.3730060000671	180.99984313346928
159.70542100002058	180.99984313346928
160.0369340000907	195.0
160.3287180000916	195.0
160.63518800004385	195.0
160.94241700007115	195.0
161.25001800002065	195.0
161.55805000010878	195.0
161.86661300004926	75.99996960001216
161.94698900007643	75.99996960001216
162.7372130000731	75.99996960001216
163.52488100004848	75.99996960001216
164.31415800005198	75.99996960001216
165.10317700007	75.99996960001216
165.89381500007585	75.99996960001216
166.6828230000101	52.000006933334255
167.08155400003307	52.000006933334255
168.23725900007412	175.00007291669704
168.28856100002304	175.00007291669704
168.6297890000278	175.00007291669704
168.97236400004476	175.00007291669704
169.3160430000862	175.00007291669704
169.66007000009995	175.00007291669704
170.00134400010575	175.00007291669704
170.345246000099	175.00007291669704
170.68678100011311	175.00007291669704
171.02961600001436	175.00007291669704
171.37290400010534	175.00007291669704
171.7165770001011	175.00007291669704
172.0586450000992	106.99993580003851
172.20962100010365	106.99993580003851
172.7701090000337	106.99993580003851
173.32954200007953	106.99993580003851
173.88945500005502	165.000165000165
174.22926900000311	165.000165000165
174.59279700007755	165.000165000165
174.95659200008959	165.000165000165
175.32027900009416	165.000165000165
175.68364600010682	165.000165000165
176.04801000002772	165.000165000165
176.41161300009117	165.000165000165
176.7753570000641	165.000165000165
177.13952600001357	165.000165000165
177.50306300004013	165.000165000165
177.86637699999847	62.99999685000016
177.9244530000724	62.99999685000016
178.87616200000048	62.99999685000016
179.8280660000164	62.99999685000016
180.78145900007803	147.0
181.05556500004604	147.0
181.4617970000254	147.0
181.8698710000608	147.0
182.2789150000317	147.0
182.68792300007772	147.0
183.0954840000486	147.0
183.50362600001972	147.0
183.9113350000698	187.99996240000752
184.21526900003664	187.99996240000752
184.53420200000983	187.99996240000752
184.85310500010382	187.99996240000752
185.1714530000463	187.99996240000752
185.491194000002	187.99996240000752
185.80997700011358	187.99996240000752
186.1300170000177	216.99976130026258
186.36728700005915	216.99976130026258
186.64469600003213	216.99976130026258
186.9192650000332	216.99976130026258
187.19831000000704	216.99976130026258
187.47357100003865	216.99976130026258
187.7490500001004	216.99976130026258
188.02585100010037	216.99976130026258
188.30206700006966	216.99976130026258
188.57871300005354	216.99976130026258
188.8559880000539	216.99976130026258
189.13163000007626	216.99976130026258
189.4102150000399	216.99976130026258
189.68491800001357	216.99976130026258
189.96197800000664	181.0
189.98474400001578	181.0
190.31643700005952	181.0
190.64882400003262	181.0
190.97858700004872	181.0
191.31027700006962	181.0
191.64164300006814	181.0
191.97317000001203	55.00000458333371
192.26402000000235	55.00000458333371
193.3564380001044	55.00000458333371
194.4480470000999	55.00000458333371
195.53722700010985	55.00000458333371
196.63355800008867	55.00000458333371
197.71980300010182	55.00000458333371
198.80969400005415	55.00000458333371
199.90063500008546	55.00000458333371
200.99198900000192	55.00000458333371
202.08698100002948	55.00000458333371
203.17330600006972	55.00000458333371
204.2660260000266	55.00000458333371
205.35579500009771	55.00000458333371
206.44693000009283	55.00000458333371
207.53923100000247	55.00000458333371
208.62792500003707	55.00000458333371
209.71918900008313	55.00000458333371
210.8099200000288	55.00000458333371
211.9009500000393	55.00000458333371
212.99283700005617	55.00000458333371
214.08342300006188	55.00000458333371
215.17457600007765	55.00000458333371
216.2655940001132	55.00000458333371
217.35665600001812	55.00000458333371
218.44811100000516	55.00000458333371


3.995272000087425	120.0
4.488740000058897	120.0
4.501265000086278	120.0
5.001422000001185	120.0
5.500687000108883	120.0
6.000315000070259	120.0
6.501768000074662	120.0
7.000445000012405	120.0
7.500743000069633	120.0
8.00351600011345	120.0
8.50087300001178	120.0
9.000906000030227	120.0
9.501378000015393	120.0
10.001246000058018	120.0
10.50117600010708	120.0
11.001462000072934	120.0
11.501505000051111	120.0
12.000563000096008	120.0
12.501282000099309	120.0
13.002124999999069	120.0
13.512919000000693	120.0
14.000401000026613	120.0
14.500661000027321	120.0
15.000681000063196	120.0
15.501243000035174	120.0
16.00243600003887	120.0
16.500828000018373	120.0
17.000895000062883	120.0
17.50079800002277	120.0
18.000960000092164	120.0
18.500814000028186	120.0
19.001173000084236	120.0
19.50124900008086	120.0
20.00075900007505	120.0
20.50083200004883	120.0
21.002118000062183	120.0
21.500614000018686	120.0
22.000819000066258	120.0
22.50087000010535	120.0
23.000773000065237	120.0
23.50126100005582	120.0
24.00127300003078	120.0
24.501079000066966	120.0
25.001525000086986	120.0
25.501568000065163	120.0
26.0012300000526	120.0
26.500848000054248	120.0
27.001038000104018	120.0
27.501766000059433	120.0
28.001397000043653	177.00002655000398
28.240527000045404	177.00002655000398
28.57963200006634	177.00002655000398
28.91972300002817	177.00002655000398
29.259367000078782	177.00002655000398
29.598156000021845	177.00002655000398
29.93482500000391	211.99990106671282
30.179079000023194	211.99990106671282
30.46365400007926	211.99990106671282
30.746747000026517	211.99990106671282
31.027873000013642	211.99990106671282
31.31103000009898	211.99990106671282
31.595755000016652	211.99990106671282
31.879085000022314	211.99990106671282
32.1604070001049	211.99990106671282
32.444202000042424	211.99990106671282
32.72824200009927	211.99990106671282
33.00978900003247	211.99990106671282
33.29253299999982	211.99990106671282
33.57660400005989	211.99990106671282
33.85858100000769	210.00021000021
33.86023000010755	210.00021000021
34.146357000106946	210.00021000021
34.43226500006858	210.00021000021
34.71923600009177	210.00021000021
35.00360100006219	210.00021000021
35.28846599999815	210.00021000021
35.57584400009364	210.00021000021
35.86011300003156	192.0
35.87620100006461	192.0
36.188998000114225	192.0
36.50064199999906	192.0
36.81246700009797	192.0
37.12611200008541	192.0
37.438531000050716	192.0
37.751192000112496	192.0
38.0625960000325	192.0
38.37721200007945	192.0
38.689852000097744	192.0
39.00065000005998	192.0
39.31416400009766	192.0
39.625579000101425	192.0
39.93937300005928	195.000195000195
40.2426540000597	195.000195000195
40.549691000021994	195.000195000195
40.85912600008305	195.000195000195
41.16446100000758	195.000195000195
41.473471000092104	195.000195000195
41.78025100007653	131.0
41.81743100006133	131.0
42.27611900004558	131.0
42.733283000066876	131.0
43.191283000051044	131.0
43.649303000071086	131.0
44.107451000018045	131.0
44.5648720000172	131.0
45.02330700005405	131.0
45.48196500004269	131.0
45.939018000033684	207.99966720053249
46.140985000063665	207.99966720053249
46.42921000008937	207.99966720053249
46.71793600008823	207.99966720053249
47.00656800006982	207.99966720053249
47.29537500010338	207.99966720053249
47.58325100003276	207.99966720053249
47.87190400005784	180.00018000018
47.89695700001903	180.00018000018
48.23093100008555	180.00018000018
48.56372000009287	180.00018000018
48.89724100008607	180.00018000018
49.2303050000919	180.00018000018
49.564631000044756	180.00018000018
49.899780000094324	180.00018000018
50.23340600007214	180.00018000018
50.564860000042245	180.00018000018
50.89937600004487	180.00018000018
51.23141900007613	180.00018000018
51.56422000005841	180.00018000018
51.89872700010892	85.0
52.10937200009357	85.0
52.815468000015244	85.0
53.52103900001384	85.0
54.22896800003946	98.99993565004183
54.760661000036635	98.99993565004183
55.36811200005468	98.99993565004183
55.97274300002027	98.99993565004183
56.57888700009789	98.99993565004183
57.187103000003844	98.99993565004183
57.79159400006756	98.99993565004183
58.3974810000509	157.999931533363
58.526624000049196	157.999931533363
58.90704100008588	157.999931533363
59.28691600007005	157.999931533363
59.66806000005454	157.999931533363
60.04538800008595	140.00014000014
60.08769700000994	140.00014000014
60.5163430001121	140.00014000014
60.944634000072256	140.00014000014
61.37300500005949	140.00014000014
61.80153400008567	140.00014000014
62.22998300008476	140.00014000014
62.657823000103235	140.00014000014
63.08824000007007	140.00014000014
63.51587600004859	140.00014000014
63.94489400007296	61.99999586666694
64.2069270000793	61.99999586666694
65.17563300009351	61.99999586666694
66.14283200004138	194.00021986691584
66.17146000009961	194.00021986691584
66.48073900002055	194.00021986691584
66.78981900005601	194.00021986691584
67.09905600000639	194.00021986691584
67.40834100008942	194.00021986691584
67.71775599999819	194.00021986691584
68.02795500005595	194.00021986691584
68.3379460000433	194.00021986691584
68.64719100005459	194.00021986691584
68.9555560000008	194.00021986691584
69.26403200009372	194.00021986691584
69.57392700004857	194.00021986691584
69.88251900009345	150.99999748333337
69.92633900011424	150.99999748333337
70.32375700003468	150.99999748333337
70.71954499999993	150.99999748333337
71.11851700011175	150.99999748333337
71.51587800006382	150.99999748333337
71.91289300005883	20.0
73.07815500011202	20.0
76.07910000008997	82.99995020002989
76.54355200007558	82.99995020002989
77.26721600000747	82.99995020002989
77.98961000004783	177.00002655000398
78.1969870000612	177.00002655000398
78.53697400004603	177.00002655000398
78.87489100010134	177.00002655000398
79.2138500000583	177.00002655000398
79.5527080000611	177.00002655000398
79.89177500002552	177.00002655000398
80.230743000051	177.00002655000398
80.56947700004093	177.00002655000398
80.90769000002183	177.00002655000398
81.24947500007693	177.00002655000398
81.58723800000735	177.00002655000398
81.92502800002694	151.0
81.95569900004193	151.0
82.35253200004809	151.0
82.75066800008062	151.0
83.14834400010295	151.0
83.54530800005887	151.0
83.94281500007492	106.99993580003851
84.0213470000308	106.99993580003851
84.5824090000242	106.99993580003851
85.14396100002341	106.99993580003851
85.70618800004013	106.99993580003851
86.2655580000719	106.99993580003851
86.82542000000831	106.99993580003851
87.38743600004818	106.99993580003851
87.94684000010602	213.00010650005325
88.12933200004045	213.00010650005325
88.41367800009903	213.00010650005325
88.69341200008057	213.00010650005325
88.97454500000458	213.00010650005325
89.25892500008922	213.00010650005325
89.53760000003967	213.00010650005325
89.81927800003905	55.00000458333371
90.0109250000678	55.00000458333371
91.10174900002312	55.00000458333371
92.1932730000699	55.00000458333371
93.2837030000519	55.00000458333371
94.375488000107	182.99991765003705
94.5998720000498	182.99991765003705
94.9288350000279	182.99991765003705
95.25691700004973	182.99991765003705
95.58466600009706	182.99991765003705
95.91068400000222	152.99994645001874
95.94224700005725	152.99994645001874
96.33424500003457	152.99994645001874
96.72744800010696	152.99994645001874
97.11820100003388	152.99994645001874
97.51040500006638	152.99994645001874
97.90278600004967	152.99994645001874
98.29651600006036	152.99994645001874
98.68908000004012	152.99994645001874
99.0783550000051	152.99994645001874
99.47122300008778	152.99994645001874
99.863362000091	64.99999458333379
99.99599900003523	64.99999458333379
100.91902200004552	64.99999458333379
101.84554200002458	136.0
102.23970600008033	136.0
102.67998700006865	136.0
103.12145100010093	136.0
103.56262400001287	136.0
104.0046250000596	136.0
104.44570300006308	136.0
104.88745300006121	136.0
105.32918800006155	136.0
105.76798000000417	136.0
106.20980500010774	89.9999550000225
106.43816800008062	89.9999550000225
107.10402300010901	89.9999550000225
107.76984800002538	89.9999550000225
108.43670300010126	154.000154000154
108.54751900001429	154.000154000154
108.93606000009459	154.000154000154
109.32514300011098	154.000154000154
109.71563800005242	154.000154000154
110.10498500009999	154.000154000154
110.49426500010304	154.000154000154
110.88440500001889	154.000154000154
111.27346700010821	154.000154000154
111.66261300002225	154.000154000154
112.05287400004454	59.0
112.51047400000971	59.0
113.52728999999817	59.0
114.54391900007613	178.99974940035085
114.7020280000288	178.99974940035085
115.03695900004823	178.99974940035085
115.37243700004183	178.99974940035085
115.70866400003433	178.99974940035085
116.04215000011027	178.99974940035085
116.3788170000771	178.99974940035085
116.71326000010595	178.99974940035085
117.04842800006736	178.99974940035085
117.38318600005005	178.99974940035085
117.71986700000707	178.99974940035085
118.05446000001393	28.000001866666793
119.56893600011244	28.000001866666793
121.7126500000013	185.99979540022505
122.00408700003754	185.99979540022505
122.32712200004607	185.99979540022505
122.64816700003576	185.99979540022505
122.9707800000906	185.99979540022505
123.29278000001796	185.99979540022505
123.61817400006112	185.99979540022505
123.93899700010661	94.99999208333399
124.08954300009646	94.99999208333399
124.7216330000665	94.99999208333399
125.35431400011294	94.99999208333399
125.98457000008784	196.0002874670883
126.18635200010613	196.0002874670883
126.4927130000433	196.0002874670883
126.79813300003298	196.0002874670883
127.10483600001317	196.0002874670883
127.4100890000118	196.0002874670883
127.71617300005164	196.0002874670883
128.02409600000829	196.0002874670883
128.32863700005691	196.0002874670883
128.63705500005744	196.0002874670883
128.94087300007232	196.0002874670883
129.2477840000065	196.0002874670883
129.5545610000845	196.0002874670883
129.85976200003643	182.000182000182
129.86426100006793	182.000182000182
130.1943630001042	182.000182000182
130.5249120000517	182.000182000182
130.85402700002305	182.000182000182
131.18316100002266	182.000182000182
131.51390800008085	182.000182000182
131.84522700007074	218.0
132.10990200005472	218.0
132.38592800009064	218.0
132.66046400007326	218.0
132.93619700009003	218.0
133.21021300007124	218.0
133.48634200007655	218.0
133.76133100001607	218.0
134.03849400009494	218.0
134.312871000031	218.0
134.58718800009228	218.0
134.86222500004806	218.0
135.13791600009426	218.0
135.41311700001825	218.0
135.68876200006343	218.0
135.96393600001466	201.999798000202
135.9781470000744	201.999798000202
136.2737790000392	201.999798000202
136.56997599999886	201.999798000202
136.86796300008427	201.999798000202
137.16592400008813	201.999798000202
137.46127600001637	201.999798000202
137.7584860000061	201.999798000202
138.05582000000868	142.0000710000355
138.1656560000265	142.0000710000355
138.58839600009378	142.0000710000355
139.01126100006513	142.0000710000355
139.4344610000262	142.0000710000355
139.85581800004002	142.0000710000355
140.27848400000948	142.0000710000355
140.7013240000233	142.0000710000355
141.12549500004388	142.0000710000355
141.54844400007278	142.0000710000355
141.96965600003023	128.0
141.98931299999822	128.0
142.4570150000509	128.0
142.92522900004406	128.0
143.39448500005528	128.0
143.86273800011259	27.00000270000027
144.05979000008665	27.00000270000027
146.28126800002065	27.00000270000027
148.50519400008488	175.00007291669704
148.60379400011152	175.00007291669704
148.94562100002076	175.00007291669704
149.28897100000177	175.00007291669704
149.63220900006127	175.00007291669704
149.97463900002185	191.00007640003057
150.27569500007667	191.00007640003057
150.588131000055	191.00007640003057
150.90343800000846	191.00007640003057
151.2171110000927	191.00007640003057
151.53133600007277	191.00007640003057
151.8459520000033	191.00007640003057
152.15950900001917	191.00007640003057
152.47445900004823	191.00007640003057
152.7872760000173	191.00007640003057
153.10167200001888	191.00007640003057
153.41610900009982	191.00007640003057
153.73068500007503	191.00007640003057
154.04451900010463	210.00021000021
154.30918300000485	210.00021000021
154.59738600009587	210.00021000021
154.87999200006016	210.00021000021
155.16595000005327	210.00021000021
155.45180999999866	210.00021000021
155.7396680000238	210.00021000021
156.02468800009228	180.99984313346928
156.05965900002047	180.99984313346928
156.3891560001066	180.99984313346928
156.7210920000216	180.99984313346928
157.0522920000367	180.99984313346928
157.38490300008561	180.99984313346928
157.71563200000674	180.99984313346928
158.04889500001445	180.99984313346928
158.37754100002348	180.99984313346928
158.70970500004478	180.99984313346928
159.04158000007737	180.99984313346928
159.37332900008187	180.99984313346928
159.70542100002058	180.99984313346928
160.0366900000954	195.000195000195
160.3287180000916	195.000195000195
160.6351460000733	195.000195000195
160.9420810000738	195.000195000195
161.25259899999946	195.000195000195
161.55746400007047	195.000195000195
161.86734500003513	76.0
161.94766700000037	76.0
162.73669900000095	76.0
163.52508600009605	76.0
164.3138400000753	76.0
165.103489000001	76.0
165.89420000009704	76.0
166.6831480000401	52.000006933334255
167.08188000007067	52.000006933334255
168.23695900000166	175.00007291669704
168.28823800000828	175.00007291669704
168.62947200005874	175.00007291669704
168.97260600002483	175.00007291669704
169.31621600000653	175.00007291669704
169.65945400006603	175.00007291669704
170.00099500000942	175.00007291669704
170.34446500008926	175.00007291669704
170.68700000003446	175.00007291669704
171.02932800003327	175.00007291669704
171.37260900007095	175.00007291669704
171.7165770001011	175.00007291669704
172.05867300007958	107.0
172.20960400009062	107.0
172.7704870000016	107.0
173.32888600009028	107.0
173.88945500005502	107.0
174.45077300001867	165.000165000165
174.59311800007708	165.000165000165
174.95739900006447	165.000165000165
175.31996000010986	165.000165000165
175.68416800000705	165.000165000165
176.0483650000533	165.000165000165
176.4114390000468	165.000165000165
176.77512400003616	165.000165000165
177.13922000001185	165.000165000165
177.5026590001071	165.000165000165
177.86660800001118	62.99999685000016
177.92464100010693	62.99999685000016
178.8758660000749	62.99999685000016
179.82799300004262	62.99999685000016
180.78035400004592	147.0000955500621
181.05484500003513	147.0000955500621
181.46203000005335	147.0000955500621
181.86988800007384	147.0000955500621
182.27879500004929	147.0000955500621
182.68852300010622	147.0000955500621
183.0955210000975	147.0000955500621
183.5039430001052	147.0000955500621
183.91079000011086	187.99996240000752
184.2155849999981	187.99996240000752
184.53417600004468	187.99996240000752
184.85342800000217	187.99996240000752
185.17175400000997	187.99996240000752
185.49088400008623	187.99996240000752
185.80962100008037	187.99996240000752
186.13025200006086	216.99976130026258
186.36736700008623	216.99976130026258
186.6443370000925	216.99976130026258
186.91976700001396	216.99976130026258
187.1983500000788	216.99976130026258
187.47354600008111	216.99976130026258
187.7488650000887	216.99976130026258
188.02585100010037	216.99976130026258
188.30249500006903	216.99976130026258
188.57812700001523	216.99976130026258
188.8559880000539	216.99976130026258
189.13223800004926	216.99976130026258
189.40992100001313	216.99976130026258
189.6844610000262	216.99976130026258
189.96149800007697	180.99984313346928
189.98397600010503	180.99984313346928
190.31605400005355	180.99984313346928
190.6488900000695	180.99984313346928
190.97858700004872	180.99984313346928
191.31006400007755	180.99984313346928
191.64162700006273	180.99984313346928
191.97298700001556	55.0
192.26402000000235	55.0
193.3561200000113	55.0
194.4480470000999	55.0
195.53776300000027	55.0
196.63247599999886	55.0
197.71967300004326	55.0
198.8094240000937	55.0
199.9010840000119	55.0
200.99164800008293	55.0
202.08797100000083	55.0
203.17307900008745	55.0
204.26631300000008	55.0
205.35561100009363	55.0
206.44769500009716	55.0
207.53859400004148	55.0
208.62761000008322	55.0
209.71899200009648	55.0
210.81018300005235	55.0
211.90107700007502	55.0
212.99283700005617	55.0
214.08377700007986	55.0
215.17484800005332	55.0
216.26560400007293	55.0
217.35710200003814	55.0
218.44789800001308	55.0


5.987648000009358	120.0
6.480070000048727	120.0
6.5017900000093505	120.0
7.000866000074893	120.0
7.500419000047259	120.0
8.003955000080168	120.0
8.50087300001178	120.0
9.001113000093028	120.0
9.501037000096403	120.0
10.001862000091933	120.0
10.50145100010559	120.0
11.001173000084236	120.0
11.501190000097267	120.0
12.000878000049852	120.0
12.501589999999851	120.0
13.002316000056453	120.0
13.50423600000795	120.0
14.000210000085644	120.0
14.500868000090122	120.0
15.001606000005268	120.0
15.501425000024028	120.0
16.001831000088714	120.0
16.501142000081018	120.0
17.00036700000055	120.0
17.501387000083923	120.0
18.00072800007183	120.0
18.50119600002654	120.0
19.001462000072934	120.0
19.501513000112027	120.0
20.00080300006084	120.0
20.500806000083685	120.0
21.00048600009177	120.0
21.500440000090748	120.0
22.000522000016645	120.0
22.50087000010535	120.0
23.001008000108413	120.0
23.50157200009562	120.0
24.000878000049852	120.0
24.500768000027165	120.0
25.001861000084318	120.0
25.501279000076465	120.0
26.001559000113048	120.0
26.50099600001704	120.0
27.00140100007411	120.0
27.501588000101037	120.0
28.001108000054955	177.00002655000398
28.24087800004054	177.00002655000398
28.57978600007482	177.00002655000398
28.920032000052743	177.00002655000398
29.259053000016138	177.00002655000398
29.59755900001619	177.00002655000398
29.93531300011091	211.99990106671282
30.179764000000432	211.99990106671282
30.463245999999344	211.99990106671282
30.746428000042215	211.99990106671282
31.028109000064433	211.99990106671282
31.31131900008768	211.99990106671282
31.595126000000164	211.99990106671282
31.878800000064075	211.99990106671282
32.161025000037625	211.99990106671282
32.44460200006142	211.99990106671282
32.72779500007164	211.99990106671282
33.009486000053585	211.99990106671282
33.29290400003083	211.99990106671282
33.576474000001326	211.99990106671282
33.85871500009671	210.00021000021
33.86034000001382	210.00021000021
34.146357000106946	210.00021000021
34.43188500008546	210.00021000021
34.71714000008069	210.00021000021
35.00390500004869	210.00021000021
35.28873000002932	210.00021000021
35.575479999999516	210.00021000021
35.85986700002104	192.0
35.87620100006461	192.0
36.18931300006807	192.0
36.500322000007145	192.0
36.812716000014916	192.0
37.12570900004357	192.0
37.43792400008533	192.0
37.750606000074185	192.0
38.0625960000325	192.0
38.377273000078276	192.0
38.68962600000668	192.0
39.00035900005605	192.0
39.31343300000299	192.0
39.62533800001256	192.0
39.93903900007717	195.000195000195
40.24263700004667	195.000195000195
40.54905900009908	195.000195000195
40.85842200007755	195.000195000195
41.16477200004738	195.000195000195
41.47378000000026	195.000195000195
41.78055400005542	131.00007641671124
41.8181990000885	131.00007641671124
42.276239000028	131.00007641671124
42.733647000044584	131.00007641671124
43.192041000002064	131.00007641671124
43.6496160000097	131.00007641671124
44.10775800002739	131.00007641671124
44.565075000049546	131.00007641671124
45.023027000017464	131.00007641671124
45.48158100002911	131.00007641671124
45.939308000029996	208.0
46.141168000060134	208.0
46.42897600005381	208.0
46.7176230000332	208.0
47.00623100006487	208.0
47.29585700004827	208.0
47.583565000095405	208.0
47.87226300011389	180.00018000018
47.89756500010844	180.00018000018
48.23064400011208	180.00018000018
48.56334000010975	180.00018000018
48.89696600008756	180.00018000018
49.23008600005414	180.00018000018
49.564631000044756	180.00018000018
49.899382000090554	180.00018000018
50.230630000005476	180.00018000018
50.56516900006682	180.00018000018
50.89967100007925	180.00018000018
51.23113100009505	180.00018000018
51.563908000011	180.00018000018
51.8991040000692	85.00004250002125
52.109064000076614	85.00004250002125
52.81567600008566	85.00004250002125
53.52085900004022	85.00004250002125
54.22919600002933	98.99993565004183
54.76178300008178	98.99993565004183
55.36780800006818	98.99993565004183
55.97274300002027	98.99993565004183
56.578570000012405	98.99993565004183
57.18699400010519	98.99993565004183
57.79155600001104	98.99993565004183
58.39792000001762	157.999931533363
58.52631800004747	157.999931533363
58.9072800000431	157.999931533363
59.28722300007939	157.999931533363
59.66834600002039	157.999931533363
60.045822000014596	140.00014000014
60.08767000003718	140.00014000014
60.516648000106215	140.00014000014
60.944911000085995	140.00014000014
61.37332300003618	140.00014000014
61.80182800011244	140.00014000014
62.22998300008476	140.00014000014
62.657823000103235	140.00014000014
63.08856000006199	140.00014000014
63.51568200008478	140.00014000014
63.94515100005083	61.99999586666694
64.20754000009038	61.99999586666694
65.17563300009351	61.99999586666694
66.1430700001074	194.0
66.17146000009961	194.0
66.4802900000941	194.0
66.78960800007917	194.0
67.09898600005545	194.0
67.40815100003965	194.0
67.71754600002896	194.0
68.02791000006255	194.0
68.33763700001873	194.0
68.64761700003874	194.0
68.95625000004657	194.0
69.2645870000124	194.0
69.57364300009795	194.0
69.88293200009502	150.99999748333337
69.92633900011424	150.99999748333337
70.32344700000249	150.99999748333337
70.72010000003502	150.99999748333337
71.118877000059	150.99999748333337
71.51652800000738	150.99999748333337
71.91293400002178	20.0
73.07866900006775	20.0
76.08105800009798	83.0
76.54356900008861	83.0
77.26781300001312	83.0
77.98964300006628	177.00002655000398
78.1970760000404	177.00002655000398
78.53651600005105	177.00002655000398
78.87489100010134	177.00002655000398
79.21448700001929	177.00002655000398
79.55272600008175	177.00002655000398
79.89151000010315	177.00002655000398
80.23077100003138	177.00002655000398
80.56886200001463	177.00002655000398
80.90785300009884	177.00002655000398
81.24933200003579	177.00002655000398
81.58723800000735	177.00002655000398
81.9247360000154	150.99999748333337
81.95575900003314	150.99999748333337
82.35253200004809	150.99999748333337
82.75074700010009	150.99999748333337
83.14834400010295	150.99999748333337
83.54461200011428	150.99999748333337
83.94277300010435	106.99993580003851
84.02258700004313	106.99993580003851
84.58215800009202	106.99993580003851
85.14400300011039	106.99993580003851
85.70480100007262	106.99993580003851
86.26583300007042	106.99993580003851
86.82620800007135	106.99993580003851
87.38811700011138	106.99993580003851
87.94692200003192	213.00010650005325
88.12928500003181	213.00010650005325
88.41251600009855	213.00010650005325
88.69280499999877	213.00010650005325
88.97454500000458	213.00010650005325
89.25822000007611	213.00010650005325
89.53812000004109	213.00010650005325
89.81967800005805	55.00000458333371
90.01124500005972	55.00000458333371
91.10215900000185	55.00000458333371
92.19229400006589	55.00000458333371
93.28406900004484	55.00000458333371
94.37580600008368	182.99991765003705
94.60016200004611	182.99991765003705
94.92823200009298	182.99991765003705
95.25724000006448	182.99991765003705
95.5834240000695	182.99991765003705
95.911645000102	153.0
95.94287200004328	153.0
96.33359900000505	153.0
96.7272670000093	153.0
97.11754200002179	153.0
97.50991500006057	153.0
97.90190200007055	153.0
98.29588500002865	153.0
98.68764700007159	153.0
99.07875600003172	153.0
99.4705950000789	153.0
99.86268300004303	64.99999458333379
99.99581500003114	64.99999458333379
100.91902200004552	64.99999458333379
101.84630400000606	136.0001450668214
102.24000900005922	136.0001450668214
102.67998700006865	136.0001450668214
103.12183900002856	136.0001450668214
103.5632030001143	136.0001450668214
104.0046250000596	136.0001450668214
104.44584300008137	136.0001450668214
104.88799200009089	136.0001450668214
105.3295030000154	136.0001450668214
105.7679290000815	90.0
105.76930500008166	90.0
106.43819500005338	90.0
107.10318200010806	90.0
107.7696420000866	90.0
108.43638100009412	154.000154000154
108.54696100007277	154.000154000154
108.9360840000445	154.000154000154
109.32476600003429	154.000154000154
109.71563800005242	154.000154000154
110.10468800005037	154.000154000154
110.49438400007784	154.000154000154
110.88511300005484	154.000154000154
111.27375800011214	154.000154000154
111.66261300002225	154.000154000154
112.05261300003622	59.00000885000133
112.51002400007565	59.00000885000133
113.52726400003303	59.00000885000133
114.54420100001153	178.99974940035085
114.70136100007221	178.99974940035085
115.03726700006519	178.99974940035085
115.37322700000368	178.99974940035085
115.7081940000644	178.99974940035085
116.04251400008798	178.99974940035085
116.37916100001894	178.99974940035085
116.71281799999997	178.99974940035085
117.048875000095	178.99974940035085
117.38287400000263	178.99974940035085
117.71955200005323	178.99974940035085
118.05417300004046	28.000001866666793
119.56893600011244	28.000001866666793
121.71304500009865	185.99979540022505
122.00410100002773	185.99979540022505
122.3274870000314	185.99979540022505
122.64780300005805	185.99979540022505
122.97047500009649	185.99979540022505
123.29304700007197	185.99979540022505
123.61786700005177	185.99979540022505
123.93868900008965	94.99999208333399
124.08948400011286	94.99999208333399
124.72228400001768	94.99999208333399
125.35404200002085	94.99999208333399
125.98491800006013	196.0
126.18679800000973	196.0
126.49300400004722	196.0
126.79807400004938	196.0
127.10507100005634	196.0
127.41027700004634	196.0
127.71646000002511	196.0
128.02416900009848	196.0
128.3303180000512	196.0
128.63633100001607	196.0
128.94208500010427	196.0
129.24808100005612	196.0
129.55487700004596	196.0
129.85955900000408	196.0
130.1653660000302	182.000182000182
130.19518800009973	182.000182000182
130.52454300003592	182.000182000182
130.85361300001387	182.000182000182
131.1828530000057	182.000182000182
131.51428000000305	182.000182000182
131.8431340000825	182.000182000182
132.17253000009805	218.00028340036843
132.38630200002808	218.00028340036843
132.66080300009344	218.00028340036843
132.93500500009395	218.00028340036843
133.21060900005978	218.00028340036843
133.48615500004962	218.00028340036843
133.76113100000657	218.00028340036843
134.03820500010625	218.00028340036843
134.31211600010283	218.00028340036843
134.58700000005774	218.00028340036843
134.86244799999986	218.00028340036843
135.13823500007857	218.00028340036843
135.41254400007892	218.00028340036843
135.6879670000635	218.00028340036843
135.96421800006647	202.0
135.97867700003553	202.0
136.27348700002767	202.0
136.57049100007862	202.0
136.86732600000687	202.0
137.16607900010422	202.0
137.4621600001119	202.0
137.758894000086	202.0
138.0553770000115	142.0000710000355
138.16597800003365	142.0000710000355
138.58808800007682	142.0000710000355
139.01156700006686	142.0000710000355
139.43424200010486	142.0000710000355
139.8560460000299	142.0000710000355
140.27867400005925	142.0000710000355
140.7011610000627	142.0000710000355
141.1248520000372	142.0000710000355
141.54811400000472	142.0000710000355
141.9694989999989	128.0
141.98911300010514	128.0
142.45655900007114	128.0
142.9258030001074	128.0
143.3989030000521	128.0
143.8631330000935	27.00000270000027
144.05967800004873	27.00000270000027
146.2812480001012	27.00000270000027
148.50500800006557	175.00007291669704
148.60414600011427	175.00007291669704
148.9454530000221	175.00007291669704
149.28856000001542	175.00007291669704
149.63107300002594	175.00007291669704
149.974961000029	191.00007640003057
150.27569500007667	191.00007640003057
150.58847800001968	191.00007640003057
150.9030250000069	191.00007640003057
151.21706300007645	191.00007640003057
151.5310200001113	191.00007640003057
151.84572300000582	191.00007640003057
152.1597630000906	191.00007640003057
152.474486000021	191.00007640003057
152.7874910000246	191.00007640003057
153.1020280000521	191.00007640003057
153.41610900009982	191.00007640003057
153.7303190000821	191.00007640003057
154.04389400000218	210.00021000021
154.3088590000989	210.00021000021
154.59738600009587	210.00021000021
154.88006400002632	210.00021000021
155.165931000025	210.00021000021
155.4521230000537	210.00021000021
155.739978000056	210.00021000021
156.0243860000046	181.0
156.0590370000573	181.0
156.38965500006452	181.0
156.72047300008126	181.0
157.0529230000684	181.0
157.38456700008828	181.0
157.7149330000393	181.0
158.04860500001814	181.0
158.37758300011046	181.0
158.7091660000151	181.0
159.04092900000978	181.0
159.3730060000671	181.0
159.7051030000439	181.0
160.03645800007507	195.000195000195
160.32838000007905	195.000195000195
160.6347470000619	195.000195000195
160.94271400000434	195.000195000195
161.250563000096	195.000195000195
161.55742000008468	195.000195000195
161.86661300004926	75.99996960001216
161.94698900007643	75.99996960001216
162.7375030000694	75.99996960001216
163.52496000006795	75.99996960001216
164.31382300006226	75.99996960001216
165.10317700007	75.99996960001216
165.89447400008794	52.0
165.92845700006	52.0
167.08188000007067	52.0
168.23688600002788	175.00007291669704
168.28816200001165	175.00007291669704
168.6297890000278	175.00007291669704
168.97260600002483	175.00007291669704
169.31624400010332	175.00007291669704
169.65948300005402	175.00007291669704
170.00116700003855	175.00007291669704
170.34446500008926	175.00007291669704
170.68711600010283	175.00007291669704
171.02932800003327	175.00007291669704
171.37260900007095	175.00007291669704
171.71728700003587	175.00007291669704
172.05833600007463	106.99993580003851
172.20930800004862	106.99993580003851
172.7699390000198	106.99993580003851
173.32888600009028	106.99993580003851
173.88967300008517	106.99993580003851
174.45045500004198	165.000165000165
174.59311800007708	165.000165000165
174.9578020001063	165.000165000165
175.31996000010986	165.000165000165
175.6839050000999	165.000165000165
176.04819900006987	165.000165000165
176.4117790000746	165.000165000165
176.77486900007352	165.000165000165
177.13981200009584	165.000165000165
177.50232600001618	165.000165000165
177.86605700000655	62.99999685000016
177.92417700006627	62.99999685000016
178.87589400005527	62.99999685000016
179.8276870000409	62.99999685000016
180.78070700005628	147.0000955500621
181.05489000002854	147.0000955500621
181.4615520000225	147.0000955500621
181.8705290000653	147.0000955500621
182.27846900001168	147.0000955500621
182.68792300007772	147.0000955500621
183.0952910000924	147.0000955500621
183.50362600001972	147.0000955500621
183.91159100004006	187.99996240000752
184.2159030000912	187.99996240000752
184.53480500006117	187.99996240000752
184.85310500010382	187.99996240000752
185.17355100007262	187.99996240000752
185.49059200007468	187.99996240000752
185.8101710000774	187.99996240000752
186.12957200000528	217.0
186.36709500011057	217.0
186.6439680000767	217.0
186.91953000007197	217.0
187.1979280000087	217.0
187.47324600000866	217.0
187.74949700001162	217.0
188.0261720000999	217.0
188.30238700006157	217.0
188.57812700001523	217.0
188.85623000003397	217.0
189.13191100000404	217.0
189.4096010000212	217.0
189.68472300004214	217.0
189.96174600010272	180.99984313346928
189.98437600000761	180.99984313346928
190.31639500008896	180.99984313346928
190.64937300002202	180.99984313346928
190.9788750000298	180.99984313346928
191.30958300002385	180.99984313346928
191.64192300010473	180.99984313346928
191.97286900004838	55.00000458333371
192.26431100000627	55.00000458333371
193.35672600008547	55.00000458333371
194.448335000081	55.00000458333371
195.53776300000027	55.00000458333371
196.63292000000365	55.00000458333371
197.7199430000037	55.00000458333371
198.80969400005415	55.00000458333371
199.90063500008546	55.00000458333371
200.9919640000444	55.00000458333371
202.0881370001007	55.00000458333371
203.17309500009287	55.00000458333371
204.26566400006413	55.00000458333371
205.35559000005014	55.00000458333371
206.447327000089	55.00000458333371
207.53894800005946	55.00000458333371
208.62821400002576	55.00000458333371
209.7187480001012	55.00000458333371
210.80954500008374	55.00000458333371
211.9006980000995	55.00000458333371
212.99250300007407	55.00000458333371
214.08308100001886	55.00000458333371
215.17424200009555	55.00000458333371
216.26581300003454	55.00000458333371
217.35633700003382	55.00000458333371
218.44780700001866	55.00000458333371


8.070594000048004	120.0
8.565814000088722	120.0
9.000529000069946	120.0
9.501356000080705	120.0
10.001566000049934	120.0
10.501281000091694	120.0
11.001173000084236	120.0
11.501505000051111	120.0
12.000422000070103	120.0
12.50187600008212	120.0
13.016029000049457	120.0
13.502580000087619	120.0
14.000467000063509	120.0
14.500435000052676	120.0
15.0010150000453	120.0
15.501650000107475	120.0
16.0015260000946	120.0
16.500989000080153	120.0
17.001185000059195	120.0
17.50109200004954	120.0
18.000971000059508	120.0
18.50122000009287	120.0
19.00085500010755	120.0
19.50124900008086	120.0
20.001195000018924	120.0
20.501216000062414	120.0
21.000355000025593	120.0
21.500794000108726	120.0
22.001027000020258	120.0
22.501483000000007	120.0
23.000773000065237	120.0
23.500941000063904	120.0
24.00084200000856	120.0
24.501094000064768	120.0
25.0012150000548	120.0
25.500961000099778	120.0
26.0012300000526	120.0
26.50078400003258	120.0
27.001038000104018	120.0
27.501195000018924	120.0
28.001333000021987	177.0
28.241155000054277	177.0
28.579621000098996	177.0
28.91941900004167	177.0
29.258741000085138	177.0
29.597906000097282	177.0
29.935293000075035	211.99990106671282
30.179521000012755	211.99990106671282
30.46328500006348	211.99990106671282
30.746428000042215	211.99990106671282
31.028149000019766	211.99990106671282
31.31131900008768	211.99990106671282
31.595464000012726	211.99990106671282
31.878800000064075	211.99990106671282
32.16072700009681	211.99990106671282
32.44441600004211	211.99990106671282
32.728057000087574	211.99990106671282
33.009486000053585	211.99990106671282
33.29273700003978	211.99990106671282
33.57637100003194	211.99990106671282
33.85887300001923	210.00021000021
33.86050000006799	210.00021000021
34.14604700007476	210.00021000021
34.43147100007627	210.00021000021
34.71860000002198	210.00021000021
35.00390500004869	210.00021000021
35.288801000104286	210.00021000021
35.575479999999516	210.00021000021
35.859802999999374	192.0
35.87586300005205	192.0
36.188579000066966	192.0
36.49991700006649	192.0
36.813133000046946	192.0
37.12621100002434	192.0
37.43824700010009	192.0
37.75094000005629	192.0
38.06237100006547	192.0
38.37694800004829	192.0
38.68920200003777	192.0
39.00004800001625	192.0
39.313820000039414	192.0
39.625579000101425	192.0
39.93937300005928	195.000195000195
40.242951000109315	195.000195000195
40.549406000063755	195.000195000195
40.858818000066094	195.000195000195
41.16511200007517	195.000195000195
41.4731520001078	195.000195000195
41.7799380000215	131.00007641671124
41.81783000007272	131.00007641671124
42.27580200007651	131.00007641671124
42.7334630000405	131.00007641671124
43.19167800003197	131.00007641671124
43.64986000000499	131.00007641671124
44.107422000030056	131.00007641671124
44.56517400010489	131.00007641671124
45.02304700005334	131.00007641671124
45.48196500004269	131.00007641671124
45.939018000033684	207.99966720053249
46.140995000023395	207.99966720053249
46.42896400007885	207.99966720053249
46.71830900001805	207.99966720053249
47.00701400008984	207.99966720053249
47.29588400002103	207.99966720053249
47.58352100010961	207.99966720053249
47.87226300011389	180.0
47.89726000011433	180.0
48.23032900004182	180.0
48.563504000077955	180.0
48.89693700009957	180.0
49.23051200003829	180.0
49.56431100005284	180.0
49.899382000090554	180.0
50.230318000074476	180.0
50.564517999999225	180.0
50.89948500005994	180.0
51.23077000002377	180.0
51.56422000005841	180.0
51.89877900003921	85.00004250002125
52.10934300010558	85.00004250002125
52.81564500008244	85.00004250002125
53.52124000003096	85.00004250002125
54.22866400005296	98.99993565004183
54.76187900011428	98.99993565004183
55.36777400004212	98.99993565004183
55.97299700009171	98.99993565004183
56.578570000012405	98.99993565004183
57.18660000001546	98.99993565004183
57.791370000108145	158.0
58.14750000007916	158.0
58.52698100009002	158.0
58.90666200011037	158.0
59.28650100005325	158.0
59.667716000112705	158.0
60.0457250000909	140.00014000014
60.0873890001094	140.00014000014
60.516689000069164	140.00014000014
60.944313000072725	140.00014000014
61.37332300003618	140.00014000014
61.80120300000999	140.00014000014
62.229563000029884	140.00014000014
62.658598000067286	140.00014000014
63.08856000006199	140.00014000014
63.516610000049695	140.00014000014
63.94515100005083	61.99999586666694
64.2072600000538	61.99999586666694
65.17594900005497	61.99999586666694
66.14258600003086	194.00021986691584
66.17204800003674	194.00021986691584
66.48043800005689	194.00021986691584
66.78960800007917	194.00021986691584
67.09871900000144	194.00021986691584
67.408029000042	194.00021986691584
67.71728500002064	194.00021986691584
68.02823600010015	194.00021986691584
68.33735600009095	194.00021986691584
68.64659900008701	194.00021986691584
68.9555560000008	194.00021986691584
69.26433900010306	194.00021986691584
69.57332500000484	194.00021986691584
69.88239800010342	150.99999748333337
69.92606300010812	150.99999748333337
70.32308900007047	150.99999748333337
70.71987100003753	150.99999748333337
71.11712600011379	150.99999748333337
71.51623400009703	150.99999748333337
71.91263500007335	20.0
73.07854400004726	20.0
76.07878400001209	82.99995020002989
76.54392900003586	82.99995020002989
77.26752300001681	82.99995020002989
77.98927000002004	177.0
78.1963790000882	177.0
78.53694600006565	177.0
78.8751850000117	177.0
79.21417800011113	177.0
79.55334900005255	177.0
79.89116700005252	177.0
80.23107100010384	177.0
80.56887700001244	177.0
80.90813200001139	177.0
81.24900800001342	177.0
81.58755600010045	177.0
81.92441300000064	150.99999748333337
81.9553700000979	150.99999748333337
82.35285200004	150.99999748333337
82.75101400003769	150.99999748333337
83.14862900006119	150.99999748333337
83.54461200011428	150.99999748333337
83.94308500003535	106.99993580003851
84.02213900000788	106.99993580003851
84.58215800009202	106.99993580003851
85.14344400004484	106.99993580003851
85.70540700003039	106.99993580003851
86.26612600008957	106.99993580003851
86.82591400004458	106.99993580003851
87.38780900009442	106.99993580003851
87.94733200001065	213.0
88.1303290000651	213.0
88.41190200007986	213.0
88.69331900007091	213.0
88.97510000003967	213.0
89.26119800005108	213.0
89.53762200009078	213.0
89.819290000014	55.00000458333371
90.01135200005956	55.00000458333371
91.1017910001101	55.00000458333371
92.19229400006589	55.00000458333371
93.28438100009225	55.00000458333371
94.37614000006579	182.99991765003705
94.59954500000458	182.99991765003705
94.92854200000875	182.99991765003705
95.25748000002932	182.99991765003705
95.58340100001078	182.99991765003705
95.9119340000907	152.99994645001874
95.94315800000913	152.99994645001874
96.33457400009502	152.99994645001874
96.72729100007564	152.99994645001874
97.117869000067	152.99994645001874
97.51074300007895	152.99994645001874
97.90190200007055	152.99994645001874
98.29620100010652	152.99994645001874
98.6878110000398	152.99994645001874
99.07875600003172	152.99994645001874
99.470529000042	152.99994645001874
99.86303700006101	64.99999458333379
99.996976000024	64.99999458333379
100.91876400006004	64.99999458333379
101.8459650001023	136.0001450668214
102.23935400007758	136.0001450668214
102.68037800001912	136.0001450668214
103.12176600005478	136.0001450668214
103.56303900002968	136.0001450668214
104.00494500005152	136.0001450668214
104.4460750001017	136.0001450668214
104.88772300002165	136.0001450668214
105.3295030000154	136.0001450668214
105.76816600002348	136.0001450668214
106.20947200001683	89.9999550000225
106.43850300007034	89.9999550000225
107.10316400008742	89.9999550000225
107.77006200002506	154.0
108.1565080001019	154.0
108.54722100007348	154.0
108.93644900002982	154.0
109.32476600003429	154.0
109.71588600007817	154.0
110.10468800005037	154.0
110.49394500011113	154.0
110.88484900002368	154.0
111.27373000001535	154.0
111.66287000000011	154.0
112.05228699999861	59.00000885000133
112.51002400007565	59.00000885000133
113.52694900007918	59.00000885000133
114.54360500001349	178.99974940035085
114.70173600001726	178.99974940035085
115.03759700001683	178.99974940035085
115.3727540000109	178.99974940035085
115.70902700000443	178.99974940035085
116.04288500000257	178.99974940035085
116.37947400007397	178.99974940035085
116.71342800010461	178.99974940035085
117.04874100000598	178.99974940035085
117.38347700005397	178.99974940035085
117.71993900008965	178.99974940035085
118.05414500006009	28.0
119.5696000000462	28.0
121.71309600002132	185.99979540022505
122.00382600002922	185.99979540022505
122.32744200003799	185.99979540022505
122.64805000007618	185.99979540022505
122.97103600006085	185.99979540022505
123.29276700003538	185.99979540022505
123.61798600002658	185.99979540022505
123.93837200000416	94.99999208333399
124.08990000002086	94.99999208333399
124.72196800005622	94.99999208333399
125.35372500005178	94.99999208333399
125.98480100010056	196.0002874670883
126.18665500008501	196.0002874670883
126.49237200000789	196.0002874670883
126.79779900005087	196.0002874670883
127.10443500010297	196.0002874670883
127.41029100003652	196.0002874670883
127.71646000002511	196.0002874670883
128.02378000004683	196.0002874670883
128.33024100004695	196.0002874670883
128.6366740000667	196.0002874670883
128.94125500007067	196.0002874670883
129.24787000007927	196.0002874670883
129.55426100001205	196.0002874670883
129.85977200011257	196.0002874670883
130.16557500010822	182.000182000182
130.19447700004093	182.000182000182
130.52427200006787	182.000182000182
130.85392400005367	182.000182000182
131.1828080000123	182.000182000182
131.51390800008085	182.000182000182
131.84562200005166	182.000182000182
132.17290700005833	218.00028340036843
132.38661800010595	218.00028340036843
132.66046400007326	218.00028340036843
132.93564999999944	218.00028340036843
133.21026900003199	218.00028340036843
133.48615500004962	218.00028340036843
133.76123800000641	218.00028340036843
134.0380240000086	218.00028340036843
134.3124410000164	218.00028340036843
134.58739200001583	218.00028340036843
134.86200900003314	218.00028340036843
135.13759100006428	218.00028340036843
135.4121340001002	218.00028340036843
135.6874320000643	218.00028340036843
135.96362400008366	201.999798000202
135.97842000005767	201.999798000202
136.27316600002814	201.999798000202
136.57021200004965	201.999798000202
136.86765000002924	201.999798000202
137.16574900003616	201.999798000202
137.463531000074	201.999798000202
137.75932599999942	201.999798000202
138.0562220000429	142.0
138.1656560000265	142.0
138.58870000008028	142.0
139.01095800008625	142.0
139.43415200000163	142.0
139.8560460000299	142.0
140.27869400009513	142.0
140.70114900008775	142.0
141.12489700003061	142.0
141.54790100001264	142.0
141.96933800005354	128.0
141.988970000064	128.0
142.45627200009767	128.0
142.92560900002718	128.0
143.398986000102	128.0
143.86273800011259	27.00000270000027
144.05912200000603	27.00000270000027
146.28157900006045	27.00000270000027
148.50459600007161	175.0
148.60414600011427	175.0
148.94542200001888	175.0
149.28830700006802	175.0
149.63114200008567	175.0
149.974961000029	191.00007640003057
150.27548800001387	191.00007640003057
150.5883020000765	191.00007640003057
150.9026980000781	191.00007640003057
151.21651600010227	191.00007640003057
151.5313610000303	191.00007640003057
151.84589600004256	191.00007640003057
152.159037000034	191.00007640003057
152.4750950000016	191.00007640003057
152.7872760000173	191.00007640003057
153.10167200001888	191.00007640003057
153.41576300002635	191.00007640003057
153.73055600002408	191.00007640003057
154.04420900007244	210.00021000021
154.30835400009528	210.00021000021
154.59770600008778	210.00021000021
154.87980500003323	210.00021000021
155.1657080000732	210.00021000021
155.45180999999866	210.00021000021
155.73942700005136	210.00021000021
156.02405000000726	180.99984313346928
156.05897300003562	180.99984313346928
156.3894910000963	180.99984313346928
156.72047300008126	180.99984313346928
157.0526780000655	180.99984313346928
157.38456700008828	180.99984313346928
157.7152430000715	180.99984313346928
158.04860500001814	180.99984313346928
158.3781420000596	180.99984313346928
158.7094320000615	180.99984313346928
159.04128700005822	180.99984313346928
159.37332900008187	180.99984313346928
159.7057120000245	180.99984313346928
160.0366590000922	195.000195000195
160.32906900008675	195.000195000195
160.63549400004558	195.000195000195
160.94241700007115	195.000195000195
161.25095000001602	195.000195000195
161.5577640000265	195.000195000195
161.86703700001817	75.99996960001216
161.9473500000313	75.99996960001216
162.73718799999915	75.99996960001216
163.52468000003137	75.99996960001216
164.31415800005198	75.99996960001216
165.10346400004346	75.99996960001216
165.89412599999923	75.99996960001216
166.6828230000101	52.000006933334255
167.08155400003307	52.000006933334255
168.23750700009987	175.0
168.28883400000632	175.0
168.62947200005874	175.0
168.97283300000709	175.0
169.316383000114	175.0
169.6597770000808	175.0
170.00124300003517	175.0
170.3449060000712	175.0
170.68683500005864	175.0
171.02964600000996	175.0
171.37226100009866	175.0
171.71704800007865	175.0
172.05833600007463	106.99993580003851
172.2092760000378	106.99993580003851
172.77078200003598	106.99993580003851
173.32921900006477	106.99993580003851
173.88970900001004	106.99993580003851
174.45047900010832	165.000165000165
174.59341200010385	165.000165000165
174.95659200008959	165.000165000165
175.32033800007775	165.000165000165
175.6839940000791	165.000165000165
176.04819900006987	165.000165000165
176.4114390000468	165.000165000165
176.77512400003616	165.000165000165
177.13961400010157	165.000165000165
177.50302100006957	165.000165000165
177.86656000011135	63.0
177.92441300000064	63.0
178.87669900001492	63.0
179.8278730000602	63.0
180.78119300003164	147.0000955500621
181.05523800000083	147.0000955500621
181.46203800011426	147.0000955500621
181.87021200009622	147.0000955500621
182.278551000054	147.0000955500621
182.68823700002395	147.0000955500621
183.0952910000924	147.0000955500621
183.50403000006918	147.0000955500621
183.91079000011086	187.99996240000752
184.2155849999981	187.99996240000752
184.53450000006706	187.99996240000752
184.85342800000217	187.99996240000752
185.17175400000997	187.99996240000752
185.49089900008403	187.99996240000752
185.80973200011067	187.99996240000752
186.12994700006675	216.99976130026258
186.36752300010994	216.99976130026258
186.64446000009775	216.99976130026258
186.9195170000894	216.99976130026258
187.19794900005218	216.99976130026258
187.47322900011204	216.99976130026258
187.74929300008807	216.99976130026258
188.0261720000999	216.99976130026258
188.30206700006966	216.99976130026258
188.57845400006045	216.99976130026258
188.85623000003397	216.99976130026258
189.13200100010727	216.99976130026258
189.40992100001313	216.99976130026258
189.68472300004214	216.99976130026258
189.96148400008678	180.99984313346928
189.98395100003108	180.99984313346928
190.31691900000442	180.99984313346928
190.64854400011245	180.99984313346928
190.97827000007965	180.99984313346928
191.3096460000379	180.99984313346928
191.64130500005558	180.99984313346928
191.97250200004783	55.00000458333371
192.26468000002205	55.00000458333371
193.3564380001044	55.00000458333371
194.44773400004487	55.00000458333371
195.53701300011016	55.00000458333371
196.63276900001802	55.00000458333371
197.719417000073	55.00000458333371
198.80993000010494	55.00000458333371
199.90139100002125	55.00000458333371
200.99227800010704	55.00000458333371
202.08776900009252	55.00000458333371
203.173254000023	55.00000458333371
204.265996000031	55.00000458333371
205.35579500009771	55.00000458333371
206.44741200003773	55.00000458333371
207.538661000086	55.00000458333371
208.62792500003707	55.00000458333371
209.71900600008667	55.00000458333371
210.80985800002236	55.00000458333371
211.90068400010932	55.00000458333371
212.99314000003505	55.00000458333371
214.08310400007758	55.00000458333371
215.17453300009947	55.00000458333371
216.26600500009954	55.00000458333371
217.35635200003162	55.00000458333371
218.44819800008554	55.00000458333371