0.007034000009298325	120.0
0.5012929999502376	120.0
1.002265999908559	120.0
1.5024020000128075	120.0
2.001248999964446	120.0
2.5006149999098852	120.0
3.0005919999675825	120.0
3.502561999950558	120.0
4.000561999971978	120.0
4.503038999973796	120.0
5.002603999921121	120.0
5.500683999969624	120.0
6.000237999949604	120.0
6.502190999919549	120.0
7.000744999968447	120.0
7.50193299993407	120.0
8.019058999954723	120.0
8.501445999951102	120.0
9.001181999919936	120.0
9.501555999973789	120.0
10.001124999951571	120.0
10.501282999990508	120.0
11.002562999958172	120.0
11.50151500001084	120.0
12.0018459999701	120.0
12.501214999938384	120.0
13.000505000003614	120.0
13.501285000005737	120.0
14.002180999959819	120.0
14.501002999953926	120.0
15.000806999974884	120.0
15.502966000000015	120.0
16.001598999951966	120.0
16.500791999977082	120.0
17.001405999995768	120.0
17.50226599990856	120.0
18.0018389999168	120.0
18.501395999919623	120.0
19.00118299992755	120.0
19.5021420000121	120.0
20.000952999922447	120.0
20.503139999927953	120.0
21.000900999992155	120.0
21.500522999907844	120.0
22.0022539999336	120.0
22.50127899996005	120.0
23.001246999949217	120.0
23.50315399991814	120.0
24.00046599993948	120.0
24.50289599993266	120.0
25.00273800001014	120.0
25.501115999999456	120.0
26.00094599998556	120.0
26.50148699991405	120.0
27.001540999975987	120.0
27.501908999984153	120.0
28.010347999981605	120.0
28.501822999911383	207.00005175001294
28.603077999898233	207.00005175001294
28.893362000002526	207.00005175001294
29.18327399995178	207.00005175001294
29.47294399992097	207.00005175001294
29.762220999924466	207.00005175001294
30.052615999942645	207.00005175001294
30.342246999964118	102.0000510000255
30.632199999992736	102.0000510000255
31.221417999942787	102.0000510000255
31.809172999928705	102.0000510000255
32.39834099996369	102.0000510000255
32.98536900000181	102.0000510000255
33.574080999940634	102.0000510000255
34.162294999929145	45.000011250002814
34.290763999917544	45.000011250002814
35.62272300000768	45.000011250002814
36.95719399990048	165.99990040005977
37.031904999981634	165.99990040005977
37.392339000012726	165.99990040005977
37.754244999960065	165.99990040005977
38.11819199996535	165.99990040005977
38.47724599996582	165.99990040005977
38.83898699993733	165.99990040005977
39.19992199994158	165.99990040005977
39.560653999913484	165.99990040005977
39.92370799998753	165.99990040005977
40.284027999965474	116.99988885010559
40.377498999936506	116.99988885010559
40.89049699995667	116.99988885010559
41.40191599994432	116.99988885010559
41.91549499996472	116.99988885010559
42.42816099990159	90.0
42.535890999948606	90.0
43.199939999962226	90.0
43.86696799995843	90.0
44.53364099992905	90.0
45.2003679999616	90.0
45.86679100000765	90.0
46.533743000007235	126.000126000126
46.878209999995306	126.000126000126
47.353046000003815	126.000126000126
47.83148399996571	126.000126000126
48.30633900000248	67.00002903334591
48.5124829999404	67.00002903334591
49.40921700000763	67.00002903334591
50.303592999931425	67.00002903334591
51.20099699997809	67.00002903334591
52.09395199990831	67.00002903334591
52.990950000006706	85.0
53.5106149999192	85.0
54.21776599995792	21.99999780000022
54.629469999927096	21.99999780000022
57.35786799993366	21.99999780000022
60.08421699993778	83.99996640001343
60.746151999919675	126.99998518333506
60.994122999953106	126.99998518333506
61.465981999994256	126.99998518333506
61.93782499991357	126.99998518333506
62.41199199995026	126.99998518333506
62.88342699990608	126.99998518333506
63.35636500001419	126.99998518333506
63.827330000000075	126.99998518333506
64.30067899997812	107.99991360006912
64.33785299991723	107.99991360006912
64.89330699993297	107.99991360006912
65.44959999993443	107.99991360006912
66.00388599990401	107.99991360006912
66.559995999909	182.000182000182
66.7052899999544	182.000182000182
67.03730799991172	182.000182000182
67.36504999990575	182.000182000182
67.69458399992436	182.000182000182
68.02412199997343	182.000182000182
68.35384799994063	182.000182000182
68.68401399999857	182.000182000182
69.01287999993656	182.000182000182
69.34257899993099	182.000182000182
69.67234699998517	182.000182000182
70.00210599997081	182.000182000182
70.33510499994736	172.00010320006191
70.3485459999647	172.00010320006191
70.69284599996172	172.00010320006191
71.04210299998522	172.00010320006191
71.39207999990322	172.00010320006191
71.73969499999657	172.00010320006191
72.09004599996842	172.00010320006191
72.43783999991138	84.0
72.77681399998255	84.0
73.49182799994014	84.0
74.20447999995667	84.0
74.92019899992738	84.0
75.63349899998866	84.0
76.34715199994389	147.0000955500621
76.65877999993972	147.0000955500621
77.06777699990198	147.0000955500621
77.47581599990372	147.0000955500621
77.88288199994713	147.0000955500621
78.29115699999966	147.0000955500621
78.70084700000007	147.0000955500621
79.1073519999627	147.0000955500621
79.51634299999569	195.000195000195
79.73674699990079	195.000195000195
80.0448669999605	195.000195000195
80.35226899990812	195.000195000195
80.66137499990873	195.000195000195
80.96866000001319	195.000195000195
81.27627799997572	195.000195000195
81.5832769999979	195.000195000195
81.89128799992613	195.000195000195
82.19944999995641	38.0
82.515625	38.0
84.0946029999759	38.0
85.67285199998878	177.99981606685674
85.80706899997313	177.99981606685674
86.14341199991759	177.99981606685674
86.48245199990924	177.99981606685674
86.81862899998669	177.99981606685674
87.15504499990493	177.99981606685674
87.49280099989846	177.99981606685674
87.82916699990164	177.99981606685674
88.16688799997792	177.99981606685674
88.50280799996108	120.0
88.66131599992514	120.0
89.16065899992827	120.0
89.65955499990378	120.0
90.15945099992678	120.0
90.65884699998423	91.99998773333498
90.80561499996111	91.99998773333498
91.45778399996925	91.99998773333498
92.1117699999595	91.99998773333498
92.7626089999685	91.99998773333498
93.41453899990302	91.99998773333498
94.06720099993981	91.99998773333498
94.7194540000055	22.999996933333744
96.30154199991375	213.99987160007703
96.48230299993884	213.99987160007703
96.76304200000595	213.99987160007703
97.04337899992242	213.99987160007703
97.32395699992776	213.99987160007703
97.60403699998278	213.99987160007703
97.88389399996959	213.99987160007703
98.16489699995145	213.99987160007703
98.44576399994548	213.99987160007703
98.72545499994885	213.99987160007703
99.0063229999505	213.99987160007703
99.28724099998362	213.99987160007703
99.56795199995395	213.99987160007703
99.84694399998989	213.99987160007703
100.12738699989859	213.99987160007703
100.40736299997661	80.0
100.76306499994826	80.0
101.51239799999166	80.0
102.26253999990877	123.0
102.72689199994784	123.0
103.21358300000429	123.0
103.70317899994552	123.0
104.18909799994435	123.0
104.67826999991667	123.0
105.16563099995255	123.0
105.65299500001129	123.0
106.14073399989866	123.0
106.62862199998926	52.000006933334255
107.21377099992242	52.000006933334255
108.36746599990875	85.00004250002125
109.01380399998743	85.00004250002125
109.71692499995697	85.00004250002125
110.42303099995479	85.00004250002125
111.13039199996274	85.00004250002125
111.8344179999549	85.00004250002125
112.54267100000288	205.0
112.64045599999372	205.0
112.93235699995421	205.0
113.22616099996958	205.0
113.5185169999022	205.0
113.81057999993209	205.0
114.1029569999082	205.0
114.3957909999881	196.9996946504733
114.40339899994433	196.9996946504733
114.70800899993628	196.9996946504733
115.0136099999072	196.9996946504733
115.31695099989884	196.9996946504733
115.62130799994338	196.9996946504733
115.92701499990653	196.9996946504733
116.23133899993263	196.9996946504733
116.53679899999406	196.9996946504733
116.8405779999448	196.9996946504733
117.14448499993887	196.9996946504733
117.4513980000047	196.9996946504733
117.75333099998534	196.9996946504733
118.05863799992949	196.9996946504733
118.36263599991798	117.99990166674861
118.4626789999893	117.99990166674861
118.97182400000747	117.99990166674861
119.4805209999904	117.99990166674861
119.98852899996564	117.99990166674861
120.49826699995901	103.0000480666891
120.53868299990427	103.0000480666891
121.12092599994503	103.0000480666891
121.70284899999388	103.0000480666891
122.28703699994367	103.0000480666891
122.86918299994431	103.0000480666891
123.45214399998076	103.0000480666891
124.03453099995386	103.0000480666891
124.61702100001276	122.99996925000768
125.04243299993686	122.99996925000768
125.52759199996945	122.99996925000768
126.01489300001413	122.99996925000768
126.50238499999978	30.99999793333347
127.36081799992826	30.99999793333347
129.29627900000196	30.99999793333347
131.2322109999368	204.9999487500128
131.2467249999754	204.9999487500128
131.53869499999564	204.9999487500128
131.83261199994013	204.9999487500128
132.12393199990038	204.9999487500128
132.41698099998757	188.0
132.43442999990657	188.0
132.75435699999798	188.0
133.07251199998427	188.0
133.3914189999923	188.0
133.71056899998803	188.0
134.03038499993272	188.0
134.3493759999983	188.0
134.6694519999437	188.0
134.987398999976	188.0
135.30768699990585	188.0
135.62614700000267	188.0
135.94572299998254	188.0
136.2640839999076	188.0
136.58308099990245	93.00004185001883
136.95311999996193	93.00004185001883
137.59840099990834	93.00004185001883
138.24216999998316	93.00004185001883
138.88781899993774	198.99969486713454
139.1376619999064	198.99969486713454
139.43877799995244	198.99969486713454
139.74047099996824	198.99969486713454
140.04148499993607	198.99969486713454
140.3432909999974	198.99969486713454
140.64475099998526	198.99969486713454
140.9465589999454	198.99969486713454
141.24860099994112	198.99969486713454
141.54916900000535	198.99969486713454
141.85240400000475	198.99969486713454
142.15177499991842	198.99969486713454
142.45359599997755	211.0
142.72569999995176	211.0
143.0112309999531	211.0
143.2949119999539	211.0
143.5786819999339	211.0
143.86304299999028	211.0
144.14803899999242	211.0
144.43160399992485	211.0
144.71591299993452	211.0
144.99974399991333	211.0
145.2853269999614	131.00007641671124
145.3115359999938	131.00007641671124
145.7685460000066	131.00007641671124
146.22557899996173	131.00007641671124
146.68414399994072	131.00007641671124
147.14217299991287	131.00007641671124
147.59983299998567	131.00007641671124
148.05918199999724	131.00007641671124
148.51718600001186	148.000148000148
148.89006499992684	148.000148000148
149.29495699994732	148.000148000148
149.70003099995665	148.000148000148
150.1045939999167	148.000148000148
150.51075299992226	83.99996640001343
150.7169189999113	83.99996640001343
151.43307799997274	83.99996640001343
152.1453549999278	83.99996640001343
152.86183099995833	83.99996640001343
153.57497999991756	83.99996640001343
154.2908569999272	83.99996640001343
155.00319999991916	28.999993233334912
156.40455599990673	36.99999136666868
157.99477300001308	36.99999136666868
159.61631799989846	36.99999136666868
161.23769199999515	211.99990106671282
161.28382099990267	211.99990106671282
161.56925699999556	211.99990106671282
161.85146799997892	211.99990106671282
162.13575099990703	211.99990106671282
162.41584599995986	78.0
162.6732029999839	78.0
163.44245799991768	78.0
164.2125750000123	78.0
164.98061500000767	78.0
165.75054999999702	78.0
166.51905999996234	145.9999659333413
166.81219099997543	145.9999659333413
167.22282899997663	145.9999659333413
167.63424599997234	145.9999659333413
168.04472199990414	145.9999659333413
168.45537599991076	107.99991360006912
168.5221989999991	107.99991360006912
169.07765200000722	107.99991360006912
169.63352999999188	107.99991360006912
170.18848799995612	107.99991360006912
170.74461599998176	107.99991360006912
171.30158799991477	107.99991360006912
171.8553359999787	107.99991360006912
172.41157599992584	132.0
172.84098999993876	132.0
173.29401700000744	132.0
173.74939799995627	132.0
174.20308499992825	132.0
174.65809799998533	172.99990485005233
174.91313899995293	172.99990485005233
175.26007499999832	172.99990485005233
175.6087679999182	172.99990485005233
175.95440199994482	172.99990485005233
176.30302099999972	172.99990485005233
176.6477339999983	172.99990485005233
176.99544400000013	172.99990485005233
177.3424099999247	172.99990485005233
177.68782799993642	172.99990485005233
178.0353209999157	172.99990485005233
178.38147999998182	34.99999416666764
178.80790299992077	34.99999416666764
180.52188699995168	142.0000710000355
180.7617039999459	142.0000710000355
181.18480499996804	142.0000710000355
181.60651599999983	142.0000710000355
182.0294789999025	142.0000710000355
182.45241199992597	142.0000710000355
182.87431999994442	142.0000710000355
183.2980690000113	142.0000710000355
183.71930999995675	142.0000710000355
184.14182899997104	142.0000710000355
184.56474099995103	137.99987580011177
184.5727879999904	137.99987580011177
185.00881499995012	137.99987580011177
185.44273699994665	137.99987580011177
185.8766370000085	137.99987580011177
186.31157199991867	59.00000885000133
186.35618599993177	59.00000885000133
187.37514499993995	59.00000885000133
188.3900319999084	59.00000885000133
189.4066809999058	59.00000885000133
190.4246539999731	140.99997180000565
190.76787599991076	140.99997180000565
191.1932589999633	140.99997180000565
191.61641999997664	140.99997180000565
192.04246999998577	140.99997180000565
192.4684600000037	43.0
192.8983339999104	43.0
194.29399599996395	43.0
195.68929199990816	43.0
197.08325199992396	43.0
198.4795279999962	43.0
199.8754979999503	43.0
201.27025999990292	43.0
202.66551899991464	43.0
204.062099999981	43.0
205.45627899991814	43.0
206.85165799991228	43.0
208.24714799993671	43.0
209.64175399998203	43.0
211.0375589999603	43.0
212.43238299991935	43.0
213.82835199998226	43.0
215.2236209999537	43.0
216.61898399994243	43.0
218.0138699999079	43.0
219.40956199995708	43.0
220.8048720000079	43.0
222.20079599996097	43.0
223.5954180000117	43.0
224.99137699999847	43.0
226.38577399996575	43.0
227.78254499996547	43.0
229.17758599994704	43.0
230.57301299995743	43.0


1.982956999912858	120.0
2.4815259999595582	120.0
2.5009309999877587	120.0
3.0007629999890924	120.0
3.502879999927245	120.0
4.000420999946073	120.0
4.502630000002682	120.0
5.002422999939881	120.0
5.500988999963738	120.0
6.000374999945052	120.0
6.502468999940902	120.0
7.0010769999353215	120.0
7.501915999921039	120.0
8.001527999993414	120.0
8.501402999972925	120.0
9.001298999995925	120.0
9.501242999918759	120.0
10.00107100000605	120.0
10.501546999905258	120.0
11.00309000001289	120.0
11.501209999900311	120.0
12.00151500001084	120.0
12.502326999907382	120.0
13.000995999900624	120.0
13.500723999924958	120.0
14.00265199993737	120.0
14.500564999994822	120.0
15.000394999980927	120.0
15.50323099992238	120.0
16.001510999980383	120.0
16.50109099992551	120.0
17.001643999945372	120.0
17.50261799991131	120.0
18.00165799993556	120.0
18.501395999919623	120.0
19.00125400000252	120.0
19.501827999949455	120.0
20.0009190000128	120.0
20.502854999969713	120.0
21.000900999992155	120.0
21.500298999948427	120.0
22.0022539999336	120.0
22.501255999901332	120.0
23.000808999990113	120.0
23.50306699995417	120.0
24.00046599993948	120.0
24.50254799996037	120.0
25.00273800001014	120.0
25.5011269999668	120.0
26.001414999947883	120.0
26.501735999947414	120.0
27.00157299998682	120.0
27.501929999911226	120.0
28.0119410000043	120.0
28.501822999911383	207.00005175001294
28.603061000001617	207.00005175001294
28.893119999906048	207.00005175001294
29.18263699999079	207.00005175001294
29.472664000000805	207.00005175001294
29.762220999924466	207.00005175001294
30.052728999988176	207.00005175001294
30.342053000000305	102.0000510000255
30.632199999992736	102.0000510000255
31.22179799992591	102.0000510000255
31.808735999977216	102.0000510000255
32.39782299997751	102.0000510000255
32.98536900000181	102.0000510000255
33.57376999990083	102.0000510000255
34.16205499996431	45.000011250002814
34.29089299996849	45.000011250002814
35.62285199994221	45.000011250002814
36.9573129999917	166.0
37.03222900000401	166.0
37.3927820000099	166.0
37.75391599989962	166.0
38.11940899991896	166.0
38.47654399997555	166.0
38.83869699994102	166.0
39.199895999976434	166.0
39.560653999913484	166.0
39.92251599999145	166.0
40.284083999926224	116.99988885010559
40.37731599994004	116.99988885010559
40.88918299996294	116.99988885010559
41.40192599990405	116.99988885010559
41.91549499996472	116.99988885010559
42.42768999992404	89.9999550000225
42.532981999916956	89.9999550000225
43.1997529999353	89.9999550000225
43.866801999974996	89.9999550000225
44.53364099992905	89.9999550000225
45.199966999934986	89.9999550000225
45.867144999909215	89.9999550000225
46.533743000007235	126.0
46.87824799993541	126.0
47.35338899993803	126.0
47.83088699996006	126.0
48.30626999994274	67.00002903334591
48.51310499990359	67.00002903334591
49.40953499998432	67.00002903334591
50.30337899993174	67.00002903334591
51.20061900001019	67.00002903334591
52.09483499999624	67.00002903334591
52.991478999960236	85.00004250002125
53.51123900001403	85.00004250002125
54.21776599995792	21.99999780000022
54.629838999942876	21.99999780000022
57.35743699991144	21.99999780000022
60.0855819999706	83.99996640001343
60.74567999993451	126.99998518333506
60.993359999964014	126.99998518333506
61.46614299993962	126.99998518333506
61.93754399998579	126.99998518333506
62.412084999959916	126.99998518333506
62.88325899990741	126.99998518333506
63.35664899996482	126.99998518333506
63.82713899994269	126.99998518333506
64.30116899998393	107.99991360006912
64.3381689999951	107.99991360006912
64.89340199995786	107.99991360006912
65.44957799999975	107.99991360006912
66.00409599998966	107.99991360006912
66.5596619999269	182.0
66.7072390000103	182.0
67.03462099994067	182.0
67.36448699992616	182.0
67.69453999993857	182.0
68.02412199997343	182.0
68.35367499990389	182.0
68.68421300000045	182.0
69.01289699994959	182.0
69.34226299996953	182.0
69.67239699990023	182.0
70.00220399990212	182.0
70.33468099997845	172.00010320006191
70.35510699998122	172.00010320006191
70.69276199990418	172.00010320006191
71.04164099995978	172.00010320006191
71.39192299998831	172.00010320006191
71.73969499999657	172.00010320006191
72.08982799993828	172.00010320006191
72.43729899998289	83.99996640001343
72.77646799990907	83.99996640001343
73.49158499995247	83.99996640001343
74.20467599993572	83.99996640001343
74.9196369999554	83.99996640001343
75.63365999993403	83.99996640001343
76.34715199994389	147.0
76.65847299993038	147.0
77.06786899990402	147.0
77.47551299992483	147.0
77.8834499999648	147.0
78.2907309998991	147.0
78.7006939999992	147.0
79.1076559999492	147.0
79.51603399997111	195.000195000195
79.73699000000488	195.000195000195
80.0443259999156	195.000195000195
80.35271599993575	195.000195000195
80.66156199993566	195.000195000195
80.96843499992974	195.000195000195
81.27553399989847	195.000195000195
81.58261499996297	195.000195000195
81.89128799992613	195.000195000195
82.19937899999786	38.000008866668736
82.515625	38.000008866668736
84.09533699997701	38.000008866668736
85.67317299998831	177.99981606685674
85.80738799995743	177.99981606685674
86.14312499994412	177.99981606685674
86.4821519999532	177.99981606685674
86.81946899998002	177.99981606685674
87.15506399993319	177.99981606685674
87.49187299993355	177.99981606685674
87.82886000000872	177.99981606685674
88.1665759999305	177.99981606685674
88.50312599993777	120.0
88.66153699997813	120.0
89.16083999990951	120.0
89.65916199993808	120.0
90.15969199989922	120.0
90.6595419999212	91.99998773333498
90.80587899999227	91.99998773333498
91.45745799993165	91.99998773333498
92.1110580000095	91.99998773333498
92.76139199989848	91.99998773333498
93.41424999991432	91.99998773333498
94.06698100001086	91.99998773333498
94.71934099995997	22.999996933333744
96.30154199991375	214.0
96.48230299993884	214.0
96.76272999995854	214.0
97.04305400000885	214.0
97.32391099992674	214.0
97.6046609999612	214.0
97.88416799996048	214.0
98.16455399990082	214.0
98.44614699995145	214.0
98.72523099998944	214.0
99.0063229999505	214.0
99.28728899999987	214.0
99.56729199993424	214.0
99.8464999999851	214.0
100.12744899990503	214.0
100.40768399997614	80.0
100.7624829999404	80.0
101.5124599999981	80.0
102.26203899993561	122.99996925000768
102.72719599993434	122.99996925000768
103.21473099989817	122.99996925000768
103.7026879999321	122.99996925000768
104.1898799999617	122.99996925000768
104.67825699993409	122.99996925000768
105.16597699990962	122.99996925000768
105.65338399994653	122.99996925000768
106.14047599991318	122.99996925000768
106.62845999991987	52.0
107.21377099992242	52.0
108.3674020000035	85.00004250002125
109.01419099990744	85.00004250002125
109.71707299991976	85.00004250002125
110.4235059999628	85.00004250002125
111.12985599995591	85.00004250002125
111.83471099997405	85.00004250002125
112.54262199997902	204.9999487500128
112.64043899998069	204.9999487500128
112.93202599999495	204.9999487500128
113.22560299991164	204.9999487500128
113.51774699997623	204.9999487500128
113.81098599999677	204.9999487500128
114.10343199991621	204.9999487500128
114.39632199995685	196.9996946504733
114.404145999928	196.9996946504733
114.70825999998488	196.9996946504733
115.01264899992384	196.9996946504733
115.31733099999838	196.9996946504733
115.6215829999419	196.9996946504733
115.92663299990818	196.9996946504733
116.23109099990688	196.9996946504733
116.53599799994845	196.9996946504733
116.83936599991284	196.9996946504733
117.14448499993887	196.9996946504733
117.45043500000611	196.9996946504733
117.75333099998534	196.9996946504733
118.05863799992949	196.9996946504733
118.36301099997945	117.99990166674861
118.46325199992862	117.99990166674861
118.972145000007	117.99990166674861
119.48006699990947	117.99990166674861
119.9888599999249	117.99990166674861
120.49830599990673	103.0000480666891
120.53861599997617	103.0000480666891
121.12042499997187	103.0000480666891
121.70394999999553	103.0000480666891
122.28669699991588	103.0000480666891
122.86892999999691	103.0000480666891
123.45169799996074	103.0000480666891
124.03317599999718	103.0000480666891
124.6173139999155	122.99996925000768
125.04202599998098	122.99996925000768
125.52733999991324	122.99996925000768
126.01437300001271	122.99996925000768
126.50261799991131	31.0
127.36033599998336	31.0
129.29593699995894	31.0
131.23260599991772	204.9999487500128
131.24704199994449	204.9999487500128
131.53831999993417	204.9999487500128
131.8329499999527	204.9999487500128
132.12427999998908	204.9999487500128
132.41943999996874	187.99996240000752
132.4345200000098	187.99996240000752
132.75443099997938	187.99996240000752
133.07276399992406	187.99996240000752
133.39175099995919	187.99996240000752
133.71056899998803	187.99996240000752
134.02991799998563	187.99996240000752
134.3493759999983	187.99996240000752
134.6695189999882	187.99996240000752
134.987398999976	187.99996240000752
135.30747299990617	187.99996240000752
135.6257709999336	187.99996240000752
135.94531400001142	187.99996240000752
136.26383299997542	93.0
136.3070069999667	93.0
136.95282499992754	93.0
137.59812699991744	93.0
138.24263100000098	93.0
138.88739199994598	198.99969486713454
139.1374300000025	198.99969486713454
139.43812099995557	198.99969486713454
139.74068899999838	198.99969486713454
140.04108100000303	198.99969486713454
140.34295899991412	198.99969486713454
140.64442399994005	198.99969486713454
140.946246999898	198.99969486713454
141.2488889999222	198.99969486713454
141.54979099996854	198.99969486713454
141.85300999996252	198.99969486713454
142.1517949999543	198.99969486713454
142.45334999996703	211.00014066676044
142.72535999992397	211.00014066676044
143.01167999999598	211.00014066676044
143.29452999995556	211.00014066676044
143.57899599999655	211.00014066676044
143.8625929999398	211.00014066676044
144.14831700001378	211.00014066676044
144.43179800000507	211.00014066676044
144.71658399992157	211.00014066676044
144.9995179999387	211.00014066676044
145.2847189999884	211.00014066676044
145.57052499998827	131.00007641671124
145.7691979999654	131.00007641671124
146.23117499996442	131.00007641671124
146.68477399996482	131.00007641671124
147.1419669999741	131.00007641671124
147.60051599994767	131.00007641671124
148.05886499991175	131.00007641671124
148.51752599992324	148.000148000148
148.8894459999865	148.000148000148
149.2945329999784	148.000148000148
149.69936199998483	148.000148000148
150.10508099989966	148.000148000148
150.51109399995767	83.99996640001343
150.7172749999445	83.99996640001343
151.4327869999688	83.99996640001343
152.1482819999801	83.99996640001343
152.86185999994632	83.99996640001343
153.57466599997133	83.99996640001343
154.29021599993575	83.99996640001343
155.00278499990236	28.999993233334912
156.40391899994574	37.0
157.9946709999349	37.0
159.61687499994878	37.0
161.23788399994373	211.99990106671282
161.2837939999299	211.99990106671282
161.56945899990387	211.99990106671282
161.8512599999085	211.99990106671282
162.1352359999437	211.99990106671282
162.41551199997775	77.99997660000702
162.67396299995016	77.99997660000702
163.44245799991768	77.99997660000702
164.21174800000153	77.99997660000702
164.9808099999791	77.99997660000702
165.75029999995604	77.99997660000702
166.5192340000067	146.0
166.81145099992864	146.0
167.2223679999588	146.0
167.63354199996684	146.0
168.04518399992958	146.0
168.45563199999742	107.99991360006912
168.52187799999956	107.99991360006912
169.07765200000722	107.99991360006912
169.6331089999294	107.99991360006912
170.18823599989992	107.99991360006912
170.74416299990844	107.99991360006912
171.30161299998872	107.99991360006912
171.8553359999787	107.99991360006912
172.41115800000262	132.000132000132
172.84098999993876	132.000132000132
173.2938139999751	132.000132000132
173.74939799995627	132.000132000132
174.20344499999192	132.000132000132
174.65741599991452	172.99990485005233
174.91338599997107	172.99990485005233
175.26007499999832	172.99990485005233
175.60892099991906	172.99990485005233
175.9542309999233	172.99990485005233
176.30295599997044	172.99990485005233
176.64782700000796	172.99990485005233
176.99500899994746	172.99990485005233
177.34231499989983	172.99990485005233
177.68782799993642	172.99990485005233
178.0353209999157	172.99990485005233
178.38151400000788	34.99999416666764
178.80792499997187	34.99999416666764
180.52211699995678	142.0000710000355
180.76151599991135	142.0000710000355
181.1845129999565	142.0000710000355
181.60697199997958	142.0000710000355
182.02976999990642	142.0000710000355
182.4519619999919	142.0000710000355
182.87459799996577	142.0000710000355
183.29812499997206	142.0000710000355
183.71930999995675	142.0000710000355
184.14180899993517	142.0000710000355
184.56441799993627	137.99987580011177
184.57279999996535	137.99987580011177
185.00881499995012	137.99987580011177
185.4418590000132	137.99987580011177
185.87685599992983	137.99987580011177
186.31251899991184	59.0
186.35720899992157	59.0
187.37384299992118	59.0
188.39032599993516	59.0
189.40723299991805	59.0
190.42425599996932	140.99997180000565
190.76665699994192	140.99997180000565
191.1923179998994	140.99997180000565
191.61602999991737	140.99997180000565
192.0427619999973	140.99997180000565
192.468024999951	42.99999498333392
192.89856599993072	42.99999498333392
194.29378700000234	42.99999498333392
195.68908099993132	42.99999498333392
197.08348599995952	42.99999498333392
198.47938499995507	42.99999498333392
199.87526100000832	42.99999498333392
201.2700130000012	42.99999498333392
202.66531299997587	42.99999498333392
204.06190400000196	42.99999498333392
205.4567340000067	42.99999498333392
206.85155099991243	42.99999498333392
208.24714799993671	42.99999498333392
209.6419219999807	42.99999498333392
211.03783499996644	42.99999498333392
212.43237299995963	42.99999498333392
213.82870600000024	42.99999498333392
215.2233239999041	42.99999498333392
216.61871299997438	42.99999498333392
218.01350000000093	42.99999498333392
219.40980399993714	42.99999498333392
220.80455000000075	42.99999498333392
222.2001739999978	42.99999498333392
223.59565699996892	42.99999498333392
224.99248099990655	42.99999498333392
226.38622799993027	42.99999498333392
227.78336000000127	42.99999498333392
229.17738199990708	42.99999498333392
230.5726709999144	42.99999498333392


3.995547999977134	120.0
4.483527999953367	120.0
4.502570000011474	120.0
5.002549999975599	120.0
5.500683999969624	120.0
6.000301999971271	120.0
6.50210399995558	120.0
7.000744999968447	120.0
7.501617999980226	120.0
8.001282999990508	120.0
8.501783999963664	120.0
9.001622000010684	120.0
9.501539999968372	120.0
10.000760999973863	120.0
10.5008229999803	120.0
11.002533999970183	120.0
11.500903000007384	120.0
12.00116399989929	120.0
12.501908999984153	120.0
13.001017999951728	120.0
13.501768999965861	120.0
14.002581999986432	120.0
14.500697999959812	120.0
15.000422999961302	120.0
15.503533000010066	120.0
16.001918999943882	120.0
16.500720999902114	120.0
17.001359999994747	120.0
17.502934999996796	120.0
18.00144299992826	120.0
18.50174400000833	120.0
19.00156100001186	120.0
19.50439799996093	120.0
20.001344999996945	120.0
20.50251199991908	120.0
21.000497999950312	120.0
21.500512999948114	120.0
22.002579999971204	120.0
22.501593999913894	120.0
23.002143999910913	120.0
23.50275999994483	120.0
24.001208000001498	120.0
24.5031729999464	120.0
25.00244399998337	120.0
25.5009119999595	120.0
26.00185000000056	120.0
26.501746999914758	120.0
27.001766999950632	120.0
27.502256999956444	120.0
28.01056699990295	120.0
28.502114999922924	207.00005175001294
28.603684999980032	207.00005175001294
28.89371500001289	207.00005175001294
29.182924999971874	207.00005175001294
29.472664000000805	207.00005175001294
29.76246999995783	207.00005175001294
30.052854999899864	207.00005175001294
30.3420080000069	102.0000510000255
30.632678999914788	102.0000510000255
31.221398999914527	102.0000510000255
31.808931999956258	102.0000510000255
32.397747999988496	102.0000510000255
32.98560199991334	102.0000510000255
33.57436899992172	102.0000510000255
34.16205499996431	45.0
34.29004599992186	45.0
35.623054999974556	45.0
36.95749699999578	165.99990040005977
37.03228499996476	165.99990040005977
37.3925749999471	165.99990040005977
37.75391599989962	165.99990040005977
38.11846499994863	165.99990040005977
38.476792000001296	165.99990040005977
38.838403999921866	165.99990040005977
39.19959899992682	165.99990040005977
39.560897999908775	165.99990040005977
39.92333999997936	165.99990040005977
40.28426699992269	116.99988885010559
40.37710199994035	116.99988885010559
40.888959000003524	116.99988885010559
41.402120999991894	116.99988885010559
41.91579899995122	116.99988885010559
42.42793599993456	89.9999550000225
42.53601199993864	89.9999550000225
43.199537999928	89.9999550000225
43.86676000000443	89.9999550000225
44.5333779999055	89.9999550000225
45.19966799998656	89.9999550000225
45.86710099992342	89.9999550000225
46.53342699992936	126.000126000126
46.87852999998722	126.000126000126
47.35366999998223	126.000126000126
47.83175000001211	126.000126000126
48.30653599998914	67.00002903334591
48.512741999933496	67.00002903334591
49.40921700000763	67.00002903334591
50.30307499994524	67.00002903334591
51.199199999915436	67.00002903334591
52.09420599997975	67.00002903334591
52.990950000006706	85.00004250002125
53.5106149999192	85.00004250002125
54.21795600000769	22.0
54.62943400000222	22.0
57.35797599994112	22.0
60.08455699996557	83.99996640001343
60.74565699999221	126.99998518333506
60.993103999993764	126.99998518333506
61.46582599997055	126.99998518333506
61.93802499992307	126.99998518333506
62.41180899995379	126.99998518333506
62.88292299991008	126.99998518333506
63.35664899996482	126.99998518333506
63.82734199997503	126.99998518333506
64.30067899997812	108.0
64.33789699990302	108.0
64.89308499998879	108.0
65.44978599995375	108.0
66.00431300001219	108.0
66.56041799997911	182.000182000182
66.70694999990519	182.000182000182
67.03504300001077	182.000182000182
67.36478199996054	182.000182000182
67.69424699991941	182.000182000182
68.0238309999695	182.000182000182
68.35348099994007	182.000182000182
68.68356299994048	182.000182000182
69.01319199998397	182.000182000182
69.34282099991105	182.000182000182
69.67303599999286	182.000182000182
70.00174699991476	182.000182000182
70.33532600000035	172.00010320006191
70.34614199993666	172.00010320006191
70.6934449999826	172.00010320006191
71.04188199993223	172.00010320006191
71.39180099999066	172.00010320006191
71.74005799996667	172.00010320006191
72.0895699999528	172.00010320006191
72.43778499995824	83.99996640001343
72.77695599989966	83.99996640001343
73.49182799994014	83.99996640001343
74.20425499998964	83.99996640001343
74.91989499994088	83.99996640001343
75.63321999995969	83.99996640001343
76.3474119999446	147.0000955500621
76.65860500000417	147.0000955500621
77.06715199991595	147.0000955500621
77.47610199998599	147.0000955500621
77.88364199991338	147.0000955500621
78.29093899996951	147.0000955500621
78.7004209998995	147.0000955500621
79.10759899998084	147.0000955500621
79.51606900000479	195.000195000195
79.7370210000081	195.000195000195
80.04438300000038	195.000195000195
80.35231499990914	195.000195000195
80.66137499990873	195.000195000195
80.96840099990368	195.000195000195
81.27598199993372	195.000195000195
81.58298999990802	195.000195000195
81.8915819999529	195.000195000195
82.1996410000138	38.000008866668736
82.51533899991773	38.000008866668736
84.09486799989827	38.000008866668736
85.67286900000181	178.0
85.80706899997313	178.0
86.14335699996445	178.0
86.48184299992863	178.0
86.81905399996322	178.0
87.15482399996836	178.0
87.49229500000365	178.0
87.82886000000872	178.0
88.16673499997705	178.0
88.50280799996108	120.0
88.66121900000144	120.0
89.16103999991901	120.0
89.65955499990378	120.0
90.1594079999486	120.0
90.65925099991728	91.99998773333498
90.8057999999728	91.99998773333498
91.45748400001321	91.99998773333498
92.11108499998227	91.99998773333498
92.76280599995516	91.99998773333498
93.41424999991432	91.99998773333498
94.06641099997796	91.99998773333498
94.71964899997693	23.0
96.30186699994374	213.99987160007703
96.48290999990422	213.99987160007703
96.7630679999711	213.99987160007703
97.04337899992242	213.99987160007703
97.32357599993702	213.99987160007703
97.60435499995947	213.99987160007703
97.88437599991448	213.99987160007703
98.16518999997061	213.99987160007703
98.4452909999527	213.99987160007703
98.72521800000686	213.99987160007703
99.0059889999684	213.99987160007703
99.28752000001259	213.99987160007703
99.56858199997805	213.99987160007703
99.84648700000253	213.99987160007703
100.12786999996752	213.99987160007703
100.40797399997246	80.0
100.76304799993522	80.0
101.51311999990139	80.0
102.26244399999268	122.99996925000768
102.72756699996535	122.99996925000768
103.21543999994174	122.99996925000768
103.7034069999354	122.99996925000768
104.18999999994412	122.99996925000768
104.67851200001314	122.99996925000768
105.16570499993395	122.99996925000768
105.65301799995359	122.99996925000768
106.14083499996923	122.99996925000768
106.62814199994318	52.000006933334255
107.21440999989863	52.000006933334255
108.36758999992162	85.00004250002125
109.01382799993735	85.00004250002125
109.71672499994747	85.00004250002125
110.42303099995479	85.00004250002125
111.13028199994005	85.00004250002125
111.8351669999538	85.00004250002125
112.54293899994809	204.9999487500128
112.64077900000848	204.9999487500128
112.93261899997015	204.9999487500128
113.2262219999684	204.9999487500128
113.51820900000166	204.9999487500128
113.8113359999843	204.9999487500128
114.10328799998388	204.9999487500128
114.39672600000631	197.0
114.40374199999496	197.0
114.70777799992356	197.0
115.01291499997023	197.0
115.31750599993393	197.0
115.6215689999517	197.0
115.92701499990653	197.0
116.23102199996356	197.0
116.53638399997726	197.0
116.84059499995783	197.0
117.1447679999983	197.0
117.450012999936	197.0
117.75397699989844	197.0
118.05881999991834	197.0
118.36332199990284	117.99990166674861
118.46294499991927	117.99990166674861
118.97252599999774	117.99990166674861
119.4808249999769	117.99990166674861
119.98928699991666	117.99990166674861
120.49900099996012	103.0000480666891
120.53841599996667	103.0000480666891
121.1212579999119	103.0000480666891
121.70342299994081	103.0000480666891
122.28708499995992	103.0000480666891
122.86920499999542	103.0000480666891
123.45169799996074	103.0000480666891
124.03417299990542	103.0000480666891
124.61670199991204	123.0
125.04156199994031	123.0
125.52733999991324	123.0
126.01487899990752	123.0
126.50239699997474	30.99999793333347
127.36126999999397	30.99999793333347
129.29595499997959	30.99999793333347
131.2322109999368	204.9999487500128
131.2467249999754	204.9999487500128
131.53829599998426	204.9999487500128
131.83265699993353	204.9999487500128
132.1239489999134	204.9999487500128
132.41693599999417	187.99996240000752
132.43408799997997	187.99996240000752
132.7540909999516	187.99996240000752
133.07224999996834	187.99996240000752
133.3914189999923	187.99996240000752
133.71121799992397	187.99996240000752
134.0299379999051	187.99996240000752
134.3498649999965	187.99996240000752
134.66981399990618	187.99996240000752
134.98712700000033	187.99996240000752
135.30749799998011	187.99996240000752
135.62602899991907	187.99996240000752
135.94608699996024	187.99996240000752
136.26433199993335	93.00004185001883
136.3067629999714	93.00004185001883
136.95330599998124	93.00004185001883
137.59844500001054	93.00004185001883
138.24216999998316	93.00004185001883
138.88781899993774	198.99969486713454
139.1376619999064	198.99969486713454
139.43853599997237	198.99969486713454
139.74063499993645	198.99969486713454
140.04148499993607	198.99969486713454
140.34295899991412	198.99969486713454
140.64445499994326	198.99969486713454
140.946246999898	198.99969486713454
141.24828599998727	198.99969486713454
141.54915299999993	198.99969486713454
141.8527110000141	198.99969486713454
142.1519879999105	198.99969486713454
142.45387899992056	211.00014066676044
142.72539599996526	211.00014066676044
143.0115699999733	211.00014066676044
143.2944729999872	211.00014066676044
143.57834199990612	211.00014066676044
143.86321199999657	211.00014066676044
144.1480529999826	211.00014066676044
144.43161699990742	211.00014066676044
144.71584899991285	211.00014066676044
144.9997699999949	211.00014066676044
145.2847189999884	131.0
145.3115359999938	131.0
145.768352999934	131.0
146.22758800000884	131.0
146.6845789999934	131.0
147.14173899998423	131.0
147.59985499992035	131.0
148.0592619999079	131.0
148.5168269999558	148.000148000148
148.8894459999865	148.000148000148
149.2945329999784	148.000148000148
149.69936199998483	148.000148000148
150.10485299990978	148.000148000148
150.5104009999195	83.99996640001343
150.7169189999113	83.99996640001343
151.4327869999688	83.99996640001343
152.14683400001377	83.99996640001343
152.8627479999559	83.99996640001343
153.57466599997133	83.99996640001343
154.2905299999984	29.0
154.33556199993473	29.0
156.40424699999858	36.99999136666868
157.99443699989934	36.99999136666868
159.61680799990427	36.99999136666868
161.23745299992152	211.99990106671282
161.28401299996767	211.99990106671282
161.56976199999917	211.99990106671282
161.85146799997892	211.99990106671282
162.13548499997705	211.99990106671282
162.41579999995884	77.99997660000702
162.6732029999839	77.99997660000702
163.44278799998574	77.99997660000702
164.21215799998026	77.99997660000702
164.9809219999006	77.99997660000702
165.75033499998972	77.99997660000702
166.51908200001344	145.9999659333413
166.81178300001193	145.9999659333413
167.2223679999588	145.9999659333413
167.63404499995522	145.9999659333413
168.0449040000094	145.9999659333413
168.45585199992638	107.99991360006912
168.52184999990277	107.99991360006912
169.07852799992543	107.99991360006912
169.6331089999294	107.99991360006912
170.18834799993783	107.99991360006912
170.74416299990844	107.99991360006912
171.30183299991768	107.99991360006912
171.85614899999928	107.99991360006912
172.4113570000045	132.000132000132
172.8406149999937	132.000132000132
173.29418799991254	132.000132000132
173.74969099997543	132.000132000132
174.2037179999752	132.000132000132
174.65780899999663	173.0
174.91338599997107	173.0
175.26034499995876	173.0
175.60839199996553	173.0
175.95396399998572	173.0
176.30278799997177	173.0
176.6481499999063	173.0
176.99500899994746	173.0
177.34199699992314	173.0
177.6880859999219	173.0
178.03562999994028	173.0
178.38374299998395	34.99999416666764
178.8082309999736	34.99999416666764
180.52191599993967	142.0000710000355
180.76130999997258	142.0000710000355
181.184133999981	142.0000710000355
181.60732899990398	142.0000710000355
182.02911399991717	142.0000710000355
182.4528149999678	142.0000710000355
182.87401599995792	142.0000710000355
183.29830399993807	142.0000710000355
183.71913199999835	142.0000710000355
184.14245799998753	142.0000710000355
184.5643249999266	138.0
184.57301699998789	138.0
185.00944499997422	138.0
185.4423039999092	138.0
185.87706599989906	138.0
186.31278499995824	59.00000885000133
186.3569140000036	59.00000885000133
187.37412799999584	59.00000885000133
188.39080699998885	59.00000885000133
189.40693099994678	59.00000885000133
190.42451899999287	140.99997180000565
190.76713199994992	140.99997180000565
191.19239400001243	140.99997180000565
191.61602999991737	140.99997180000565
192.04246999998577	140.99997180000565
192.4682539999485	42.99999498333392
192.8984969999874	42.99999498333392
194.29355999990366	42.99999498333392
195.6894789999351	42.99999498333392
197.08348599995952	42.99999498333392
198.47918799996842	42.99999498333392
199.87551699997857	42.99999498333392
201.27043399994727	42.99999498333392
202.66533499991056	42.99999498333392
204.0616629999131	42.99999498333392
205.4567340000067	42.99999498333392
206.85127899993677	42.99999498333392
208.2473989999853	42.99999498333392
209.64199199993163	42.99999498333392
211.0378179999534	42.99999498333392
212.43263399996795	42.99999498333392
213.82866299990565	42.99999498333392
215.22300299990457	42.99999498333392
216.61850599991158	42.99999498333392
218.01350000000093	42.99999498333392
219.40953899989836	42.99999498333392
220.8051839999389	42.99999498333392
222.1998569999123	42.99999498333392
223.5951599999098	42.99999498333392
224.99115499993786	42.99999498333392
226.38600999990012	42.99999498333392
227.78295199992135	42.99999498333392
229.1771529999096	42.99999498333392
230.57331799995154	42.99999498333392


5.9933279999531806	120.0
6.4903380000032485	120.0
6.502524000010453	120.0
7.001033999957144	120.0
7.5015910000074655	120.0
8.00126900000032	120.0
8.501757999998517	120.0
9.001765999943018	120.0
9.501260999939404	120.0
10.001399999950081	120.0
10.50121399993077	120.0
11.003406999981962	120.0
11.500876999925822	120.0
12.00116399989929	120.0
12.500781000009738	120.0
13.000505000003614	120.0
13.500415999908	120.0
14.002275999984704	120.0
14.501002999953926	120.0
15.000827000010759	120.0
15.502922000014223	120.0
16.000952999922447	120.0
16.500410999986343	120.0
17.00160999991931	120.0
17.502592999953777	120.0
18.00136599992402	120.0
18.501725999987684	120.0
19.001500999904238	120.0
19.501827999949455	120.0
20.001256999908946	120.0
20.502854999969713	120.0
21.00052199990023	120.0
21.500316999969073	120.0
22.002762999967672	120.0
22.501668999902904	120.0
23.00043699995149	120.0
23.502852999954484	120.0
24.00087399990298	120.0
24.502592999953777	120.0
25.003016999922693	120.0
25.50137299997732	120.0
26.00163299997803	120.0
26.50148699991405	120.0
27.001984999980778	120.0
27.501282999990508	120.0
28.01752100000158	120.0
28.501530000008643	207.00005175001294
28.603401999920607	207.00005175001294
28.892858000006527	207.00005175001294
29.182618999970146	207.00005175001294
29.47320199990645	207.00005175001294
29.762673999997787	207.00005175001294
30.05291299999226	207.00005175001294
30.342276999959722	102.0
30.632479999912903	102.0
31.221643999917433	102.0
31.80870099994354	102.0
32.39863700000569	102.0
32.985804999945685	102.0
33.57376999990083	102.0
34.161792999948375	45.000011250002814
34.29057700000703	45.000011250002814
35.62244499998633	45.000011250002814
36.95685199997388	165.99990040005977
37.03184199996758	165.99990040005977
37.392339000012726	165.99990040005977
37.75457200000528	165.99990040005977
38.117877000011504	165.99990040005977
38.478964000009	165.99990040005977
38.83869699994102	165.99990040005977
39.20048899995163	165.99990040005977
39.56112299999222	165.99990040005977
39.92266499996185	165.99990040005977
40.28448499995284	117.0
40.37689899990801	117.0
40.88918299996294	117.0
41.401680999901146	117.0
41.91512499994133	117.0
42.42768999992404	89.9999550000225
42.53582099999767	89.9999550000225
43.1997529999353	89.9999550000225
43.8665129999863	89.9999550000225
44.53386500000488	89.9999550000225
45.19971399998758	89.9999550000225
45.867409999947995	89.9999550000225
46.53403400001116	126.000126000126
46.87785599997733	126.000126000126
47.35336199996527	126.000126000126
47.83106100000441	126.000126000126
48.30601199995726	67.00002903334591
48.512887999997474	67.00002903334591
49.40953499998432	67.00002903334591
50.30314799991902	67.00002903334591
51.19918799994048	67.00002903334591
52.0941729999613	67.00002903334591
52.991213999921456	85.00004250002125
53.510932000004686	85.00004250002125
54.21753999998327	21.99999780000022
54.62965399993118	21.99999780000022
57.35849999997299	21.99999780000022
60.08433999994304	127.0
60.52020699996501	127.0
60.99307199998293	127.0
61.46558199997526	127.0
61.93837699992582	127.0
62.412321999901906	127.0
62.88258199999109	127.0
63.355803999933414	127.0
63.82713899994269	127.0
64.30109399999492	107.99991360006912
64.33846999995876	107.99991360006912
64.89309599995613	107.99991360006912
65.44938399991952	107.99991360006912
66.004106999957	107.99991360006912
66.55958999996074	182.000182000182
66.70619999989867	182.000182000182
67.03464399999939	182.000182000182
67.36448699992616	182.000182000182
67.69422099995427	182.000182000182
68.0238309999695	182.000182000182
68.35349399992265	182.000182000182
68.68356299994048	182.000182000182
69.01350299990736	182.000182000182
69.34224199992605	182.000182000182
69.67338099994231	182.000182000182
70.00245499995071	182.000182000182
70.33555600000545	172.0
70.35357999999542	172.0
70.69314300001133	172.0
71.0416269999696	172.0
71.39243999996688	172.0
71.73989999992773	172.0
72.08978599996772	172.0
72.43751899991184	83.99996640001343
72.77653299993835	83.99996640001343
73.49158499995247	83.99996640001343
74.20465599989984	83.99996640001343
74.9195779999718	83.99996640001343
75.63377899990883	83.99996640001343
76.34763999993447	147.0000955500621
76.65820800000802	147.0000955500621
77.06674299994484	147.0000955500621
77.47549099999014	147.0000955500621
77.88332799996715	147.0000955500621
78.29069799999706	147.0000955500621
78.7012499999255	147.0000955500621
79.10779399995226	147.0000955500621
79.51570099999662	195.000195000195
79.73679699993227	195.000195000195
80.04480199993122	195.000195000195
80.35191699990537	195.000195000195
80.66117400000803	195.000195000195
80.9681049999781	195.000195000195
81.27553399989847	195.000195000195
81.58268799993675	195.000195000195
81.89187399996445	195.000195000195
82.1990789999254	38.000008866668736
82.51537599996664	38.000008866668736
84.09498499997426	38.000008866668736
85.67317299998831	177.99981606685674
85.80738799995743	177.99981606685674
86.14301899995189	177.99981606685674
86.48190299991984	177.99981606685674
86.81908099993598	177.99981606685674
87.15528399997856	177.99981606685674
87.49191699991934	177.99981606685674
87.82853599998634	177.99981606685674
88.16629799990915	177.99981606685674
88.50312599993777	120.0
88.66081299993675	120.0
89.16061699995771	120.0
89.65984400000889	120.0
90.15907699998934	120.0
90.65897200000472	92.0
90.80553699994925	92.0
91.45809500000905	92.0
92.11139599990565	92.0
92.7628900000127	92.0
93.41390799998771	92.0
94.06649399991147	92.0
94.71901299990714	22.999996933333744
96.3011369999731	213.99987160007703
96.48262099991553	213.99987160007703
96.7633499999065	213.99987160007703
97.04371299990453	213.99987160007703
97.32424200000241	213.99987160007703
97.60403699998278	213.99987160007703
97.88391400000546	213.99987160007703
98.16489699995145	213.99987160007703
98.44570399995428	213.99987160007703
98.72502000001259	213.99987160007703
99.00661499996204	213.99987160007703
99.28756299999077	213.99987160007703
99.5689119999297	213.99987160007703
99.84671999991406	213.99987160007703
100.12709399999585	213.99987160007703
100.40768399997614	80.0
100.76275999995414	80.0
101.51283899997361	80.0
102.2626829999499	122.99996925000768
102.72687199991196	122.99996925000768
103.21510999999009	122.99996925000768
103.70235099992715	122.99996925000768
104.1918730000034	122.99996925000768
104.67875999992248	122.99996925000768
105.16527599992696	122.99996925000768
105.65253199997824	122.99996925000768
106.14103800000157	122.99996925000768
106.62882400001399	52.000006933334255
107.21418699994683	52.000006933334255
108.36722099990584	85.00004250002125
109.01331499998923	85.00004250002125
109.71690599992871	85.00004250002125
110.42269399994984	85.00004250002125
111.13079500000458	85.00004250002125
111.83429599995725	85.00004250002125
112.54324099991936	204.9999487500128
112.64106599998195	204.9999487500128
112.93235699995421	204.9999487500128
113.22660199995153	204.9999487500128
113.51828700001352	204.9999487500128
113.81048200000077	204.9999487500128
114.1029569999082	204.9999487500128
114.39649099996313	196.9996946504733
114.40339899994433	196.9996946504733
114.70780699991155	196.9996946504733
115.01299700001255	196.9996946504733
115.31691499997396	196.9996946504733
115.62180199997965	196.9996946504733
115.92663299990818	196.9996946504733
116.23065899999347	196.9996946504733
116.53599799994845	196.9996946504733
116.8393769999966	196.9996946504733
117.14415599999484	196.9996946504733
117.45103999995627	196.9996946504733
117.75369099993259	196.9996946504733
118.05839899997227	196.9996946504733
118.36298400000669	117.99990166674861
118.46301800000947	117.99990166674861
118.97225499991328	117.99990166674861
119.48005000001285	117.99990166674861
119.98899899993557	117.99990166674861
120.49864100001287	103.0
120.53880400001071	103.0
121.12064599990845	103.0
121.70343799993861	103.0
122.28734599996824	103.0
122.86944199993741	103.0
123.45194099994842	103.0
124.03411299991421	103.0
124.61671899992507	122.99996925000768
125.04217499995138	122.99996925000768
125.52782299998216	122.99996925000768
126.01441499998327	122.99996925000768
126.50282699998934	30.99999793333347
127.36077399994247	30.99999793333347
129.29627900000196	30.99999793333347
131.2325449999189	205.0
131.24704199994449	205.0
131.53869499999564	205.0
131.83297799993306	205.0
132.12427999998908	205.0
132.41735899995547	187.99996240000752
132.43473400000948	187.99996240000752
132.75401199993212	187.99996240000752
133.07337999995798	187.99996240000752
133.39203699992504	187.99996240000752
133.71100999996997	187.99996240000752
134.0304289999185	187.99996240000752
134.3496729999315	187.99996240000752
134.6691039999714	187.99996240000752
134.98712700000033	187.99996240000752
135.30724799993914	187.99996240000752
135.62635799997952	187.99996240000752
135.94531400001142	187.99996240000752
136.2641199999489	93.00004185001883
136.30699599999934	93.00004185001883
136.95265999995172	93.00004185001883
137.59812699991744	93.00004185001883
138.24240599991754	93.00004185001883
138.88739199994598	198.99969486713454
139.1374300000025	198.99969486713454
139.43816899997182	198.99969486713454
139.74045099993236	198.99969486713454
140.04192699992564	198.99969486713454
140.34362900000997	198.99969486713454
140.64504599990323	198.99969486713454
140.9466169999214	198.99969486713454
141.24860099994112	198.99969486713454
141.54947299999185	198.99969486713454
141.85240400000475	198.99969486713454
142.15154699992854	198.99969486713454
142.45378999994136	211.00014066676044
142.72565499995835	211.00014066676044
143.0118739999598	211.00014066676044
143.2952959999675	211.00014066676044
143.5786819999339	211.00014066676044
143.8625929999398	211.00014066676044
144.14831700001378	211.00014066676044
144.4318819999462	211.00014066676044
144.71629299991764	211.00014066676044
144.99950599996373	211.00014066676044
145.2850379999727	131.00007641671124
145.31186799996067	131.00007641671124
145.7685460000066	131.00007641671124
146.22784099995624	131.00007641671124
146.68414399994072	131.00007641671124
147.14201499999035	131.00007641671124
147.60051599994767	131.00007641671124
148.05886499991175	131.00007641671124
148.51718600001186	148.000148000148
148.88976099994034	148.000148000148
149.29475899995305	148.000148000148
149.69984399992973	148.000148000148
150.1045939999167	148.000148000148
150.5108669999754	84.0
150.71733799995854	84.0
151.4324079999933	84.0
152.145872999914	84.0
152.8624579999596	84.0
153.57534199999645	84.0
154.29021599993575	84.0
155.00272699992638	28.999993233334912
156.40391899994574	36.99999136666868
157.9948859999422	36.99999136666868
159.61634499998763	36.99999136666868
161.2374659999041	212.0
161.28357500000857	212.0
161.56957399996463	212.0
161.8512599999085	212.0
162.1354730000021	212.0
162.4161379999714	77.99997660000702
162.6736399999354	77.99997660000702
163.44278799998574	77.99997660000702
164.21215799998026	77.99997660000702
164.98061500000767	77.99997660000702
165.750815999927	77.99997660000702
166.51929899991956	145.9999659333413
166.81139399996027	145.9999659333413
167.22260199999437	145.9999659333413
167.6336359999841	145.9999659333413
168.04459099995438	145.9999659333413
168.45537599991076	107.99991360006912
168.5221989999991	107.99991360006912
169.07809899991844	107.99991360006912
169.63333400001284	107.99991360006912
170.18843899993226	107.99991360006912
170.7445899999002	107.99991360006912
171.30187299998943	107.99991360006912
171.85574699996505	107.99991360006912
172.41142699995544	132.000132000132
172.8406149999937	132.000132000132
173.29401700000744	132.000132000132
173.74969099997543	132.000132000132
174.20308499992825	132.000132000132
174.6586360000074	172.99990485005233
174.91313899995293	172.99990485005233
175.26034499995876	172.99990485005233
175.60848699999042	172.99990485005233
175.95396399998572	172.99990485005233
176.30278799997177	172.99990485005233
176.6485349999275	172.99990485005233
176.99524299998302	172.99990485005233
177.34267699997872	172.99990485005233
177.68835499999113	172.99990485005233
178.03585499990731	172.99990485005233
178.38280099991243	34.99999416666764
178.80818399996497	34.99999416666764
180.52211699995678	142.0
180.76130999997258	142.0
181.1845129999565	142.0
181.60697199997958	142.0
182.02953900001012	142.0
182.4519619999919	142.0
182.87435299996287	142.0
183.2987429999048	142.0
183.71913199999835	142.0
184.14216299995314	142.0
184.56483299995307	137.99987580011177
184.57301699998789	137.99987580011177
185.00909700000193	137.99987580011177
185.4420899999095	137.99987580011177
185.87754099990707	137.99987580011177
186.3121669999091	59.00000885000133
186.3574999999255	59.00000885000133
187.3768899999559	59.00000885000133
188.3904849999817	59.00000885000133
189.40698699990753	59.00000885000133
190.42447999992874	141.0
190.76745799998753	141.0
191.19268599990755	141.0
191.6162179999519	141.0
192.04203099990264	141.0
192.4682539999485	42.99999498333392
192.89873199991416	42.99999498333392
194.29403999994975	42.99999498333392
195.68908099993132	42.99999498333392
197.08325199992396	42.99999498333392
198.4793659999268	42.99999498333392
199.8751939999638	42.99999498333392
201.2699919999577	42.99999498333392
202.66512599994894	42.99999498333392
204.06188399996608	42.99999498333392
205.45716099999845	42.99999498333392
206.85149099992123	42.99999498333392
208.24760999996215	42.99999498333392
209.64149399998132	42.99999498333392
211.03801999997813	42.99999498333392
212.4329259999795	42.99999498333392
213.82899700000416	42.99999498333392
215.2233239999041	42.99999498333392
216.61874899989925	42.99999498333392
218.01376299990807	42.99999498333392
219.4098089999752	42.99999498333392
220.80507799994666	42.99999498333392
222.1998569999123	42.99999498333392
223.5954180000117	42.99999498333392
224.99293199996464	42.99999498333392
226.38600999990012	42.99999498333392
227.78264699992724	42.99999498333392
229.17744799994398	42.99999498333392
230.57301299995743	42.99999498333392


8.052653999999166	120.0
8.53611899993848	120.0
9.001484000007622	120.0
9.501833999995142	120.0
10.00080599996727	120.0
10.500969999935478	120.0
11.00309000001289	120.0
11.501209999900311	120.0
12.00151500001084	120.0
12.501267999992706	120.0
13.00135399994906	120.0
13.500415999908	120.0
14.00289000000339	120.0
14.501286000013351	120.0
15.001235999981873	120.0
15.503255999996327	120.0
16.000952999922447	120.0
16.500483999960124	120.0
17.001825999934226	120.0
17.50228299992159	120.0
18.001593999913894	120.0
18.50201900000684	120.0
19.00179999996908	120.0
19.50248499994632	120.0
20.001538999960758	120.0
20.50253599998541	120.0
21.00123499997426	120.0
21.500702999997884	120.0
22.002505999989808	120.0
22.501885999925435	120.0
23.00043699995149	120.0
23.50334399996791	120.0
24.000896999961697	120.0
24.502852999954484	120.0
25.00241700001061	120.0
25.5009119999595	120.0
26.0009269999573	120.0
26.501950999954715	120.0
27.001806999905966	120.0
27.501248999964446	120.0
28.01035899994895	120.0
28.501502999919467	207.0
28.60337599995546	207.0
28.893527999985963	207.0
29.182924999971874	207.0
29.47295999992639	207.0
29.762446000007913	207.0
30.05450899992138	207.0
30.342494999989867	102.0000510000255
30.632494999910705	102.0000510000255
31.22163299995009	102.0000510000255
31.808993999962695	102.0000510000255
32.39853799995035	102.0000510000255
32.98560199991334	102.0000510000255
33.57409699994605	102.0000510000255
34.16183399991132	45.000011250002814
34.29010499990545	45.000011250002814
35.62245699996129	45.000011250002814
36.95758499996737	165.99990040005977
37.032700999989174	165.99990040005977
37.3925749999471	165.99990040005977
37.75430199992843	165.99990040005977
38.11914899991825	165.99990040005977
38.47743299999274	165.99990040005977
38.83837599994149	165.99990040005977
39.20037999993656	165.99990040005977
39.56100200000219	165.99990040005977
39.92316399991978	165.99990040005977
40.2842969999183	116.99988885010559
40.37700799992308	116.99988885010559
40.888959000003524	116.99988885010559
41.40169799991418	116.99988885010559
41.91512499994133	116.99988885010559
42.42793599993456	89.9999550000225
42.53312999999616	89.9999550000225
43.199537999928	89.9999550000225
43.866577000007965	89.9999550000225
44.5333779999055	89.9999550000225
45.19952199992258	89.9999550000225
45.86683700000867	89.9999550000225
46.533437000005506	126.000126000126
46.87785599997733	126.000126000126
47.353046000003815	126.000126000126
47.83113899989985	126.000126000126
48.30601199995726	67.0
48.51232400001027	67.0
49.40984400000889	67.0
50.303661999991164	67.0
51.19951099995524	67.0
52.09413099999074	67.0
52.991213999921456	85.00004250002125
53.510932000004686	85.00004250002125
54.21753999998327	21.99999780000022
54.62970299995504	21.99999780000022
57.35751199990045	21.99999780000022
60.08481999998912	84.0
60.746085999999195	126.99998518333506
60.99434099998325	126.99998518333506
61.465520999976434	126.99998518333506
61.93739099998493	126.99998518333506
62.4122619999107	126.99998518333506
62.88301699992735	126.99998518333506
63.356066999956965	126.99998518333506
63.82748300000094	126.99998518333506
64.30149899993557	107.99991360006912
64.3382129999809	107.99991360006912
64.89324499992654	107.99991360006912
65.44938399991952	107.99991360006912
66.00386399996933	107.99991360006912
66.56063399999402	182.000182000182
66.70649999997113	182.000182000182
67.03516999993008	182.000182000182
67.36478199996054	182.000182000182
67.69486299995333	182.000182000182
68.02442799997516	182.000182000182
68.35374499997124	182.000182000182
68.6838979999302	182.000182000182
69.01321799994912	182.000182000182
69.34252800000831	182.000182000182
69.67303599999286	182.000182000182
70.00178900000174	182.000182000182
70.33443099993747	172.00010320006191
70.35385600000154	172.00010320006191
70.69407099997625	172.00010320006191
71.04188199993223	172.00010320006191
71.39214799995534	172.00010320006191
71.73989999992773	172.00010320006191
72.0895699999528	172.00010320006191
72.4375819999259	83.99996640001343
72.77734499995131	83.99996640001343
73.49205299990717	83.99996640001343
74.20425499998964	83.99996640001343
74.91996500000823	83.99996640001343
75.63329899997916	83.99996640001343
76.3474119999446	147.0000955500621
76.65818099991884	147.0000955500621
77.06744000001345	147.0000955500621
77.47588399995584	147.0000955500621
77.88313299999572	147.0000955500621
78.29096199991181	147.0000955500621
78.70108099991921	147.0000955500621
79.1073819999583	147.0000955500621
79.51565600000322	195.0
79.7371919999132	195.0
80.04518899996765	195.0
80.35193299991079	195.0
80.66116399993189	195.0
80.9681049999781	195.0
81.27594399999361	195.0
81.58298999990802	195.0
81.89168499992229	195.0
82.19901300000492	38.000008866668736
82.51586499996483	38.000008866668736
84.09458999999333	38.000008866668736
85.6734609999694	177.99981606685674
85.807696999982	177.99981606685674
86.1432279999135	177.99981606685674
86.4822109999368	177.99981606685674
86.81865199992899	177.99981606685674
87.15482399996836	177.99981606685674
87.49238199996762	177.99981606685674
87.82847700000275	177.99981606685674
88.16625399992336	177.99981606685674
88.50341299991123	120.0
88.66091499989852	120.0
89.16089299996383	120.0
89.65916199993808	120.0
90.15907699998934	120.0
90.65909199998714	91.99998773333498
90.80607599997893	91.99998773333498
91.45778399996925	91.99998773333498
92.11139599990565	91.99998773333498
92.76243100001011	91.99998773333498
93.41390799998771	91.99998773333498
94.06688499997836	91.99998773333498
94.71901299990714	22.999996933333744
96.3011369999731	213.99987160007703
96.48262099991553	213.99987160007703
96.76272999995854	213.99987160007703
97.04305400000885	213.99987160007703
97.32357599993702	213.99987160007703
97.6043719999725	213.99987160007703
97.88416799996048	213.99987160007703
98.16455399990082	213.99987160007703
98.44531499990262	213.99987160007703
98.72497499990277	213.99987160007703
99.00600499997381	213.99987160007703
99.28687899990473	213.99987160007703
99.56699299998581	213.99987160007703
99.84671999991406	213.99987160007703
100.12709399999585	213.99987160007703
100.40736299997661	80.0
100.76217999996152	80.0
101.51282199996058	80.0
102.26208199991379	122.99996925000768
102.72723499999847	122.99996925000768
103.21503299998585	122.99996925000768
103.70230399991851	122.99996925000768
104.18927699991036	122.99996925000768
104.67851200001314	122.99996925000768
105.16527599992696	122.99996925000768
105.65257199993357	122.99996925000768
106.1404179999372	122.99996925000768
106.62814199994318	52.000006933334255
107.21410099999048	52.000006933334255
108.36724099994171	85.0
109.01337499998044	85.0
109.71672499994747	85.0
110.42269399994984	85.0
111.12985599995591	85.0
111.83486800000537	85.0
112.54298499994911	204.9999487500128
112.64077900000848	204.9999487500128
112.93199599999934	204.9999487500128
113.22560299991164	204.9999487500128
113.5178120000055	204.9999487500128
113.81090799998492	204.9999487500128
114.10354599996936	204.9999487500128
114.39584899996407	196.9996946504733
114.40371499990579	196.9996946504733
114.70812600001227	196.9996946504733
115.01352299994323	196.9996946504733
115.31720900000073	196.9996946504733
115.62130799994338	196.9996946504733
115.92735899996478	196.9996946504733
116.23075699992478	196.9996946504733
116.53638399997726	196.9996946504733
116.84007699997164	196.9996946504733
117.14415599999484	196.9996946504733
117.44958099990617	196.9996946504733
117.75370499992277	196.9996946504733
118.05839899997227	196.9996946504733
118.36267900001258	118.0
118.46263600001112	118.0
118.97176699992269	118.0
119.48054599994794	118.0
119.98839999991469	118.0
120.49870100000408	103.0000480666891
120.53840499999933	103.0000480666891
121.12087599991355	103.0000480666891
121.70284899999388	103.0000480666891
122.28669699991588	103.0000480666891
122.86892999999691	103.0000480666891
123.45196699991357	103.0000480666891
124.03315199993085	103.0000480666891
124.61702100001276	122.99996925000768
125.0410419999389	122.99996925000768
125.52758200000972	122.99996925000768
126.01524699991569	122.99996925000768
126.50261799991131	30.99999793333347
127.36033599998336	30.99999793333347
129.29658799991012	30.99999793333347
131.23285099992063	204.9999487500128
131.24733099993318	204.9999487500128
131.5390039999038	204.9999487500128
131.83327499998268	204.9999487500128
132.12456699996255	204.9999487500128
132.4173309999751	187.99996240000752
132.43408799997997	187.99996240000752
132.75463599991053	187.99996240000752
133.07211199996527	187.99996240000752
133.3918199999025	187.99996240000752
133.71086999995168	187.99996240000752
134.03064599994104	187.99996240000752
134.34965399990324	187.99996240000752
134.66906799993012	187.99996240000752
134.98761899990495	187.99996240000752
135.30724799993914	187.99996240000752
135.62563499994576	187.99996240000752
135.94572299998254	187.99996240000752
136.26383299997542	93.00004185001883
136.3067629999714	93.00004185001883
136.95297300000675	93.00004185001883
137.59867799992207	93.00004185001883
138.24240599991754	199.0
138.53345300001092	199.0
138.83566799992695	199.0
139.13785999990068	199.0
139.4384869999485	199.0
139.74079999991227	199.0
140.04108100000303	199.0
140.34331799997017	199.0
140.64475099998526	199.0
140.94686799996998	199.0
141.24830400000792	199.0
141.54947299999185	199.0
141.8527269999031	199.0
142.15154699992854	199.0
142.45317499991506	211.00014066676044
142.7259779999731	211.00014066676044
143.01134299999103	211.00014066676044
143.2949119999539	211.00014066676044
143.57836699998006	211.00014066676044
143.86289499991108	211.00014066676044
144.14856599993072	211.00014066676044
144.43200899998192	211.00014066676044
144.71629299991764	211.00014066676044
144.99992899992503	211.00014066676044
145.28505399997812	131.00007641671124
145.31186799996067	131.00007641671124
145.76834399998188	131.00007641671124
146.22611299995333	131.00007641671124
146.68447099998593	131.00007641671124
147.14173899998423	131.00007641671124
147.60092899994925	131.00007641671124
148.05948900000658	131.00007641671124
148.5168269999558	148.0
148.8898689999478	148.0
149.29475899995305	148.0
149.69972199993208	148.0
150.10485299990978	148.0
150.5103769999696	83.99996640001343
150.71775099996012	83.99996640001343
151.4324079999933	83.99996640001343
152.14857699989807	83.99996640001343
152.86216799996328	83.99996640001343
153.57505200000014	83.99996640001343
154.29034599999432	83.99996640001343
155.00318299990613	28.999993233334912
156.40419899998233	36.99999136666868
157.99443699989934	36.99999136666868
159.61721999989823	36.99999136666868
161.23812799993902	211.99990106671282
161.2835629999172	211.99990106671282
161.56906899996102	211.99990106671282
161.85166099993512	211.99990106671282
162.1352359999437	211.99990106671282
162.41607599996496	77.99997660000702
162.67358299996704	77.99997660000702
163.44310699997004	77.99997660000702
164.21174800000153	77.99997660000702
164.98076700000092	77.99997660000702
165.75057299993932	77.99997660000702
166.5194269999629	145.9999659333413
166.81181499990635	145.9999659333413
167.22260199999437	145.9999659333413
167.63390799995977	145.9999659333413
168.0450159999309	145.9999659333413
168.45563199999742	108.0
168.52248599997256	108.0
169.07809899991844	108.0
169.63334499998018	108.0
170.1882059999043	108.0
170.74495099997148	108.0
171.30203599995002	108.0
171.85574699996505	108.0
172.4110970000038	132.000132000132
172.84132399992086	132.000132000132
173.29383899993263	132.000132000132
173.7499789999565	132.000132000132
174.20342799997889	132.000132000132
174.6583489999175	172.99990485005233
174.91360599990003	172.99990485005233
175.2605319999857	172.99990485005233
175.60909599997103	172.99990485005233
175.95447100000456	172.99990485005233
176.3031529999571	172.99990485005233
176.64820499997586	172.99990485005233
176.99524299998302	172.99990485005233
177.3419199999189	172.99990485005233
177.6880929999752	172.99990485005233
178.03566199995112	172.99990485005233
178.3818709999323	35.0
178.80862499994691	35.0
180.5223339999793	142.0000710000355
180.76151599991135	142.0000710000355
181.18409999995492	142.0000710000355
181.60651599999983	142.0000710000355
182.0291909999214	142.0000710000355
182.45246800000314	142.0000710000355
182.8740449999459	142.0000710000355
183.29869500000495	142.0000710000355
183.71947999997064	142.0000710000355
184.14216299995314	142.0000710000355
184.56510799995158	137.99987580011177
184.573218000005	137.99987580011177
185.00914199999534	137.99987580011177
185.44252799998503	137.99987580011177
185.8773439999204	137.99987580011177
186.3118489999324	59.00000885000133
186.35661299992353	59.00000885000133
187.37352199992165	59.00000885000133
188.39065299998038	59.00000885000133
189.40720899996813	59.00000885000133
190.42425599996932	140.99997180000565
190.76763999997638	140.99997180000565
191.19292099995073	140.99997180000565
191.6162179999519	140.99997180000565
192.04201699991245	140.99997180000565
192.468024999951	42.99999498333392
192.89825500000734	42.99999498333392
194.29381800000556	42.99999498333392
195.68929199990816	42.99999498333392
197.08369699993636	42.99999498333392
198.4791799999075	42.99999498333392
199.87501600000542	42.99999498333392
201.27027899993118	42.99999498333392
202.66512599994894	42.99999498333392
204.0616629999131	42.99999498333392
205.45627899991814	42.99999498333392
206.8513040000107	42.99999498333392
208.24737799994182	42.99999498333392
209.64147599996068	42.99999498333392
211.0375429999549	42.99999498333392
212.43263399996795	42.99999498333392
213.82836399995722	42.99999498333392
215.22300299990457	42.99999498333392
216.61843899998348	42.99999498333392
218.01398899999913	42.99999498333392
219.41002099995967	42.99999498333392
220.8045319999801	42.99999498333392
222.2001739999978	42.99999498333392
223.5951599999098	42.99999498333392
224.99117099994328	42.99999498333392
226.38577399996575	42.99999498333392
227.7830889999168	42.99999498333392
229.17720699997153	42.99999498333392
230.57268799992744	42.99999498333392