0.0070550000527873635	120.0
0.500289999996312	120.0
1.0018890000646934	120.0
1.5021349999587983	120.0
2.0009459999855608	120.0
2.5014639999717474	120.0
3.00098600005731	120.0
3.500789999961853	120.0
4.000194999971427	120.0
4.500771000050008	120.0
5.00084400002379	120.0
5.500608999980614	120.0
6.00100399996154	120.0
6.502650000038557	120.0
7.001997999963351	120.0
7.501625000033528	120.0
8.000922000035644	120.0
8.50147699995432	120.0
9.001236999989487	120.0
9.500614000018686	120.0
10.00023600005079	120.0
10.501939999987371	120.0
11.00035200000275	120.0
11.500308000016958	120.0
12.002225999953225	120.0
12.501680999994278	120.0
13.000843000016175	120.0
13.500625999993645	120.0
14.000240999972448	120.0
14.5017340000486	120.0
15.00064600002952	120.0
15.50236899999436	120.0
16.00101300003007	120.0
16.501831999979913	120.0
17.000866999966092	120.0
17.50197099999059	120.0
18.002037000027485	120.0
18.501094999955967	120.0
19.001523999962956	120.0
19.501285000005737	120.0
20.00137499999255	120.0
20.500589000061154	120.0
21.00032300001476	120.0
21.500635000062175	120.0
22.000668999971822	120.0
22.50264199997764	120.0
23.001501000020653	120.0
23.50234799995087	120.0
24.00368600001093	120.0
24.50197800004389	120.0
25.00059599999804	120.0
25.500927999964915	120.0
26.001912000006996	120.0
26.50043600006029	120.0
27.002645000000484	120.0
27.500310000032187	120.0
28.00075799995102	120.0
28.50030199997127	120.0
29.01239699998405	120.0
29.50141300004907	120.0
30.00034400005825	120.0
30.500479000038467	80.0
30.728497000061907	80.0
31.478373000049032	80.0
32.22928099997807	80.0
32.978197999997064	80.0
33.72861800005194	80.0
34.47849100001622	78.9999657666815
34.48321900004521	78.9999657666815
35.24300100002438	78.9999657666815
36.00370100000873	78.9999657666815
36.76163900003303	183.99997546666995
37.043418999994174	183.99997546666995
37.369474999955855	183.99997546666995
37.695097999996506	183.99997546666995
38.02249500004109	183.99997546666995
38.34748400002718	183.99997546666995
38.67344399995636	183.99997546666995
39.000920000020415	183.99997546666995
39.32573100004811	183.99997546666995
39.652459000004455	183.99997546666995
39.97777200001292	183.99997546666995
40.30400700005703	49.0
41.0224660000531	49.0
42.249641000060365	49.0
43.47117499995511	160.99991681670966
43.68041000002995	160.99991681670966
44.0514559999574	160.99991681670966
44.42348899994977	160.99991681670966
44.7959559999872	160.99991681670966
45.16868500004057	160.99991681670966
45.54176199994981	160.99991681670966
45.91383600002155	160.99991681670966
46.28691300004721	40.0
46.73546800005715	40.0
48.23545899998862	102.0000510000255
48.79320399998687	102.0000510000255
49.380203000037	102.0000510000255
49.96809099998791	102.0000510000255
50.56090300006326	102.0000510000255
51.15792999998666	102.0000510000255
51.732841999968514	102.0000510000255
52.32094899995718	80.0
52.375589000061154	80.0
53.12604400003329	80.0
53.87566100002732	80.0
54.626149000017904	152.99994645001874
54.79094299999997	152.99994645001874
55.18579200003296	152.99994645001874
55.57572199997958	152.99994645001874
55.96751300001051	152.99994645001874
56.36105800000951	152.99994645001874
56.75202100002207	152.99994645001874
57.14446500001941	152.99994645001874
57.53652099997271	152.99994645001874
57.943044999963604	152.99994645001874
58.32051800005138	115.00002875000719
58.37350400001742	115.00002875000719
58.89371299999766	115.00002875000719
59.41501600004267	115.00002875000719
59.93683699995745	115.00002875000719
60.4583130000392	82.0
60.60617399995681	82.0
61.337959000025876	82.0
62.06999500002712	82.0
62.801896000048146	82.0
63.53437200002372	82.0
64.26487299997825	156.9998377668343
64.57216199999675	156.9998377668343
64.95492000004742	156.9998377668343
65.33687700005248	156.9998377668343
65.71970000001602	156.9998377668343
66.10107500001322	154.99990958338608
66.48851599998306	154.99990958338608
66.87525100004859	154.99990958338608
67.26266300003044	154.99990958338608
67.64950199995656	154.99990958338608
68.03669700003229	154.99990958338608
68.42348200001288	154.99990958338608
68.81058599997777	154.99990958338608
69.19829800003208	154.99990958338608
69.58509700000286	154.99990958338608
69.97214800002985	154.99990958338608
70.35974200000055	53.0
70.88900399999693	53.0
72.01942100003362	53.0
73.15156300005037	157.999931533363
73.22268200002145	157.999931533363
73.60268700006418	157.999931533363
73.98167999996804	157.999931533363
74.36222799995448	157.999931533363
74.74177399999462	157.999931533363
75.12215599999763	157.999931533363
75.50256699998863	157.999931533363
75.88108600000851	157.999931533363
76.26145300001372	151.99993920002433
76.26722499995958	151.99993920002433
76.66168699995615	151.99993920002433
77.05640800006222	151.99993920002433
77.45213300001342	151.99993920002433
77.84542799997143	151.99993920002433
78.24029400001746	101.00006901671382
78.3154870000435	101.00006901671382
78.90925799997058	101.00006901671382
79.50348499999382	101.00006901671382
80.09722999995574	101.00006901671382
80.69131500006188	101.00006901671382
81.28563599998597	101.00006901671382
81.87984299997333	101.00006901671382
82.4735909999581	200.0
82.58836699998938	200.0
82.88776499999221	200.0
83.18858299998101	200.0
83.48838700004853	200.0
83.7875350000104	200.0
84.08765300002415	200.0
84.3879339999985	32.99999670000033
85.87845800002106	32.99999670000033
87.69609700003639	32.99999670000033
89.51397800003178	86.00005160003096
90.036260999972	86.00005160003096
90.73448300000746	152.0
90.85412999999244	152.0
91.2488959999755	152.0
91.6452350000618	152.0
92.0375420000637	152.0
92.43251099996269	152.0
92.82787499995902	152.0
93.22190899995621	152.0
93.61674099997617	152.0
94.01195499999449	152.0
94.40602900006343	160.99991681670966
94.76262199995108	160.99991681670966
95.13456999999471	160.99991681670966
95.50770299998112	160.99991681670966
95.88013800000772	160.99991681670966
96.25367700005881	88.00002346667293
96.37754799996037	88.00002346667293
97.05891100002918	88.00002346667293
97.74051499995403	88.00002346667293
98.42211599997245	88.00002346667293
99.10494600003585	88.00002346667293
99.78585500002373	88.00002346667293
100.4677270000102	46.0
100.79516199999489	46.0
102.10088300006464	46.0
103.4040779999923	126.000126000126
103.5639300000621	126.000126000126
104.03899899998214	126.000126000126
104.51527700002771	126.000126000126
104.99049800005741	126.000126000126
105.46693600004073	126.000126000126
105.94285800005309	126.000126000126
106.42038300004788	140.00014000014
106.82365200005006	140.00014000014
107.25173200003337	140.00014000014
107.68107499997132	140.00014000014
108.11035500001162	140.00014000014
108.537861000048	120.0
108.6015690000495	120.0
109.09938400005922	120.0
109.6002350000199	120.0
110.10104700003285	120.0
110.60030499997083	120.0
111.10006700002123	120.0
111.60065499995835	120.0
112.10087199998088	120.0
112.59918100002687	65.99999340000066
112.96445500000846	65.99999340000066
113.87384699995164	65.99999340000066
114.78247500001453	154.000154000154
114.8209570000181	154.000154000154
115.21050599997398	154.000154000154
115.59945300000254	154.000154000154
115.98887999996077	154.000154000154
116.37831099994946	154.000154000154
116.76776800001971	154.000154000154
117.159348999965	154.000154000154
117.54720699996687	154.000154000154
117.93736400001217	154.000154000154
118.32727400003932	38.99998830000351
118.78481900005136	38.99998830000351
120.323321999982	157.0
120.55205299996305	157.0
120.93474900000729	157.0
121.31565300002694	157.0
121.6979950000532	157.0
122.08144099998754	157.0
122.46202099998482	157.0
122.84454499999993	157.0
123.22702500002924	157.0
123.60999899997842	157.0
123.99168600002304	157.0
124.37363499996718	140.00014000014
124.39351099997293	140.00014000014
124.82231499999762	140.00014000014
125.2507850000402	140.00014000014
125.67922299995553	140.00014000014
126.10778399999253	140.00014000014
126.53659300005529	116.99988885010559
126.60365000006277	116.99988885010559
127.11675699998159	116.99988885010559
127.62925600004382	116.99988885010559
128.14367699995637	116.99988885010559
128.65515400003642	116.99988885010559
129.1680649999762	116.99988885010559
129.68193199997768	116.99988885010559
130.1946590000298	69.0
130.23939400003292	69.0
131.10895599995274	69.0
131.9785339999944	69.0
132.8481600000523	89.9999550000225
133.35920800000895	89.9999550000225
134.02591600001324	89.9999550000225
134.69258100003935	89.9999550000225
135.3606200000504	89.9999550000225
136.02582600002643	89.9999550000225
136.69396900001448	45.000011250002814
137.1711330000544	45.000011250002814
138.51180300000124	42.00001260000378
138.52797599998303	42.00001260000378
139.95644800004084	42.00001260000378
141.38517200003844	42.00001260000378
142.81557099998463	157.999931533363
143.08239600004163	157.999931533363
143.45676299999468	157.999931533363
143.83649100002367	157.999931533363
144.21632700006012	67.99999546666697
144.29252799996175	67.99999546666697
145.17425699997693	67.99999546666697
146.0572440000251	67.99999546666697
146.93891999998596	67.99999546666697
147.82143600005656	67.99999546666697
148.70350800000597	135.000135000135
148.88403299998026	135.000135000135
149.3271620000014	135.000135000135
149.77301300002728	135.000135000135
150.21613900002558	157.0
150.58913800003938	157.0
150.97131900000386	157.0
151.35239600006025	157.0
151.73478699999396	157.0
152.11674600001425	157.0
152.4992299999576	157.0
152.88225100003183	157.0
153.2633040000219	157.0
153.6458130000392	157.0
154.02809499995783	157.0
154.4103710000636	196.0002874670883
154.66866399999708	196.0002874670883
154.97518900001887	196.0002874670883
155.2809310000157	196.0002874670883
155.5873539999593	196.0002874670883
155.89422899996862	196.0002874670883
156.20035800000187	32.99999670000033
156.44594700005837	32.99999670000033
158.26378200005274	32.99999670000033
160.0837139999494	32.99999670000033
161.90027300000656	216.0
162.08806700003333	216.0
162.36495499999728	135.000135000135
162.48239799996372	135.000135000135
162.9260929999873	135.000135000135
163.3710640000645	135.000135000135
163.81527000002097	135.000135000135
164.2599840000039	135.000135000135
164.70410199998878	135.000135000135
165.14875000005122	135.000135000135
165.59291000000667	135.000135000135
166.03801100002602	135.000135000135
166.48209099995438	157.999931533363
166.8145670000231	157.999931533363
167.19485800003167	157.999931533363
167.57633499999065	157.999931533363
167.95565000001807	157.999931533363
168.33597200002987	218.99968245046045
168.5585780000547	218.99968245046045
168.83432599995285	218.99968245046045
169.10674600000493	218.99968245046045
169.38046799995936	218.99968245046045
169.65437600004952	218.99968245046045
169.92933499999344	218.99968245046045
170.20267400005832	218.99968245046045
170.4770430000499	218.99968245046045
170.75098100001924	218.99968245046045
171.02604000002611	218.99968245046045
171.29888999997638	218.99968245046045
171.57251199998427	218.99968245046045
171.84721300005913	218.99968245046045
172.12025000003632	218.99968245046045
172.3963020000374	150.99999748333337
172.49929800000973	150.99999748333337
172.8960570000345	150.99999748333337
173.29561000003014	150.99999748333337
173.69118199998047	150.99999748333337
174.08843100001104	150.99999748333337
174.48594499996398	186.9997756002693
174.75298900005873	186.9997756002693
175.06581699999515	186.9997756002693
175.39283500006422	186.9997756002693
175.70742999995127	186.9997756002693
176.0281370000448	186.9997756002693
176.3492280000355	186.9997756002693
176.6710899999598	186.9997756002693
176.9916240000166	186.9997756002693
177.31482900003903	186.9997756002693
177.6325540000107	186.9997756002693
177.95337899995502	186.9997756002693
178.27406199998222	186.9997756002693
178.59522899996955	196.0002874670883
178.8854500000598	196.0002874670883
179.1896780000534	196.0002874670883
179.49651199998334	196.0002874670883
179.80250300001353	196.0002874670883
180.1094270000467	196.0002874670883
180.4163969999645	109.0
180.6156970000593	109.0
181.16668899997603	109.0
181.71681100002024	109.0
182.26715099997818	109.0
182.8171480000019	109.0
183.3678530000616	109.0
183.9184499999974	109.0
184.4684600000037	160.0
184.76287099998444	160.0
185.137837999966	160.0
185.51414600003045	160.0
185.88763600005768	160.0
186.2625710000284	60.99997255001235
186.31030000001192	60.99997255001235
187.29388400004245	60.99997255001235
188.27782099996693	60.99997255001235
189.26282599999104	60.99997255001235
190.24468600004911	195.0
190.50124100001995	195.0
190.80917699995916	195.0
191.1170680000214	195.0
191.42509300005622	195.0
191.73228100000415	195.0
192.04055300005712	195.0
192.34809800004587	195.0
192.65511299995705	195.0
192.96342499996535	195.0
193.2709830000531	195.0
193.57906100002583	195.0
193.8864740000572	195.0
194.19398700003512	195.0
194.50198000005912	195.0
194.8092989999568	195.0
195.11743400001433	195.0
195.42448699998204	195.0
195.7343899999978	195.0
196.04027300002053	195.0
196.34844099998008	195.0
196.6551459999755	195.0
196.96280800004024	195.0
197.27198900002986	195.0
197.578925000038	195.0
197.88616600004025	195.0
198.19358399999328	195.0
198.50151700002607	195.0
198.80916599999182	195.0
199.11662900005467	195.0
199.42439199995715	195.0
199.73270199995022	195.0
200.03977999999188	195.0
200.34835400001612	195.0
200.65573600004427	195.0
200.9634729999816	195.0
201.27095999999437	195.0
201.57912100001704	195.0
201.88584700005595	195.0
202.19585100002587	195.0
202.50150799995754	195.0
202.80971599998884	195.0
203.11702300002798	195.0
203.42455200001132	195.0
203.7342349999817	195.0
204.04003100004047	195.0
204.34776599996258	195.0
204.65503100003116	195.0
204.9627979999641	195.0
205.27070700004697	195.0
205.57820099999662	195.0
205.88601699995343	195.0
206.19355399999768	195.0
206.50148700003047	195.0
206.80915300000925	195.0
207.1166240000166	195.0
207.42455500003416	195.0
207.73281499999575	195.0
208.0403589999769	195.0
208.3481679999968	195.0
208.65529599995352	195.0
208.96459400001913	195.0
209.2721250000177	195.0
209.57900400005747	195.0
209.88582700002007	195.0
210.19512899999972	195.0
210.50149199995212	195.0
210.80928100005258	195.0
211.11667899996974	195.0
211.4245349999983	195.0
211.73217700002715	195.0
212.03977999999188	195.0
212.3474550000392	195.0
212.65503200003877	195.0
212.96278699999675	195.0
213.27211699995678	195.0
213.57822000002488	195.0
213.88577399996575	195.0
214.19594400003552	195.0
214.50155799998902	195.0
214.80923200002871	195.0
215.11678499996196	195.0
215.42443000001367	195.0
215.73363000003155	195.0
216.0397220000159	195.0
216.34803600003943	195.0
216.6556799999671	195.0
216.9627839999739	195.0
217.2707170000067	195.0
217.5782350000227	195.0
217.88597199996002	195.0
218.19481200003065	195.0
218.50237600004766	195.0
218.81028099998366	195.0
219.11671900004148	195.0
219.4243720000377	195.0
219.7320850000251	195.0
220.04123199998867	195.0
220.34764599998016	195.0
220.65506000001915	195.0
220.96471400000155	195.0
221.2718889999669	195.0
221.57835700002033	195.0
221.88587999995798	195.0
222.19373100006487	195.0
222.50121899996884	195.0
222.809905000031	195.0
223.1170179999899	195.0
223.42469000001438	195.0
223.73304500000086	195.0
224.04035300004762	195.0
224.34810699999798	195.0
224.65537799999584	195.0
224.96505500003695	195.0
225.27111900004093	195.0
225.57852700003423	195.0
225.8859630000079	195.0
226.19462199998088	195.0
226.50201100006234	195.0
226.80896699998993	195.0
227.11698100005742	195.0
227.42529399995692	195.0
227.73278600000776	195.0
228.03985299996566	195.0
228.3474400000414	195.0
228.6556349999737	195.0
228.96299699996598	195.0
229.27077099995222	195.0
229.57831200002693	195.0
229.8864580000518	195.0
230.19426300004125	195.0
230.50257400004193	195.0
230.81038599996828	195.0
231.11744000006001	195.0
231.42424500000197	195.0
231.7330470000161	195.0
232.0397510000039	195.0
232.3475900000194	195.0
232.65537799999584	195.0
232.96297900006175	195.0
233.27181000006385	195.0
233.57827800000086	195.0
233.88582600001246	195.0
234.1958390000509	195.0
234.50352200004272	195.0
234.8102910000598	195.0
235.11697400000412	195.0
235.42455300001893	195.0
235.7333070000168	195.0
236.03999900002964	195.0
236.34834799997043	195.0
236.6550419999985	195.0
236.9643409999553	195.0
237.27195800002664	195.0
237.57903400005307	195.0
237.88581700006034	195.0
238.19351400004234	195.0
238.50166299997363	195.0
238.80916199996136	195.0
239.11745699995663	195.0
239.42430199997034	195.0
239.73186800000258	195.0


2.001341999974102	120.0
2.495746999979019	120.0
2.5016690000193194	120.0
3.0012519999872893	120.0
3.501031000050716	120.0
4.000338000012562	120.0
4.500561999971978	120.0
5.0006890000076964	120.0
5.500831000041217	120.0
6.000527000054717	120.0
6.502393000060692	120.0
7.002882000058889	120.0
7.501363000017591	120.0
8.000524000031874	120.0
8.50190599996131	120.0
9.001827999949455	120.0
9.500830000033602	120.0
10.000302999978885	120.0
10.501939999987371	120.0
11.00063400005456	120.0
11.500308000016958	120.0
12.002290999982506	120.0
12.501853000023402	120.0
13.000520000001416	120.0
13.500625999993645	120.0
14.000505000003614	120.0
14.501748000038788	120.0
15.00119400001131	120.0
15.50197099999059	120.0
16.00136500003282	120.0
16.501831999979913	120.0
17.00118400005158	120.0
17.50197099999059	120.0
18.002095000003465	120.0
18.501339999958873	120.0
19.001719000050798	120.0
19.501012000022456	120.0
20.001764000044204	120.0
20.50039099995047	120.0
21.000744999968447	120.0
21.50061900005676	120.0
22.000966000021435	120.0
22.502392000053078	120.0
23.00151299999561	120.0
23.50207499996759	120.0
24.00392499996815	120.0
24.501047000056133	120.0
25.000574000063352	120.0
25.500956000061706	120.0
26.001516000018455	120.0
26.500410999986343	120.0
27.00204000005033	120.0
27.50077100005001	120.0
28.00052300002426	120.0
28.500503999996	120.0
29.012612999998964	120.0
29.501694999984466	120.0
30.00239999999758	120.0
30.500544999958947	80.0
30.73684999998659	80.0
31.478676000027917	80.0
32.229438000009395	80.0
32.97857300005853	80.0
33.72863899997901	80.0
34.456059999996796	78.9999657666815
34.46103100001346	78.9999657666815
35.221479999949224	78.9999657666815
35.98002000001725	78.9999657666815
36.73941999999806	184.0
37.02081500005443	184.0
37.34729199996218	184.0
37.673437000019476	184.0
37.9989840000635	184.0
38.32542100001592	184.0
38.651446999982	184.0
38.977232999983244	184.0
39.303599999984726	184.0
39.62948999996297	184.0
39.955760000040755	184.0
40.281697000027634	48.9999918333347
40.99993499997072	48.9999918333347
42.22559599997476	48.9999918333347
43.44903500005603	160.99991681670966
43.65590799995698	160.99991681670966
44.028766999952495	160.99991681670966
44.40154700004496	160.99991681670966
44.773611000040546	160.99991681670966
45.14630300004501	160.99991681670966
45.518989000003785	160.99991681670966
45.89206700003706	160.99991681670966
46.26454100001138	40.0
46.715470000053756	40.0
48.213546999963	102.0000510000255
48.76948400004767	102.0000510000255
49.35874000005424	102.0000510000255
49.9463799999794	102.0000510000255
50.534008000046015	102.0000510000255
51.158540999982506	102.0000510000255
51.71096399996895	102.0000510000255
52.29931699996814	80.0
52.35329100000672	80.0
53.103417000034824	80.0
53.85356399999	80.0
54.60357000003569	152.99994645001874
54.76873000001069	152.99994645001874
55.16112399997655	152.99994645001874
55.55305900005624	152.99994645001874
55.94523499999195	152.99994645001874
56.33796200004872	152.99994645001874
56.73005799995735	152.99994645001874
57.12198199995328	152.99994645001874
57.513822000008076	152.99994645001874
57.9061310000252	152.99994645001874
58.29820700001437	115.00002875000719
58.34980900003575	115.00002875000719
58.87095400004182	115.00002875000719
59.39269000000786	115.00002875000719
59.9144259999739	115.00002875000719
60.436664000037126	82.00003553334874
60.58345100004226	82.00003553334874
61.31537399999797	82.00003553334874
62.047293000039645	82.00003553334874
62.7790119999554	82.00003553334874
62.80170700000599	82.00003553334874
63.53463200002443	82.00003553334874
64.26469900005031	156.9998377668343
64.57238400005735	156.9998377668343
64.95514199999161	156.9998377668343
65.33655799995176	156.9998377668343
65.71947200002614	156.9998377668343
66.10069700004533	155.0
66.4887259999523	155.0
66.87552300002426	155.0
67.26233499997761	155.0
67.65046400006395	155.0
68.03642799996305	155.0
68.42383600003086	155.0
68.81106400000863	155.0
69.19850299996324	155.0
69.58557100000326	155.0
69.97240099997725	155.0
70.36022499995306	53.000022083342536
70.8892390000401	53.000022083342536
72.01985399995465	53.000022083342536
73.15214899997227	157.999931533363
73.2229300000472	157.999931533363
73.60267100005876	157.999931533363
73.98201899998821	157.999931533363
74.3618580000475	157.999931533363
74.74168099998496	157.999931533363
75.12213499995414	157.999931533363
75.50233200006187	157.999931533363
75.88108600000851	157.999931533363
76.26143299997784	152.0
76.26722499995958	152.0
76.66124000004493	152.0
77.0562360000331	152.0
77.45211299997754	152.0
77.84565699996892	152.0
78.24051699996926	101.00006901671382
78.31560500001069	101.00006901671382
78.90946500003338	101.00006901671382
79.50357099995017	101.00006901671382
80.09718399995472	101.00006901671382
80.69177200004924	101.00006901671382
81.28599100001156	101.00006901671382
81.87962999998126	101.00006901671382
82.47406100004446	200.0
82.58878099999856	200.0
82.88814599998295	200.0
83.1885600000387	200.0
83.48802399996202	200.0
83.7877350000199	200.0
84.08812800003216	200.0
84.38811900001019	32.99999670000033
85.87849200004712	32.99999670000033
87.69652999995742	32.99999670000033
89.51424299995415	86.00005160003096
90.03833500004839	86.00005160003096
90.73574200004805	151.99993920002433
90.85444200003985	151.99993920002433
91.24837799998932	151.99993920002433
91.64561000000685	151.99993920002433
92.03768599999603	151.99993920002433
92.432489000028	151.99993920002433
92.82785400003195	151.99993920002433
93.2218260000227	151.99993920002433
93.61651600000914	151.99993920002433
94.01173100003507	151.99993920002433
94.40628800005652	160.99991681670966
94.76304999995045	160.99991681670966
95.13508200005163	160.99991681670966
95.5081380000338	160.99991681670966
95.87993599998299	160.99991681670966
96.25337499997113	88.0
96.37696200003847	88.0
97.05865699995775	88.0
97.7403349999804	88.0
98.42228000005707	88.0
99.10458799998742	88.0
99.78576800005976	88.0
100.4677270000102	45.99999386666749
100.79546299995854	45.99999386666749
102.10125099995639	45.99999386666749
103.40406500000972	126.000126000126
103.56363600003533	126.000126000126
104.03967399999965	126.000126000126
104.51528799999505	126.000126000126
104.99046200001612	126.000126000126
105.46698999998625	126.000126000126
105.9428520000074	126.000126000126
106.4203709999565	140.0
106.82365200005006	140.0
107.252119999961	140.0
107.68138700001873	140.0
108.10940199997276	140.0
108.53783799998928	120.0
108.60060300002806	120.0
109.09938400005922	120.0
109.59998900000937	120.0
110.10012199997436	120.0
110.60004499997012	120.0
111.10029800003394	120.0
111.60010100004729	120.0
112.10062599997036	120.0
112.59950000001118	65.99999340000066
112.96486299997196	65.99999340000066
113.87368199997582	65.99999340000066
114.78282099997159	154.000154000154
114.82076599996071	154.000154000154
115.21026099997107	154.000154000154
115.59925299999304	154.000154000154
115.98915799998213	154.000154000154
116.37883699999657	154.000154000154
116.7682049999712	154.000154000154
117.15792400005739	154.000154000154
117.546978999977	154.000154000154
117.93710199999623	154.000154000154
118.32711199996993	38.99998830000351
118.78450800001156	38.99998830000351
120.32308899995405	156.9998377668343
120.55186600005254	156.9998377668343
120.93492100003641	156.9998377668343
121.31547300005332	156.9998377668343
121.6975139999995	156.9998377668343
122.0812389999628	156.9998377668343
122.46226699999534	156.9998377668343
122.84438899997622	156.9998377668343
123.22681100002956	156.9998377668343
123.60956999997143	156.9998377668343
123.96587499999441	156.9998377668343
124.34837999998126	156.9998377668343
124.73114000004716	140.00014000014
124.79684199998155	140.00014000014
125.22551899997052	140.00014000014
125.65392199996859	140.00014000014
126.08329500001855	140.00014000014
126.51090700004715	117.0
126.57842499995604	117.0
127.09287399996538	117.0
127.60538600001018	117.0
128.11695499997586	117.0
128.63001399999484	117.0
129.14254999998957	117.0
129.65548900002614	117.0
130.16889400000218	69.00001725000432
130.214110000059	69.00001725000432
131.08378200000152	69.00001725000432
131.95335199998226	69.00001725000432
132.82289499999024	89.9999550000225
133.3340999999782	89.9999550000225
134.0011790000135	89.9999550000225
134.6673090000404	89.9999550000225
135.3340760000283	89.9999550000225
136.00099700002465	89.9999550000225
136.66735200001858	45.0
137.1450650000479	45.0
138.47935999999754	42.00001260000378
138.51151300000492	42.00001260000378
139.93114400003105	42.00001260000378
141.3600429999642	42.00001260000378
142.78937600005884	157.999931533363
143.051885999972	157.999931533363
143.43228499998804	157.999931533363
143.81193800002802	157.999931533363
144.1924580000341	67.99999546666697
144.26660900004208	67.99999546666697
145.1489490000531	67.99999546666697
146.03135499998461	67.99999546666697
146.91386099997908	67.99999546666697
147.79877700004727	67.99999546666697
148.67894300003536	135.000135000135
148.85759499995038	135.000135000135
149.302953000064	135.000135000135
149.7464870000258	135.000135000135
150.19173399999272	135.000135000135
150.635718000005	156.9998377668343
150.94535900000483	156.9998377668343
151.32719500001986	156.9998377668343
151.70945199998096	156.9998377668343
152.0916440000292	156.9998377668343
152.47374200006016	156.9998377668343
152.49924200004898	156.9998377668343
152.88196300005075	156.9998377668343
153.2633040000219	156.9998377668343
153.64580100006424	156.9998377668343
154.02781600004528	156.9998377668343
154.41014399996493	196.0002874670883
154.6688810000196	196.0002874670883
154.97499500005506	196.0002874670883
155.2809310000157	196.0002874670883
155.5871220000554	196.0002874670883
155.8945839999942	196.0002874670883
156.20010600006208	33.0
156.4460249999538	33.0
158.26346200006083	33.0
160.08308200002648	33.0
161.8998460000148	215.99982720013824
162.08725300000515	215.99982720013824
162.36469099996611	135.000135000135
162.48180599999614	135.000135000135
162.92666999995708	135.000135000135
163.37060500006191	135.000135000135
163.81556000001729	135.000135000135
164.25960800005123	135.000135000135
164.70386799995322	135.000135000135
165.1502900000196	135.000135000135
165.59291000000667	135.000135000135
166.03842800005805	135.000135000135
166.48173999995925	158.0
166.8149089999497	158.0
167.19465499999933	158.0
167.57600600004662	158.0
167.95539600006305	158.0
168.33580500003882	218.99968245046045
168.5588299999945	218.99968245046045
168.83438200003002	218.99968245046045
169.1064100000076	218.99968245046045
169.38091900001746	218.99968245046045
169.6545900000492	218.99968245046045
169.92910399998073	218.99968245046045
170.20234099996742	218.99968245046045
170.47644999995828	218.99968245046045
170.75133600004483	218.99968245046045
171.02614600001834	218.99968245046045
171.29891699994914	218.99968245046045
171.57212400005665	218.99968245046045
171.8466860000044	218.99968245046045
172.1200259999605	218.99968245046045
172.39584400004242	150.99999748333337
172.49911900004372	150.99999748333337
172.89610699994955	150.99999748333337
173.29535000002943	150.99999748333337
173.6908429999603	150.99999748333337
174.08823700004723	150.99999748333337
174.48595700005535	186.9997756002693
174.75159200001508	186.9997756002693
175.0661470000632	186.9997756002693
175.39260899997316	186.9997756002693
175.70885699999053	186.9997756002693
176.02854600001592	186.9997756002693
176.34932100004517	186.9997756002693
176.6709490000503	186.9997756002693
176.992469000048	186.9997756002693
177.31635099998675	186.9997756002693
177.63258700002916	186.9997756002693
177.9533700000029	186.9997756002693
178.27402700006496	186.9997756002693
178.59520800004248	196.0002874670883
178.88523400004487	196.0002874670883
179.1899390000617	196.0002874670883
179.49652899999637	196.0002874670883
179.80228499998339	196.0002874670883
180.10904600005597	196.0002874670883
180.41617800004315	108.99994368336243
180.6154749999987	108.99994368336243
181.166242999956	108.99994368336243
181.71679900004528	108.99994368336243
182.26721399999224	108.99994368336243
182.81739400001243	108.99994368336243
183.36760600004345	108.99994368336243
183.91821499995422	108.99994368336243
184.44519899995066	160.0
184.73930699995253	160.0
185.11419500003103	160.0
185.48961399996188	160.0
185.8633850000333	160.0
186.2385560000548	61.0
186.2861209999537	61.0
187.26975199999288	61.0
188.25363699998707	61.0
189.23693400004413	61.0
190.22054999996908	195.000195000195
190.47718399995938	195.000195000195
190.78513500001281	195.000195000195
191.09291500004474	195.000195000195
191.40025599999353	195.000195000195
191.70795399998315	195.000195000195
192.01584899995942	195.000195000195
192.32340700004715	195.000195000195
192.6309599999804	195.000195000195
192.93897200003266	195.000195000195
193.2464120000368	195.000195000195
193.55401800002437	195.000195000195
193.86200399999507	195.000195000195
194.16939399996772	195.000195000195
194.47724100004416	195.000195000195
194.78565800003707	195.000195000195
195.09281399997417	195.000195000195
195.4003139999695	195.000195000195
195.70796100003645	195.000195000195
196.01574000006076	195.000195000195
196.3235730000306	195.000195000195
196.6310930000618	195.000195000195
196.93905399995856	195.000195000195
197.24671900004614	195.000195000195
197.55410099995788	195.000195000195
197.86195900000166	195.000195000195
198.16951999999583	195.000195000195
198.47740299999714	195.000195000195
198.78541700006463	195.000195000195
199.0925130000105	195.000195000195
199.4004020000575	195.000195000195
199.70797600003425	195.000195000195
200.01562700001523	195.000195000195
200.32328899996355	195.000195000195
200.63102900004014	195.000195000195
200.93874799995683	195.000195000195
201.2463609999977	195.000195000195
201.5541760000633	195.000195000195
201.86200099997222	195.000195000195
202.16981600003783	195.000195000195
202.47729099995922	195.000195000195
202.7851929999888	195.000195000195
203.09265000000596	195.000195000195
203.400467999978	195.000195000195
203.70794700004626	195.000195000195
204.01560799998697	195.000195000195
204.32337100000586	195.000195000195
204.63095799996518	195.000195000195
204.9389230000088	195.000195000195
205.2467160000233	195.000195000195
205.55404800001998	195.000195000195
205.8620649999939	195.000195000195
206.16958099999465	195.000195000195
206.47711700003128	195.000195000195
206.78493099997286	195.000195000195
207.09250699996483	195.000195000195
207.40049999998882	195.000195000195
207.70782000001054	195.000195000195
208.01589599996805	195.000195000195
208.32383899996057	195.000195000195
208.6309159999946	195.000195000195
208.93864599999506	195.000195000195
209.2463459999999	195.000195000195
209.55422399996314	195.000195000195
209.86194299999624	195.000195000195
210.1695319999708	195.000195000195
210.47717600001488	195.000195000195
210.7851110000629	195.000195000195
211.0927720000036	195.000195000195
211.40025000006426	195.000195000195
211.7080090000527	195.000195000195
212.0155870000599	195.000195000195
212.32333399995696	195.000195000195
212.6314850000199	195.000195000195
212.93898800003808	195.000195000195
213.2464799999725	195.000195000195
213.55411500006448	195.000195000195
213.86198100005277	195.000195000195
214.1684439999517	195.000195000195
214.47594499995466	195.000195000195
214.78507099999115	195.000195000195
215.09111599996686	195.000195000195
215.39861699996982	195.000195000195
215.7063639999833	195.000195000195
216.0157950000139	195.000195000195
216.32317900005728	195.000195000195
216.6294019999914	195.000195000195
216.9383669999661	195.000195000195
217.2448860000586	195.000195000195
217.5525449999841	195.000195000195
217.8604879999766	195.000195000195
218.16787400003523	195.000195000195
218.47571200004313	195.000195000195
218.7832280000439	195.000195000195
219.09092800004873	195.000195000195
219.39873500005342	195.000195000195
219.70631599996705	195.000195000195
220.0149509999901	195.000195000195
220.32196299999487	195.000195000195
220.62943800003268	195.000195000195
220.93741600005887	195.000195000195
221.24473999999464	195.000195000195
221.55287799995858	195.000195000195
221.8608879999956	195.000195000195
222.16785399999935	195.000195000195
222.47553399996832	195.000195000195
222.78483999997843	195.000195000195
223.0919490000233	195.000195000195
223.39864000002854	195.000195000195
223.70642800000496	195.000195000195
224.01415299996734	195.000195000195
224.3232190000126	195.000195000195
224.6296550000552	195.000195000195
224.9371899999678	195.000195000195
225.2458859999897	195.000195000195
225.5525149999885	195.000195000195
225.86075999995228	195.000195000195
226.1679380000569	195.000195000195
226.4755090000108	195.000195000195
226.7833480000263	195.000195000195
227.0922230000142	195.000195000195
227.39945000002626	195.000195000195
227.7063260000432	195.000195000195
228.01431899995077	195.000195000195
228.32252399995923	195.000195000195
228.62947599997278	195.000195000195
228.93714299995918	195.000195000195
229.24525100004394	195.000195000195
229.55254900001455	195.000195000195
229.86022300005425	195.000195000195
230.16849299997557	195.000195000195
230.47567099996377	195.000195000195
230.783265999984	195.000195000195
231.09142399998382	195.000195000195
231.3987119999947	195.000195000195
231.70630600000732	195.000195000195
232.0158320000628	195.000195000195
232.32176800002344	195.000195000195
232.62977800006047	195.000195000195
232.9371889999602	195.000195000195
233.24547299998812	195.000195000195
233.55255599995144	195.000195000195
233.8613469999982	195.000195000195
234.1683549999725	195.000195000195
234.47568200004753	195.000195000195
234.78338200005237	195.000195000195
235.09170700004324	195.000195000195
235.39881000004243	195.000195000195
235.70649899996351	195.000195000195
236.0140540000284	195.000195000195
236.32170700002462	195.000195000195
236.63031200005207	195.000195000195
236.93743499997072	195.000195000195
237.24545100005344	195.000195000195
237.55250900005922	195.000195000195
237.8602429999737	195.000195000195
238.16848400002345	195.000195000195
238.47566900006495	195.000195000195
238.78423200000543	195.000195000195
239.09096199995838	195.000195000195
239.3991499999538	195.000195000195
239.70644700003322	195.000195000195
240.0146470000036	195.000195000195


3.997410999960266	120.0
4.490428999997675	120.0
4.500301999971271	120.0
5.000518999993801	120.0
5.500279000028968	120.0
6.000304999994114	120.0
6.502189000020735	120.0
7.002659999998286	120.0
7.50181899999734	120.0
8.001113999984227	120.0
8.50168800004758	120.0
9.001002999953926	120.0
9.501593000022694	120.0
10.000520000001416	120.0
10.502493000007235	120.0
11.000364999985322	120.0
11.500622999970801	120.0
12.00198099995032	120.0
12.501632999978028	120.0
13.000831000041217	120.0
13.50087099999655	120.0
14.000608999980614	120.0
14.500314000062644	120.0
15.000221000052989	120.0
15.50177099998109	120.0
16.00115599995479	120.0
16.502052000025287	120.0
17.000898999976926	120.0
17.50221700000111	120.0
18.00248200003989	120.0
18.501094999955967	120.0
19.001491000060923	120.0
19.50124200002756	120.0
20.001967999967746	120.0
20.500960999983363	120.0
21.00032300001476	120.0
21.50044199998956	120.0
22.000668999971822	120.0
22.501995000056922	120.0
23.00199999997858	120.0
23.502087000058964	120.0
24.003454999998212	120.0
24.501279999967664	120.0
25.000865999958478	120.0
25.501289000036195	120.0
26.001702000037767	120.0
26.50111499999184	120.0
27.002317999955267	120.0
27.500529999961145	120.0
28.000852999975905	120.0
28.500572000048123	120.0
29.011991000035778	120.0
29.501368000055663	120.0
30.003089000005275	120.0
30.501000000047497	80.0
30.73829999996815	80.0
31.4789710000623	80.0
32.22921500005759	80.0
32.978147999965586	80.0
33.72886499995366	80.0
34.47820000001229	78.9999657666815
34.48395400005393	78.9999657666815
35.242795999976806	78.9999657666815
36.003894999972545	78.9999657666815
36.73792200000025	183.99997546666995
37.01835000002757	183.99997546666995
37.34457499999553	183.99997546666995
37.67059900006279	183.99997546666995
37.997045999974944	183.99997546666995
38.3227219999535	183.99997546666995
38.64968599996064	183.99997546666995
38.975233000004664	183.99997546666995
39.30387800000608	183.99997546666995
39.62768699997105	183.99997546666995
39.95391300006304	183.99997546666995
40.279087999952026	48.9999918333347
40.99744800000917	48.9999918333347
42.225894000031985	160.99991681670966
42.53573700005654	160.99991681670966
42.907946999999695	160.99991681670966
43.28136500006076	160.99991681670966
43.6532929999521	160.99991681670966
44.02630100003444	160.99991681670966
44.40110699995421	160.99991681670966
44.77178900002036	160.99991681670966
45.143998999963515	160.99991681670966
45.51674999995157	160.99991681670966
45.889193000039086	160.99991681670966
46.262159000034444	40.0
46.71085300005507	40.0
48.21076599997468	102.0
48.76735300000291	102.0
49.35530000005383	102.0
49.943452000035904	102.0
50.53162699996028	102.0
51.12034100003075	102.0
51.70886300003622	102.0
52.296410999959335	80.0
52.350976999965496	80.0
53.102650000015274	80.0
53.85089700005483	80.0
54.60241799999494	152.99994645001874
54.76632699999027	152.99994645001874
55.15851300000213	152.99994645001874
55.55067100003362	152.99994645001874
55.9428290000651	152.99994645001874
56.335146000026725	152.99994645001874
56.72714199998882	152.99994645001874
57.12059000006411	152.99994645001874
57.511484000016935	152.99994645001874
57.903636000002734	152.99994645001874
58.29582700005267	115.0
58.34677000006195	115.0
58.86871599999722	115.0
59.390237999963574	115.0
59.91380800004117	115.0
60.43394300004002	82.00003553334874
60.58153199998196	82.00003553334874
61.3130189999938	82.00003553334874
62.04460200003814	82.00003553334874
62.776597999967635	82.00003553334874
63.507901999983005	82.00003553334874
64.24107300001197	156.9998377668343
64.57214599999133	156.9998377668343
64.95502500003204	156.9998377668343
65.33660000003874	156.9998377668343
65.71970000001602	156.9998377668343
66.10084500000812	154.99990958338608
66.48874699999578	154.99990958338608
66.87523999996483	154.99990958338608
67.26232199999504	154.99990958338608
67.64939799997956	154.99990958338608
68.03641800000332	154.99990958338608
68.4235359999584	154.99990958338608
68.81061599997338	154.99990958338608
69.19807599997148	154.99990958338608
69.58509700000286	154.99990958338608
69.97187600005418	154.99990958338608
70.35975699999835	53.000022083342536
70.8889640000416	53.000022083342536
72.01943600003142	53.000022083342536
73.15156999998726	157.999931533363
73.22269399999641	157.999931533363
73.60245500004385	157.999931533363
73.9821360000642	157.999931533363
74.36196700006258	157.999931533363
74.74161200004164	157.999931533363
75.12259399995673	157.999931533363
75.50277500005905	157.999931533363
75.88147000002209	157.999931533363
76.26115200005006	151.99993920002433
76.2674180000322	151.99993920002433
76.66124000004493	151.99993920002433
77.05664500000421	151.99993920002433
77.45239200000651	151.99993920002433
77.84570199996233	151.99993920002433
78.24058400001377	101.0
78.31523700000253	101.0
78.90902599995025	101.0
79.5032989999745	101.0
80.09704300004523	101.0
80.69161300000269	101.0
81.28582700004335	101.0
81.87935299996752	101.0
82.47386999998707	200.0
82.58862699999008	200.0
82.88805599999614	200.0
83.18885399994906	200.0
83.48774300003424	200.0
83.78792699996848	200.0
84.0878429999575	200.0
84.38765699998476	32.99999670000033
85.87805100006517	32.99999670000033
87.69632700004149	32.99999670000033
89.5143280000193	86.0
90.03676100005396	86.0
90.73494300001767	151.99993920002433
90.85428800003137	151.99993920002433
91.24868499999866	151.99993920002433
91.64524800004438	151.99993920002433
92.03747900004964	151.99993920002433
92.43276400002651	151.99993920002433
92.82831100001931	151.99993920002433
93.22220499999821	151.99993920002433
93.61673000000883	151.99993920002433
94.01219499995932	151.99993920002433
94.4065160000464	160.99991681670966
94.76285100006498	160.99991681670966
95.13455099996645	160.99991681670966
95.50769600004423	160.99991681670966
95.88036299997475	160.99991681670966
96.25326300004963	88.00002346667293
96.37731600005645	88.00002346667293
97.05871100001968	88.00002346667293
97.74048899998888	88.00002346667293
98.42194300005212	88.00002346667293
99.10449100006372	88.00002346667293
99.78645200002939	88.00002346667293
100.46753300004639	45.99999386666749
100.79562700004317	45.99999386666749
102.1014659999637	45.99999386666749
103.40437700005714	126.000126000126
103.56342500005849	126.000126000126
104.03980999998748	126.000126000126
104.515521000023	126.000126000126
104.99062900000717	126.000126000126
105.46678400004748	126.000126000126
105.94328999996651	126.000126000126
106.42056100000627	140.00014000014
106.82349600002635	140.00014000014
107.25195099995472	140.00014000014
107.68111000000499	140.00014000014
108.11105700000189	140.00014000014
108.538365000044	120.0
108.60175699996762	120.0
109.09921000001486	120.0
109.59998900000937	120.0
110.10040300001856	120.0
110.60004499997012	120.0
111.10034700005781	120.0
111.60011300002225	120.0
112.1008290000027	120.0
112.59932100004517	65.99999340000066
112.96450200001709	65.99999340000066
113.87377900001593	65.99999340000066
114.78278700006194	154.000154000154
114.82110800000373	154.000154000154
115.21050599997398	154.000154000154
115.59901700005867	154.000154000154
115.98887999996077	154.000154000154
116.37829200003762	154.000154000154
116.76800899999216	154.000154000154
117.15862100000959	154.000154000154
117.54721200000495	154.000154000154
117.9374410000164	154.000154000154
118.32681600004435	39.0
118.784244999988	39.0
120.32269299996551	156.9998377668343
120.5522270000074	156.9998377668343
120.93449400004465	156.9998377668343
121.31583900004625	156.9998377668343
121.69768300000578	156.9998377668343
122.08160200004932	156.9998377668343
122.46200900000986	156.9998377668343
122.84437499998603	156.9998377668343
123.22650800005067	156.9998377668343
123.60979699995369	156.9998377668343
123.9918909999542	156.9998377668343
124.37380900001153	140.00014000014
124.3938049999997	140.00014000014
124.82253400003538	140.00014000014
125.2504960000515	140.00014000014
125.67945399996825	140.00014000014
126.08532199996989	140.00014000014
126.51393999997526	116.99988885010559
126.5820539999986	116.99988885010559
127.09429499995895	116.99988885010559
127.60744599997997	116.99988885010559
128.1199519999791	116.99988885010559
128.63267600000836	116.99988885010559
129.1459399999585	116.99988885010559
129.6587320000399	116.99988885010559
130.17112499999348	69.00001725000432
130.21713700005785	69.00001725000432
131.08671199996024	69.00001725000432
131.95617699995637	69.00001725000432
132.82586199999787	89.9999550000225
133.33688399998937	89.9999550000225
134.0035200000275	89.9999550000225
134.67088500002865	89.9999550000225
135.3369670000393	89.9999550000225
136.00356400001328	89.9999550000225
136.67079400003422	45.000011250002814
137.14789400005247	45.000011250002814
138.48122099996544	42.0
138.51202799996827	42.0
139.9340539999539	42.0
141.3632229999639	42.0
142.79124699998647	157.999931533363
143.05469200003427	157.999931533363
143.4345360000152	157.999931533363
143.8142630000366	157.999931533363
144.1940160000231	67.99999546666697
144.2702190000564	67.99999546666697
145.15219799999613	67.99999546666697
146.0343850000063	67.99999546666697
146.91719399997965	67.99999546666697
147.80165300006047	67.99999546666697
148.681821999955	135.0
148.861065999954	135.0
149.3048069999786	135.0
149.74924000003375	135.0
150.193682000041	156.9998377668343
150.56580199999735	156.9998377668343
150.94854699994903	156.9998377668343
151.33078099996783	156.9998377668343
151.7129460000433	156.9998377668343
152.09461200004444	156.9998377668343
152.47684799996205	156.9998377668343
152.85890300001483	156.9998377668343
153.24173600005452	156.9998377668343
153.62456599995494	156.9998377668343
154.00572500005364	156.9998377668343
154.38833200000226	196.0002874670883
154.6686729999492	196.0002874670883
154.9751620000461	196.0002874670883
155.28117299999576	196.0002874670883
155.5874720000429	196.0002874670883
155.89422899996862	196.0002874670883
156.2003160000313	32.99999670000033
156.44577300001401	32.99999670000033
158.26369399996474	32.99999670000033
160.08353499998339	32.99999670000033
161.90006600006018	215.99982720013824
162.0884950000327	215.99982720013824
162.36517000000458	135.000135000135
162.4821140000131	135.000135000135
162.92638299998362	135.000135000135
163.37085900001694	135.000135000135
163.81532699998934	135.000135000135
164.25979000004008	135.000135000135
164.70431299996562	135.000135000135
165.14896599994972	135.000135000135
165.59341800003313	135.000135000135
166.03822200000286	135.000135000135
166.48193100001663	157.999931533363
166.81524100003298	157.999931533363
167.19435899995733	157.999931533363
167.57568799995352	157.999931533363
167.95506800001021	157.999931533363
168.3362109999871	219.0
168.5585780000547	219.0
168.83451299997978	219.0
169.10665800003335	219.0
169.38046799995936	219.0
169.65434000000823	219.0
169.92933499999344	219.0
170.2026430000551	219.0
170.47731700004078	219.0
170.7523570000194	219.0
171.02582099998835	219.0
171.29865600005724	219.0
171.57233400002588	219.0
171.8470400000224	219.0
172.1203459999524	219.0
172.3960809999844	150.99999748333337
172.49935800000094	150.99999748333337
172.89642500004265	150.99999748333337
173.29561000003014	150.99999748333337
173.69119399995543	150.99999748333337
174.0886279999977	150.99999748333337
174.48613600002136	186.9997756002693
174.75404499995057	186.9997756002693
175.06613499997184	186.9997756002693
175.39467099995818	186.9997756002693
175.70754800003488	186.9997756002693
176.02838000003248	186.9997756002693
176.34916300000623	186.9997756002693
176.6711330000544	186.9997756002693
176.99259999999776	186.9997756002693
177.31507000001147	186.9997756002693
177.63282399997115	186.9997756002693
177.95357400004286	186.9997756002693
178.27419100003317	196.0
178.57794500002638	196.0
178.88527900003828	196.0
179.18991199997254	196.0
179.49674900004175	196.0
179.802107000025	196.0
180.10880899999756	196.0
180.4158710000338	108.99994368336243
180.6154749999987	108.99994368336243
181.16642999998294	108.99994368336243
181.7172900000587	108.99994368336243
182.2678340000566	108.99994368336243
182.81716500001494	108.99994368336243
183.3678760000039	108.99994368336243
183.91843099996913	108.99994368336243
184.46870399999898	160.0
184.76281200000085	160.0
185.13758400001097	160.0
185.5134529999923	160.0
185.88787700003013	160.0
186.23777400003746	160.0
186.6119320000289	60.99997255001235
187.26881699997466	60.99997255001235
188.25165400002152	60.99997255001235
189.23542300006375	60.99997255001235
190.21899600001052	195.000195000195
190.47556799999438	195.000195000195
190.78538799996022	195.000195000195
191.09092200000305	195.000195000195
191.39870599994902	195.000195000195
191.70634300005622	195.000195000195
192.01456399995368	195.000195000195
192.32174499996472	195.000195000195
192.62969600001816	195.000195000195
192.93730999995023	195.000195000195
193.24478399998043	195.000195000195
193.55382100003771	195.000195000195
193.8606879999861	195.000195000195
194.16897100000642	195.000195000195
194.4755620000651	195.000195000195
194.7855640000198	195.000195000195
195.09282599994913	195.000195000195
195.39997799997218	195.000195000195
195.70637799997348	195.000195000195
196.01574000006076	195.000195000195
196.32166400004644	195.000195000195
196.62941100005992	195.000195000195
196.93748900003266	195.000195000195
197.24481599999126	195.000195000195
197.55411300004926	195.000195000195
197.8603150000563	195.000195000195
198.16867100005038	195.000195000195
198.47606999997515	195.000195000195
198.78541700006463	195.000195000195
199.09223199996632	195.000195000195
199.39923900004942	195.000195000195
199.70654599997215	195.000195000195
200.01525000005495	195.000195000195
200.32327900000382	195.000195000195
200.6308780000545	195.000195000195
200.93816899997182	195.000195000195
201.24483700003475	195.000195000195
201.5524339999538	195.000195000195
201.86055099999066	195.000195000195
202.16793400002643	195.000195000195
202.4755770000629	195.000195000195
202.783637000015	195.000195000195
203.0918740000343	195.000195000195
203.3985859999666	195.000195000195
203.70701400004327	195.000195000195
204.01419000001624	195.000195000195
204.32338299998082	195.000195000195
204.62942300003488	195.000195000195
204.93771600001492	195.000195000195
205.24489800003357	195.000195000195
205.5538050000323	195.000195000195
205.8603529999964	195.000195000195
206.16877999994904	195.000195000195
206.4755629999563	195.000195000195
206.78416799998377	195.000195000195
207.09245600004215	195.000195000195
207.39888100000098	195.000195000195
207.70631399995182	195.000195000195
208.0140769999707	195.000195000195
208.32379399996717	195.000195000195
208.62956300005317	195.000195000195
208.9370330000529	195.000195000195
209.2448710000608	195.000195000195
209.55280299996957	195.000195000195
209.86199700005818	195.000195000195
210.16796500002965	195.000195000195
210.47575700003654	195.000195000195
210.78333600005135	195.000195000195
211.0927480000537	195.000195000195
211.39859899994917	195.000195000195
211.7070379999932	195.000195000195
212.015417000046	195.000195000195
212.3227200000547	195.000195000195
212.6294629999902	195.000195000195
212.93714799999725	195.000195000195
213.2447069999762	195.000195000195
213.55326099996455	195.000195000195
213.86047600000165	195.000195000195
214.1684439999517	195.000195000195
214.4759250000352	195.000195000195
214.78510300000198	195.000195000195
215.0912229999667	195.000195000195
215.3985330000287	195.000195000195
215.7063639999833	195.000195000195
216.01578300003894	195.000195000195
216.3231669999659	195.000195000195
216.62936999998055	195.000195000195
216.93795799999498	195.000195000195
217.24456999998074	195.000195000195
217.55199199996423	195.000195000195
217.86046100000385	195.000195000195
218.16743000003044	195.000195000195
218.47531200002413	195.000195000195
218.78291900001932	195.000195000195
219.09057500003837	195.000195000195
219.39875199995004	195.000195000195
219.7059270000318	195.000195000195
220.01505699998233	195.000195000195
220.32161400001496	195.000195000195
220.62898100004531	195.000195000195
220.93782400002237	195.000195000195
221.24447200004943	195.000195000195
221.55287799995858	195.000195000195
221.86086899996735	195.000195000195
222.16736299998593	195.000195000195
222.47505999996793	195.000195000195
222.78487900004257	195.000195000195
223.0919490000233	195.000195000195
223.39817699999548	195.000195000195
223.7061189999804	195.000195000195
224.01355499995407	195.000195000195
224.32330299995374	195.000195000195
224.62966400000732	195.000195000195
224.93667199998163	195.000195000195
225.24586200003978	195.000195000195
225.55210600001737	195.000195000195
225.86113400000613	195.000195000195
226.1673769999761	195.000195000195
226.4754579999717	195.000195000195
226.782925000065	195.000195000195
227.0922230000142	195.000195000195
227.399430999998	195.000195000195
227.70617600006517	195.000195000195
228.01359099999536	195.000195000195
228.32252399995923	195.000195000195
228.629031999968	195.000195000195
228.93692799995188	195.000195000195
229.2452930000145	195.000195000195
229.55219399998896	195.000195000195
229.85971200000495	195.000195000195
230.1678799999645	195.000195000195
230.4751460000407	195.000195000195
230.78299700003117	195.000195000195
231.09142399998382	195.000195000195
231.39814499998465	195.000195000195
231.70632899994962	195.000195000195
232.01578200003132	195.000195000195
232.32124299998395	195.000195000195
232.62972299999092	195.000195000195
232.93662199995015	195.000195000195
233.24551300005987	195.000195000195
233.5520340000512	195.000195000195
233.8613469999982	195.000195000195
234.1683549999725	195.000195000195
234.47516799997538	195.000195000195
234.78285299998242	195.000195000195
235.09170700004324	195.000195000195
235.39823399996385	195.000195000195
235.70649899996351	195.000195000195
236.01350800006185	195.000195000195
236.3212760000024	195.000195000195
236.63033399998676	195.000195000195
236.93743499997072	195.000195000195
237.24545100005344	195.000195000195
237.55207500001416	195.000195000195
237.85990599996876	195.000195000195
238.16824899998028	195.000195000195
238.47532099997625	195.000195000195
238.78402699995786	195.000195000195
239.0906289999839	195.000195000195
239.39916999998968	195.000195000195
239.70644700003322	195.000195000195
240.01362199999858	195.000195000195


5.998021999956109	120.0
6.493184000020847	120.0
6.5020080000394955	120.0
7.00236899999436	120.0
7.50205700006336	120.0
8.000782000017352	120.0
8.501172999967821	120.0
9.00146100006532	120.0
9.501043000025675	120.0
10.000838999985717	120.0
10.502164999954402	120.0
11.000802000053227	120.0
11.500600000028498	120.0
12.00199000001885	120.0
12.502081000013277	120.0
13.001115999999456	120.0
13.500387000036426	120.0
14.000251000048593	120.0
14.500780000002123	120.0
15.001491000060923	120.0
15.502169999992475	120.0
16.001311999978498	120.0
16.50204000005033	120.0
17.001111999968998	120.0
17.50241900002584	120.0
18.00233200006187	120.0
18.50135300005786	120.0
19.00176300003659	120.0
19.501060000038706	120.0
20.001743000000715	120.0
20.50091699999757	120.0
21.000668999971822	120.0
21.50079600000754	120.0
22.00120599998627	120.0
22.502715999959037	120.0
23.001781000057235	120.0
23.501848999992944	120.0
24.00344000000041	120.0
24.50176500005182	120.0
25.001098999986425	120.0
25.50111499999184	120.0
26.001464999979362	120.0
26.50110200000927	120.0
27.002391000045463	120.0
27.500543999951333	120.0
28.00095799996052	120.0
28.500688000000082	120.0
29.012822999968193	120.0
29.501872000051662	120.0
30.002686999971047	120.0
30.5008229999803	80.0
30.737823999952525	80.0
31.478373000049032	80.0
32.228972999961115	80.0
32.97835300001316	80.0
33.72915999998804	80.0
34.47915799997281	78.9999657666815
34.48351000004914	78.9999657666815
35.242795999976806	78.9999657666815
36.00393799995072	78.9999657666815
36.76188600005116	183.99997546666995
37.04365200002212	183.99997546666995
37.36944300006144	183.99997546666995
37.69533000001684	183.99997546666995
38.02249500004109	183.99997546666995
38.34748400002718	183.99997546666995
38.67344399995636	183.99997546666995
39.00094000005629	183.99997546666995
39.32571000000462	183.99997546666995
39.6522549999645	183.99997546666995
39.97777200001292	183.99997546666995
40.30400700005703	48.9999918333347
41.0224660000531	48.9999918333347
42.24771599995438	161.0
42.55987899994943	161.0
42.93467700004112	161.0
43.305517000029795	161.0
43.68084100005217	161.0
44.05081100005191	161.0
44.423408000031486	161.0
44.79599899996538	161.0
45.16872399998829	161.0
45.54176199994981	161.0
45.91383600002155	161.0
46.286650000023656	161.0
46.660458000027575	40.0
46.73546800005715	40.0
48.23560100002214	102.0000510000255
48.793199000065215	102.0000510000255
49.380137000000104	102.0000510000255
49.96804000006523	102.0000510000255
50.561664000037126	102.0000510000255
51.15662300004624	102.0000510000255
51.732841999968514	102.0000510000255
52.321226999978535	80.0
52.37569200003054	80.0
53.12602500000503	80.0
53.878950000042096	80.0
54.625748999998905	152.99994645001874
54.791540000005625	152.99994645001874
55.18552900000941	152.99994645001874
55.575947999954224	152.99994645001874
55.96770999999717	152.99994645001874
56.361344999982975	152.99994645001874
56.75221900001634	152.99994645001874
57.14472199999727	152.99994645001874
57.53677899995819	152.99994645001874
57.9434370000381	152.99994645001874
58.32086400000844	115.00002875000719
58.37375999998767	115.00002875000719
58.89388400001917	115.00002875000719
59.41525299998466	115.00002875000719
59.93819500005338	115.00002875000719
60.45860100002028	82.00003553334874
60.60649699997157	82.00003553334874
61.33830800000578	82.00003553334874
62.07040500000585	82.00003553334874
62.801406000042334	82.00003553334874
63.534862000029534	82.00003553334874
64.26443300000392	156.9998377668343
64.57238400005735	156.9998377668343
64.95528500003275	156.9998377668343
65.33697000006214	156.9998377668343
65.7194840000011	156.9998377668343
66.10065499995835	154.99990958338608
66.48850600002334	154.99990958338608
66.87546100001782	154.99990958338608
67.26259599998593	154.99990958338608
67.64963500003796	154.99990958338608
68.03665400005411	154.99990958338608
68.42387900000904	154.99990958338608
68.81090100004803	154.99990958338608
69.19840999995358	154.99990958338608
69.58535499998834	154.99990958338608
69.97217199997976	154.99990958338608
70.3600279999664	53.000022083342536
70.88858799997251	53.000022083342536
72.0196579999756	53.000022083342536
73.15191899996717	158.0
73.22313900000881	158.0
73.60286500002258	158.0
73.98174299998209	158.0
74.36161100002937	158.0
74.74143499997444	158.0
75.12240200000815	158.0
75.50268899998628	158.0
75.8812789999647	158.0
76.26164599996991	151.99993920002433
76.2670550000621	151.99993920002433
76.66149600001518	151.99993920002433
77.05648499995004	151.99993920002433
77.45186899998225	151.99993920002433
77.84542799997143	151.99993920002433
78.24072300002445	101.00006901671382
78.3154349999968	101.00006901671382
78.90902000002097	101.00006901671382
79.5034170000581	101.00006901671382
80.09733999997843	101.00006901671382
80.6915919999592	101.00006901671382
81.28583700000308	101.00006901671382
81.87983500002883	101.00006901671382
82.47398500004783	200.0
82.58868299995083	200.0
82.88798100000713	200.0
83.18881299998611	200.0
83.48863599996548	200.0
83.78777699999046	200.0
84.0878789999988	200.0
84.388134000008	32.99999670000033
85.87811299995519	32.99999670000033
87.69636299996637	32.99999670000033
89.51415299996734	86.00005160003096
90.03517000004649	86.00005160003096
90.73471800005063	151.99993920002433
90.8538379999809	151.99993920002433
91.24868499999866	151.99993920002433
91.64552599994931	151.99993920002433
92.03772599995136	151.99993920002433
92.43281899997965	151.99993920002433
92.82819799997378	151.99993920002433
93.22213200002443	151.99993920002433
93.6164979999885	151.99993920002433
94.01213799999095	151.99993920002433
94.40632099995855	160.99991681670966
94.76285100006498	160.99991681670966
95.13488300004974	160.99991681670966
95.50796900002751	160.99991681670966
95.87989099998958	160.99991681670966
96.25348900002427	88.00002346667293
96.37696200003847	88.00002346667293
97.05837600002997	88.00002346667293
97.74021499999799	88.00002346667293
98.42219599999953	88.00002346667293
99.10476100002415	88.00002346667293
99.78617099998519	88.00002346667293
100.4679349999642	45.99999386666749
100.79544200003147	45.99999386666749
102.10172000003513	45.99999386666749
103.40440500003751	126.0
103.56339500006288	126.0
104.03984600002877	126.0
104.51504099997692	126.0
104.99017000000458	126.0
105.46655899996404	126.0
105.9435339999618	126.0
106.42014599998947	140.00014000014
106.82324900000822	140.00014000014
107.25173200003337	140.00014000014
107.68169300002046	140.00014000014
108.10874199995305	140.00014000014
108.53815999999642	120.0
108.6010800000513	120.0
109.09921000001486	120.0
109.6003910000436	120.0
110.10049600002822	120.0
110.60027900000568	120.0
111.10001199995168	120.0
111.60035500000231	120.0
112.10061500000302	120.0
112.59917199995834	66.0
112.96470400004182	66.0
113.87355999997817	66.0
114.78247500001453	154.000154000154
114.82078299997374	154.000154000154
115.21078800002579	154.000154000154
115.59903599997051	154.000154000154
115.98861300002318	154.000154000154
116.37871700001415	154.000154000154
116.76800899999216	154.000154000154
117.15872900001705	154.000154000154
117.54700300004333	154.000154000154
117.93713299999945	154.000154000154
118.32681600004435	38.99998830000351
118.78414300002623	38.99998830000351
120.32282000000123	156.9998377668343
120.55186600005254	156.9998377668343
120.93482700001914	156.9998377668343
121.31547300005332	156.9998377668343
121.69758200005163	156.9998377668343
122.0812389999628	156.9998377668343
122.46232200006489	156.9998377668343
122.84413300000597	156.9998377668343
123.22681100002956	156.9998377668343
123.609582999954	156.9998377668343
123.99193799996283	156.9998377668343
124.3735619999934	140.00014000014
124.39344799995888	140.00014000014
124.82258499995805	140.00014000014
125.25048200006131	140.00014000014
125.67939699999988	140.00014000014
126.10778399999253	140.00014000014
126.53658099996392	116.99988885010559
126.60363699996378	116.99988885010559
127.11679000000004	116.99988885010559
127.62927400006447	116.99988885010559
128.14345299999695	116.99988885010559
128.6549220000161	116.99988885010559
129.16787100001238	116.99988885010559
129.68162699998356	116.99988885010559
130.1946450000396	116.99988885010559
130.70650900003966	69.00001725000432
131.10897800000384	69.00001725000432
131.97851599997375	69.00001725000432
132.84814699995331	90.0
133.359196000034	90.0
134.02588700002525	90.0
134.69258100003935	90.0
135.36063300003298	90.0
136.02583699999377	90.0
136.69394200004172	45.000011250002814
137.1711330000544	45.000011250002814
138.51612000004388	42.00001260000378
138.52839800005313	42.00001260000378
139.95669200003613	42.00001260000378
141.3851319999667	42.00001260000378
142.81561599997804	158.0
143.0873610000126	158.0
143.45676299999468	158.0
143.8364859999856	158.0
144.21632100001443	67.99999546666697
144.29249799996614	67.99999546666697
145.17420899996068	67.99999546666697
146.05723300005775	67.99999546666697
146.9389090000186	67.99999546666697
147.82143600005656	67.99999546666697
148.7036150000058	135.000135000135
148.88403299998026	135.000135000135
149.32718500006013	135.000135000135
149.773022999987	135.000135000135
150.21614400006365	156.9998377668343
150.58915100002196	156.9998377668343
150.9713070000289	156.9998377668343
151.35267299995758	156.9998377668343
151.73470599995926	156.9998377668343
152.11674600001425	156.9998377668343
152.49900399998296	156.9998377668343
152.88196300005075	156.9998377668343
153.26349300006405	156.9998377668343
153.64605400001165	156.9998377668343
154.02781600004528	156.9998377668343
154.41014399996493	196.0002874670883
154.6688650000142	196.0002874670883
154.9750050000148	196.0002874670883
155.281146000023	196.0002874670883
155.5871220000554	196.0002874670883
155.8945979999844	196.0002874670883
156.20011099998374	32.99999670000033
156.44571700005326	32.99999670000033
158.2634750000434	32.99999670000033
160.083403000026	32.99999670000033
161.90008699998725	215.99982720013824
162.09259799995925	215.99982720013824
162.3647349999519	135.0
162.4821660000598	135.0
162.9263890000293	135.0
163.37083200004417	135.0
163.81550500006415	135.0
164.25984900002368	135.0
164.70418000000063	135.0
165.14829000004102	135.0
165.5932599999942	135.0
166.03822200000286	135.0
166.48217500001192	157.999931533363
166.81503299996257	157.999931533363
167.19434699998237	157.999931533363
167.57570200006012	157.999931533363
167.95509000006132	157.999931533363
168.3356259999564	218.99968245046045
168.5588160000043	218.99968245046045
168.83459900005255	218.99968245046045
169.10639199998695	218.99968245046045
169.38071399996988	218.99968245046045
169.6547450000653	218.99968245046045
169.92953099997249	218.99968245046045
170.20288500003517	218.99968245046045
170.4770430000499	218.99968245046045
170.75210699997842	218.99968245046045
171.02627000003122	218.99968245046045
171.2991570000304	218.99968245046045
171.5722920000553	218.99968245046045
171.84694099996705	218.99968245046045
172.12001499999315	218.99968245046045
172.3960809999844	151.0
172.4995180000551	151.0
172.8965099999914	151.0
173.2958299999591	151.0
173.69143799995072	151.0
174.08849200000986	151.0
174.48568499996327	186.9997756002693
174.7518670000136	186.9997756002693
175.06663799996022	186.9997756002693
175.39237200003117	186.9997756002693
175.70806299999822	186.9997756002693
176.02838000003248	186.9997756002693
176.3489670000272	186.9997756002693
176.67080299998634	186.9997756002693
176.9906460000202	186.9997756002693
177.31526000006124	186.9997756002693
177.63305299996864	186.9997756002693
177.95316000003368	186.9997756002693
178.27519600000232	186.9997756002693
178.5955280000344	196.0002874670883
178.88503999996465	196.0002874670883
179.19012599997222	196.0002874670883
179.49629100004677	196.0002874670883
179.80245199997444	196.0002874670883
180.10904600005597	196.0002874670883
180.41620700003114	108.99994368336243
180.6156970000593	108.99994368336243
181.16622300003655	108.99994368336243
181.71703199995682	108.99994368336243
182.26764700002968	108.99994368336243
182.8175470000133	108.99994368336243
183.36760600004345	108.99994368336243
183.91821499995422	108.99994368336243
184.46861800004262	160.0
184.7626229999587	160.0
185.13760400004685	160.0
185.5139500000514	160.0
185.88787700003013	160.0
186.26292899996042	160.0
186.63848600001074	60.99997255001235
187.29415099998005	60.99997255001235
188.2774559999816	60.99997255001235
189.26327700004913	60.99997255001235
190.24490499997046	60.99997255001235
191.2284529999597	195.000195000195
191.42509300005622	195.000195000195
191.7322929999791	195.000195000195
192.04081399994902	195.000195000195
192.34832700004335	195.000195000195
192.65506600006483	195.000195000195
192.9634790000273	195.000195000195
193.2706280000275	195.000195000195
193.57934299996123	195.000195000195
193.88685700006317	195.000195000195
194.1942529999651	195.000195000195
194.50175399996806	195.000195000195
194.80904399999417	195.000195000195
195.11733100004494	195.000195000195
195.42449700005818	195.000195000195
195.73415599996224	195.000195000195
196.0405000000028	195.000195000195
196.3486490000505	195.000195000195
196.65532999997959	195.000195000195
196.9628579999553	195.000195000195
197.27174500003457	195.000195000195
197.57918300002348	195.000195000195
197.88591499999166	195.000195000195
198.19384299998637	195.000195000195
198.5012679999927	195.000195000195
198.80892500001937	195.000195000195
199.11683600000106	195.000195000195
199.42439199995715	195.000195000195
199.73295299999882	195.000195000195
200.0397660000017	195.000195000195
200.3483669999987	195.000195000195
200.6555170000065	195.000195000195
200.96360400004778	195.000195000195
201.27077499998268	195.000195000195
201.57910600001924	195.000195000195
201.88584700005595	195.000195000195
202.19604299997445	195.000195000195
202.50138300005347	195.000195000195
202.80999700003304	195.000195000195
203.11735299997963	195.000195000195
203.42449500004295	195.000195000195
203.73443800001405	195.000195000195
204.04028399998788	195.000195000195
204.3476929999888	195.000195000195
204.65503100003116	195.000195000195
204.96302699996158	195.000195000195
205.27093700005207	195.000195000195
205.578392000054	195.000195000195
205.8862309999531	195.000195000195
206.19355399999768	195.000195000195
206.5012450000504	195.000195000195
206.80893299996387	195.000195000195
207.11660800001118	195.000195000195
207.42429700004868	195.000195000195
207.73234900005627	195.000195000195
208.04011000005994	195.000195000195
208.34737900004257	195.000195000195
208.6555080000544	195.000195000195
208.96460499998648	195.000195000195
209.2721250000177	195.000195000195
209.5792890000157	195.000195000195
209.88582700002007	195.000195000195
210.1947490000166	195.000195000195
210.5013200000394	195.000195000195
210.80905100004748	195.000195000195
211.1166919999523	195.000195000195
211.42424399999436	195.000195000195
211.73202999995556	195.000195000195
212.03983699996024	195.000195000195
212.34745899995323	195.000195000195
212.6550130000105	195.000195000195
212.9629760000389	195.000195000195
213.27232900005765	195.000195000195
213.57817500003148	195.000195000195
213.88600499997847	195.000195000195
214.19572900002822	195.000195000195
214.50133500003722	195.000195000195
214.80903300002683	195.000195000195
215.1166029999731	195.000195000195
215.42434000002686	195.000195000195
215.73349699995015	195.000195000195
216.04002099996433	195.000195000195
216.3482709999662	195.000195000195
216.65535799995996	195.000195000195
216.96281599998474	195.000195000195
217.27054299996234	195.000195000195
217.57821800000966	195.000195000195
217.88588600000367	195.000195000195
218.19479099998716	195.000195000195
218.50264500000048	195.000195000195
218.81028099998366	195.000195000195
219.1167069999501	195.000195000195
219.4246259999927	195.000195000195
219.73211099999025	195.000195000195
220.04191100003663	195.000195000195
220.34739999996964	195.000195000195
220.65503799996804	195.000195000195
220.96446000004653	195.000195000195
221.2716960000107	195.000195000195
221.57813799998257	195.000195000195
221.88608500000555	195.000195000195
222.19382799998857	195.000195000195
222.5014380000066	195.000195000195
222.80967700004112	195.000195000195
223.11676200001966	195.000195000195
223.42469000001438	195.000195000195
223.7328850000631	195.000195000195
224.04061599995475	195.000195000195
224.34832900005858	195.000195000195
224.65541100001428	195.000195000195
224.96532199997455	195.000195000195
225.27111900004093	195.000195000195
225.57866100000683	195.000195000195
225.88579700002447	195.000195000195
226.19436700001825	195.000195000195
226.5017490000464	195.000195000195
226.80921400000807	195.000195000195
227.11675100005232	195.000195000195
227.42552499996964	195.000195000195
227.73227200005203	195.000195000195
228.04003799997736	195.000195000195
228.34752099995967	195.000195000195
228.65535000001546	195.000195000195
228.96277199999895	195.000195000195
229.27055799996015	195.000195000195
229.57813499995973	195.000195000195
229.8862070000032	195.000195000195
230.19446999998763	195.000195000195
230.50228100002278	195.000195000195
230.8102019999642	195.000195000195
231.1172169999918	195.000195000195
231.42424500000197	195.000195000195
231.73282499995548	195.000195000195
232.0397510000039	195.000195000195
232.3475900000194	195.000195000195
232.65538500004914	195.000195000195
232.96276200003922	195.000195000195
233.27190799999516	195.000195000195
233.5782589999726	195.000195000195
233.88609000004362	195.000195000195
234.19610699999612	195.000195000195
234.50328099995386	195.000195000195
234.81004400004167	195.000195000195
235.11673700006213	195.000195000195
235.4243509999942	195.000195000195
235.73319399997126	195.000195000195
236.0397360000061	195.000195000195
236.34856499999296	195.000195000195
236.65526899998076	195.000195000195
236.964568000054	195.000195000195
237.27221600001212	195.000195000195
237.57904700003564	195.000195000195
237.88578200002667	195.000195000195
238.19352299999446	195.000195000195
238.50138999999035	195.000195000195
238.80891699995846	195.000195000195
239.1171800000593	195.000195000195
239.42456800001673	195.000195000195
239.7320850000251	195.000195000195
240.03992400004063	195.000195000195


8.14099400001578	120.0
8.634332000045106	120.0
9.001673000049777	120.0
9.501312999986112	120.0
10.000539000029676	120.0
10.50220900005661	120.0
11.000583000015467	120.0
11.50075700005982	120.0
12.002444999990985	120.0
12.502008000039496	120.0
13.000441999989562	120.0
13.500355000025593	120.0
14.000430000014603	120.0
14.500944999977946	120.0
15.000751000014134	120.0
15.501504000043496	120.0
16.001502000028268	120.0
16.50224800000433	120.0
17.001292999950238	120.0
17.502191000035964	120.0
18.002550999983214	120.0
18.501668000011705	120.0
19.001923999981955	120.0
19.501462999964133	120.0
20.001404999988154	120.0
20.500543000060134	120.0
21.000896999961697	120.0
21.50044199998956	120.0
22.00099400000181	120.0
22.5024609999964	120.0
23.001781000057235	120.0
23.50183600001037	120.0
24.00368600001093	120.0
24.500625999993645	120.0
25.00120599998627	120.0
25.501216999953613	120.0
26.001813999959268	120.0
26.500823999987915	120.0
27.002521999995224	120.0
27.500289999996312	120.0
28.000488999998197	120.0
28.50035200000275	120.0
29.009655999951065	120.0
29.500423999968916	120.0
30.00288799998816	120.0
30.50086300005205	80.0
30.73810499999672	80.0
31.478860000032	80.0
32.22899299999699	80.0
32.978405999951065	80.0
33.72887700004503	80.0
34.47869899997022	79.0
34.48349699995015	79.0
35.24298500001896	79.0
36.00367400003597	79.0
36.76170599996112	183.99997546666995
37.043387999990955	183.99997546666995
37.369674999965355	183.99997546666995
37.695097999996506	183.99997546666995
38.02272000000812	183.99997546666995
38.34775399998762	183.99997546666995
38.67365999997128	183.99997546666995
39.00130000000354	183.99997546666995
39.325983999995515	183.99997546666995
39.652241999981925	183.99997546666995
39.978070999961346	183.99997546666995
40.279306999989785	48.9999918333347
40.99766999995336	48.9999918333347
42.225257999962196	48.9999918333347
43.44654899998568	160.99991681670966
43.65364699997008	160.99991681670966
44.026115000015125	160.99991681670966
44.398469000007026	160.99991681670966
44.77138900000136	160.99991681670966
45.14380700001493	160.99991681670966
45.51653400005307	160.99991681670966
45.88943400001153	160.99991681670966
46.26195299997926	160.99991681670966
46.63509100000374	40.0
46.7110859999666	40.0
48.21120300004259	40.0
49.71172599995043	102.0000510000255
49.943855999968946	102.0000510000255
50.5314650000073	102.0000510000255
51.11996799998451	102.0000510000255
51.708030999987386	102.0000510000255
52.29642300005071	80.0
52.350976999965496	80.0
53.10266199999023	80.0
53.85085499996785	80.0
54.602071000030264	153.0
54.766101000015624	153.0
55.1583999999566	153.0
55.5506779999705	153.0
55.94274600001518	153.0
56.33493500004988	153.0
56.727098000003025	153.0
57.120547999977134	153.0
57.511484000016935	153.0
57.903389999992214	153.0
58.29564200004097	115.00002875000719
58.3467070000479	115.00002875000719
58.868726999964565	115.00002875000719
59.39010800002143	115.00002875000719
59.9119649999775	115.00002875000719
60.43394300004002	82.00003553334874
60.58153199998196	82.00003553334874
61.312696999986656	82.00003553334874
62.044656999991275	82.00003553334874
62.776607000036165	82.00003553334874
63.5078640000429	82.00003553334874
64.24112599994987	157.0
64.54733199998736	157.0
64.92949100001715	157.0
65.31322999997064	157.0
65.69384800002445	157.0
66.077013000031	157.0
66.45811200002208	154.99990958338608
66.4632650000276	154.99990958338608
66.85124500002712	154.99990958338608
67.23754500003997	154.99990958338608
67.62472399999388	154.99990958338608
68.01165899995249	154.99990958338608
68.3990899999626	154.99990958338608
68.42431699996814	154.99990958338608
68.81087799998932	154.99990958338608
69.19804299995303	154.99990958338608
69.58540700003505	154.99990958338608
69.97187100001611	154.99990958338608
70.35999100003392	53.000022083342536
70.88858799997251	53.000022083342536
72.01968000002671	53.000022083342536
73.15198299998883	157.999931533363
73.22300700005144	157.999931533363
73.6024670000188	157.999931533363
73.98190799995791	157.999931533363
74.3617099999683	157.999931533363
74.74142099998426	157.999931533363
75.12238800001796	157.999931533363
75.50233200006187	157.999931533363
75.88126699998975	157.999931533363
76.26113500003703	151.99993920002433
76.26704399997834	151.99993920002433
76.6614680000348	151.99993920002433
77.05617500003427	151.99993920002433
77.45186899998225	151.99993920002433
77.84588599996641	151.99993920002433
78.24024499999359	101.00006901671382
78.31524599995464	101.00006901671382
78.90925799997058	101.00006901671382
79.5032989999745	101.00006901671382
80.09970599994995	101.00006901671382
80.69126999995206	101.00006901671382
81.28563599998597	101.00006901671382
81.8793730000034	101.00006901671382
82.47353600000497	200.0
82.58839200006332	200.0
82.88773099996615	200.0
83.18908300006296	200.0
83.48870300000999	200.0
83.78754900000058	200.0
84.08767300006002	200.0
84.38788699998986	33.0
85.87828299996909	33.0
87.69609700003639	33.0
89.51398899999913	86.00005160003096
90.03514299995732	86.00005160003096
90.73449499998242	151.99993920002433
90.85381700005382	151.99993920002433
91.24836700002197	151.99993920002433
91.64585400000215	151.99993920002433
92.03789599996526	151.99993920002433
92.43300299998373	151.99993920002433
92.8280870000599	151.99993920002433
93.22203299996909	151.99993920002433
93.61696200002916	151.99993920002433
94.01148600003216	151.99993920002433
94.40599300002214	161.0
94.76263200002722	161.0
95.13483800005633	161.0
95.50794699997641	161.0
95.88020699995104	161.0
96.25356800004374	88.00002346667293
96.37724900001194	88.00002346667293
97.05835499998648	88.00002346667293
97.7401270000264	88.00002346667293
98.42193099996075	88.00002346667293
99.10478499997407	88.00002346667293
99.78608600003645	88.00002346667293
100.46753300004639	45.99999386666749
100.79512899997644	45.99999386666749
102.10091300006025	45.99999386666749
103.40463000000454	126.000126000126
103.5637379999971	126.000126000126
104.03875000006519	126.000126000126
104.51505299995188	126.000126000126
104.99021700001322	126.000126000126
105.46661400003359	126.000126000126
105.94306399999186	126.000126000126
106.4201250000624	140.00014000014
106.82335099996999	140.00014000014
107.25202500005253	140.00014000014
107.68148599995766	140.00014000014
108.10879399999976	140.00014000014
108.53815999999642	120.0
108.6005329999607	120.0
109.0995689999545	120.0
109.60045500006527	120.0
110.10150500002783	120.0
110.60050099994987	120.0
111.10051100002602	120.0
111.60035500000231	120.0
112.10110900003929	120.0
112.59935200004838	65.99999340000066
112.96469199995045	65.99999340000066
113.873488000012	65.99999340000066
114.78295500006061	154.0
114.8209570000181	154.0
115.21025000000373	154.0
115.59931199997663	154.0
115.98862800002098	154.0
116.37859900004696	154.0
116.76775500003714	154.0
117.15990500000771	154.0
117.54740999999922	154.0
117.93755000003148	154.0
118.32704899995588	38.99998830000351
118.78448499995284	38.99998830000351
120.32310499995947	156.9998377668343
120.55208000005223	156.9998377668343
120.93450700002722	156.9998377668343
121.31568800006062	156.9998377668343
121.6977729999926	156.9998377668343
122.08142699999735	156.9998377668343
122.46251400001347	156.9998377668343
122.84410600003321	156.9998377668343
123.22653200000059	156.9998377668343
123.60979699995369	156.9998377668343
123.99166900001	156.9998377668343
124.37382099998649	140.0
124.39368400000967	140.0
124.82231499999762	140.0
125.25069799995981	140.0
125.6792279999936	140.0
126.10802799998783	140.0
126.53687099996023	116.99988885010559
126.6039050000254	116.99988885010559
127.11704200005624	116.99988885010559
127.62956300005317	116.99988885010559
128.14344000001438	116.99988885010559
128.65494100004435	116.99988885010559
129.1678949999623	116.99988885010559
129.68159399996512	116.99988885010559
130.19392800005153	116.99988885010559
130.68667399999686	69.00001725000432
131.08879299997352	69.00001725000432
131.95837100001518	69.00001725000432
132.82813799998257	89.9999550000225
133.33911499998067	89.9999550000225
134.00579099997412	89.9999550000225
134.67233099997975	89.9999550000225
135.33899600000586	89.9999550000225
136.00572600006126	89.9999550000225
136.672675000038	45.000011250002814
137.14990800002124	45.000011250002814
138.48366400005762	42.00001260000378
138.5139490000438	42.00001260000378
139.93614600005094	42.00001260000378
141.36501299997326	42.00001260000378
142.79335299995728	157.999931533363
143.05683999997564	157.999931533363
143.43656499998178	157.999931533363
143.81658900005277	157.999931533363
144.19662900001276	68.0
144.2715920000337	68.0
145.15396599995438	68.0
146.036335999961	68.0
146.91873400006443	68.0
147.80636000004597	68.0
148.68330200004857	135.000135000135
148.86290499998722	135.000135000135
149.30698999995366	135.000135000135
149.75139200000558	135.000135000135
150.1963720000349	156.9998377668343
150.56842799996957	156.9998377668343
150.95022100000642	156.9998377668343
151.33249599998817	156.9998377668343
151.71438500005752	156.9998377668343
152.09692499996163	156.9998377668343
152.47874000004958	156.9998377668343
152.86223800003063	156.9998377668343
153.2433449999662	156.9998377668343
153.62517200002912	156.9998377668343
154.0074279999826	156.9998377668343
154.3898620000109	196.0
154.6485640000319	196.0
154.9548219999997	196.0
155.26196899998467	196.0
155.56749499996658	196.0
155.87306999997236	196.0
156.18014199996833	32.99999670000033
156.4255800000392	32.99999670000033
158.2451590000419	32.99999670000033
160.06204400002025	32.99999670000033
160.08306600002106	32.99999670000033
161.8998460000148	215.99982720013824
162.08955799997784	215.99982720013824
162.36504900001455	135.000135000135
162.4818189999787	135.000135000135
162.9260929999873	135.000135000135
163.37060500006191	135.000135000135
163.81571900006384	135.000135000135
164.25957300001755	135.000135000135
164.7038510000566	135.000135000135
165.148555999971	135.000135000135
165.5932160000084	135.000135000135
166.03801100002602	135.000135000135
166.48167100001592	157.999931533363
166.81458000000566	157.999931533363
167.19462500000373	157.999931533363
167.57600600004662	157.999931533363
167.95595199998934	157.999931533363
168.33597200002987	218.99968245046045
168.55900000000838	218.99968245046045
168.8347950000316	218.99968245046045
169.10687100002542	218.99968245046045
169.38074100005906	218.99968245046045
169.6545600000536	218.99968245046045
169.92907700000796	218.99968245046045
170.2023909999989	218.99968245046045
170.47644999995828	218.99968245046045
170.75170200003777	218.99968245046045
171.0257950000232	218.99968245046045
171.29866600001696	218.99968245046045
171.5720839999849	218.99968245046045
171.846669999999	218.99968245046045
172.12046100001317	218.99968245046045
172.3958290000446	150.99999748333337
172.4990949999774	150.99999748333337
172.89625300001353	150.99999748333337
173.29531399998814	150.99999748333337
173.690866000019	150.99999748333337
174.08823700004723	150.99999748333337
174.48566899995785	187.0
174.75485100003425	187.0
175.06548400002066	187.0
175.39271799998824	187.0
175.70710700005293	187.0
176.02814900001977	187.0
176.3489749999717	187.0
176.6707699999679	187.0
176.99150000000373	187.0
177.31441800005268	187.0
177.63286600005813	187.0
177.95316000003368	187.0
178.2742899999721	187.0
178.5954469999997	196.0002874670883
178.88501199998427	196.0002874670883
179.1896780000534	196.0002874670883
179.49629100004677	196.0002874670883
179.80205100006424	196.0002874670883
180.10878000000957	196.0002874670883
180.4158710000338	108.99994368336243
180.61589699995238	108.99994368336243
181.166435000021	108.99994368336243
181.71703199995682	108.99994368336243
182.26744500000495	108.99994368336243
182.8173700000625	108.99994368336243
183.36805299995467	108.99994368336243
183.91867899999488	108.99994368336243
184.46845100005157	160.0
184.7626229999587	160.0
185.137837999966	160.0
185.5131850000471	160.0
185.88765000004787	160.0
186.26261900004465	160.0
186.6382450000383	60.99997255001235
187.29379599995445	60.99997255001235
188.2774559999816	60.99997255001235
189.262808999978	60.99997255001235
190.2446919999784	60.99997255001235
191.22821199998725	195.000195000195
191.42539700004272	195.000195000195
191.7325079999864	195.000195000195
192.0405000000028	195.000195000195
192.3480850000633	195.000195000195
192.655242000008	195.000195000195
192.96366200002376	195.000195000195
193.27064100001007	195.000195000195
193.5790730000008	195.000195000195
193.8865770000266	195.000195000195
194.1942529999651	195.000195000195
194.5017340000486	195.000195000195
194.80897500005085	195.000195000195
195.1171420000028	195.000195000195
195.42465000005905	195.000195000195
195.73446099995635	195.000195000195
196.0402999999933	195.000195000195
196.34837200003676	195.000195000195
196.65515400003642	195.000195000195
196.96304599998984	195.000195000195
197.27174500003457	195.000195000195
197.578925000038	195.000195000195
197.88591499999166	195.000195000195
198.19360999995843	195.000195000195
198.501229000045	195.000195000195
198.8089570000302	195.000195000195
199.11661599995568	195.000195000195
199.42465699999593	195.000195000195
199.73270199995022	195.000195000195
200.03994599997532	195.000195000195
200.3486559999874	195.000195000195
200.65512400004081	195.000195000195
200.96344800002407	195.000195000195
201.2705109999515	195.000195000195
201.57927800004836	195.000195000195
201.88608700002078	195.000195000195
202.19578499998897	195.000195000195
202.50170300004538	195.000195000195
202.80969699996058	195.000195000195
203.11705100000836	195.000195000195
203.4246849999763	195.000195000195
203.73419200000353	195.000195000195
204.04003100004047	195.000195000195
204.34793399996124	195.000195000195
204.65524600003846	195.000195000195
204.96283199999016	195.000195000195
205.27071299997624	195.000195000195
205.57817900006194	195.000195000195
205.88601699995343	195.000195000195
206.19379499997012	195.000195000195
206.50127100001555	195.000195000195
206.8088830000488	195.000195000195
207.1168840000173	195.000195000195
207.42480100004468	195.000195000195
207.73259300005157	195.000195000195
208.04011000005994	195.000195000195
208.34754600003362	195.000195000195
208.65526999998838	195.000195000195
208.9648520000046	195.000195000195
209.27235300000757	195.000195000195
209.57901600003242	195.000195000195
209.88607000000775	195.000195000195
210.19441700004973	195.000195000195
210.50122700002976	195.000195000195
210.80904199997894	195.000195000195
211.11690899997484	195.000195000195
211.42424399999436	195.000195000195
211.73199300002307	195.000195000195
212.04006899998058	195.000195000195
212.34765200002585	195.000195000195
212.65525299997535	195.000195000195
212.9627679999685	195.000195000195
213.27209900005255	195.000195000195
213.57838099997025	195.000195000195
213.8857540000463	195.000195000195
214.19567899999674	195.000195000195
214.50132200005464	195.000195000195
214.80903300002683	195.000195000195
215.11661100003403	195.000195000195
215.42425899999216	195.000195000195
215.73379399999976	195.000195000195
216.0397220000159	195.000195000195
216.34803600003943	195.000195000195
216.65538600005675	195.000195000195
216.96320300002117	195.000195000195
217.27053300000262	195.000195000195
217.57848200004082	195.000195000195
217.88616400002502	195.000195000195
218.1949940000195	195.000195000195
218.50265599996783	195.000195000195
218.810513000004	195.000195000195
219.11695100006182	195.000195000195
219.42435200000182	195.000195000195
219.73232599999756	195.000195000195
220.04062800004613	195.000195000195
220.3474129999522	195.000195000195
220.65530700003728	195.000195000195
220.9645020000171	195.000195000195
221.2716660000151	195.000195000195
221.57813799998257	195.000195000195
221.8858590000309	195.000195000195
222.1936589999823	195.000195000195
222.50123100006022	195.000195000195
222.80967700004112	195.000195000195
223.11679999995977	195.000195000195
223.42491000005975	195.000195000195
223.73348900000565	195.000195000195
224.04035300004762	195.000195000195
224.3480940000154	195.000195000195
224.6556560000172	195.000195000195
224.96500500000548	195.000195000195
225.2713999999687	195.000195000195
225.57875200000126	195.000195000195
225.88576099998318	195.000195000195
226.19433099997696	195.000195000195
226.5017490000464	195.000195000195
226.80895400000736	195.000195000195
227.11675100005232	195.000195000195
227.42527400003746	195.000195000195
227.73227899998892	195.000195000195
228.03978700004518	195.000195000195
228.34781599999405	195.000195000195
228.65535000001546	195.000195000195
228.96277199999895	195.000195000195
229.27055799996015	195.000195000195
229.57814800005872	195.000195000195
229.88621999998577	195.000195000195
230.1942229999695	195.000195000195
230.50228100002278	195.000195000195
230.8102019999642	195.000195000195
231.11724000005051	195.000195000195
231.42449799994938	195.000195000195
231.73279799998272	195.000195000195
232.03996500000358	195.000195000195
232.3478050000267	195.000195000195
232.6555759999901	195.000195000195
232.96278000005987	195.000195000195
233.2722800000338	195.000195000195
233.5785029999679	195.000195000195
233.8858590000309	195.000195000195
234.19587299996056	195.000195000195
234.50329300004523	195.000195000195
234.81004400004167	195.000195000195
235.11672299995553	195.000195000195
235.4243509999942	195.000195000195
235.73303100001067	195.000195000195
236.0397360000061	195.000195000195
236.34840999997687	195.000195000195
236.65503000002354	195.000195000195
236.96431199996732	195.000195000195
237.27195800002664	195.000195000195
237.57925099995919	195.000195000195
237.88596800004598	195.000195000195
238.19369900005404	195.000195000195
238.50146499997936	195.000195000195
238.80896299995948	195.000195000195
239.11721199995372	195.000195000195
239.42429600004107	195.000195000195
239.73201599996537	195.000195000195