0.0053659999975934625	120.0
0.5004690000787377	120.0
1.0004330000374466	120.0
1.5004500000504777	120.0
2.0009490000084043	120.0
2.5002950000343844	120.0
3.0011060000397265	120.0
3.501196000026539	120.0
4.000693000038154	120.0
4.500441999989562	120.0
5.000576000078581	120.0
5.500646000029519	120.0
6.000758000067435	120.0
6.500257999985479	120.0
7.001983000081964	120.0
7.500353000010364	120.0
8.003820999991149	120.0
8.500638000085019	120.0
9.00072100001853	120.0
9.501664999988861	120.0
10.000609000097029	120.0
10.500726000056602	120.0
11.001985999988392	120.0
11.500299000064842	120.0
12.000741000054404	120.0
12.50221900001634	120.0
13.001545000006445	120.0
13.500452000065707	120.0
14.00147800007835	120.0
14.500912000075914	120.0
15.000299000064842	120.0
15.500279000028968	120.0
16.002800000016578	120.0
16.500319999991916	120.0
17.001585000078194	120.0
17.5019490000559	120.0
18.00155300006736	120.0
18.502031999989413	120.0
19.002083000028506	120.0
19.500683000078425	120.0
20.001066000084393	120.0
20.500410000095144	120.0
21.001894999993965	120.0
21.5017419999931	120.0
22.001810000045225	120.0
22.500345000065863	120.0
23.00083999999333	120.0
23.500647000037134	120.0
24.00081300002057	120.0
24.500726000056602	120.0
25.001387000083923	120.0
25.500237000058405	120.0
26.001479000085965	120.0
26.50041700003203	120.0
27.001159999985248	120.0
27.500334999989718	120.0
28.001373999984935	80.99997165000993
28.109156000078656	80.99997165000993
28.84995400009211	80.99997165000993
29.590995000093244	80.99997165000993
30.331908000051044	129.0
30.586838999995962	129.0
31.052354000043124	129.0
31.517029000096954	129.0
31.983697000076063	129.0
32.44769000005908	129.0
32.9132100000279	129.0
33.377418000018224	129.0
33.84403000003658	147.0000955500621
34.243195999995805	147.0000955500621
34.65017500007525	147.0000955500621
35.05897300003562	147.0000955500621
35.46672700007912	147.0000955500621
35.87516100006178	147.0000955500621
36.28312000003643	160.99991681670966
36.6312180000823	160.99991681670966
37.004862000001594	160.99991681670966
37.37669200007804	160.99991681670966
37.749118000036106	160.99991681670966
38.12176200002432	160.99991681670966
38.494486000039615	160.99991681670966
38.867030000081286	160.99991681670966
39.23976200004108	160.99991681670966
39.612633000011556	160.99991681670966
39.985439000069164	199.0
40.24696900008712	199.0
40.54843200009782	199.0
40.85025500005577	199.0
41.15101400006097	199.0
41.45429000002332	199.0
41.75417500000913	199.0
42.056248000008054	165.000165000165
42.115431000012904	165.000165000165
42.47684900008608	165.000165000165
42.8418229999952	165.000165000165
43.2052670000121	165.000165000165
43.568365000071935	165.000165000165
43.93243700009771	165.000165000165
44.29549400007818	165.000165000165
44.65909900004044	165.000165000165
45.022284000064246	165.000165000165
45.38662000000477	165.000165000165
45.749487000051886	165.000165000165
46.113498000078835	50.0
46.519965999992564	50.0
47.71972000005189	50.0
48.91988200007472	187.99996240000752
49.04505300009623	187.99996240000752
49.363014000002295	187.99996240000752
49.682032000040635	187.99996240000752
50.00349300005473	187.99996240000752
50.320724999997765	187.99996240000752
50.63948200002778	187.99996240000752
50.95966400008183	187.99996240000752
51.27780000003986	187.99996240000752
51.596604000078514	187.99996240000752
51.91572900000028	85.00004250002125
52.075972000020556	85.00004250002125
52.781781000085175	85.00004250002125
53.487587000010535	85.00004250002125
54.19418200000655	85.00004250002125
54.898584000067785	143.99988480009216
55.18530200002715	143.99988480009216
55.60162700002547	143.99988480009216
56.01745000004303	143.99988480009216
56.434657000005245	143.99988480009216
56.8514060000889	143.99988480009216
57.26912800001446	143.99988480009216
57.684164999984205	143.99988480009216
58.101473000016995	75.99996960001216
58.36599900003057	75.99996960001216
59.15541500004474	75.99996960001216
59.94546600000467	32.0
60.137060000095516	32.0
62.01116400002502	32.0
63.886824000044726	102.0000510000255
64.42118100007065	102.0000510000255
65.00916500005405	102.0000510000255
65.59772600000724	102.0000510000255
66.18599400005769	187.99996240000752
66.33306000009179	187.99996240000752
66.65240500005893	187.99996240000752
66.97226200008299	187.99996240000752
67.29123900004197	187.99996240000752
67.61062100005802	187.99996240000752
67.92933300009463	187.99996240000752
68.2486060000956	187.99996240000752
68.56706100003794	187.99996240000752
68.88633600005414	187.99996240000752
69.20532200008165	187.99996240000752
69.52455000008922	187.99996240000752
69.84368600009475	208.0
70.12902100000065	208.0
70.4173530000262	208.0
70.70602700009476	208.0
70.99662900005933	208.0
71.282658000011	208.0
71.57245300000068	208.0
71.8599520000862	208.0
72.14858300006017	38.99998830000351
73.60660100006498	38.99998830000351
75.1440939999884	38.99998830000351
76.6835120000178	154.000154000154
76.81669400003739	154.000154000154
77.20610900002066	154.000154000154
77.59590600000229	154.000154000154
77.986050000065	28.000001866666793
78.74218900001142	28.000001866666793
80.88631299999543	28.000001866666793
83.02799100009724	75.99996960001216
83.0541900000535	75.99996960001216
83.84278499998618	75.99996960001216
84.63226099999156	116.00008506672904
84.87112600007094	116.00008506672904
85.38820000004489	116.00008506672904
85.90732700005174	116.00008506672904
86.42326599999797	116.00008506672904
86.93987600004766	116.00008506672904
87.4571710000746	116.00008506672904
87.97414400009438	113.00009605008164
87.9781260000309	113.00009605008164
88.50852200004738	113.00009605008164
89.04015600006096	113.00009605008164
89.57060500001535	113.00009605008164
90.10183000005782	50.0
90.4519600000931	50.0
91.65211600007024	50.0
92.85232100007124	50.0
94.05162000004202	125.0
94.39729700004682	125.0
94.87712800002191	125.0
95.35698899999261	125.0
95.83643000002485	125.0
96.31704800005537	137.00006393336318
96.71225900005084	137.00006393336318
97.15139200002886	137.00006393336318
97.58857700007502	137.00006393336318
98.02617000008468	137.00006393336318
98.4645320000127	137.00006393336318
98.9016769999871	137.00006393336318
99.33995600009803	137.00006393336318
99.7777430000715	137.00006393336318
100.21570900001097	23.0
102.10598100000061	40.99998975000256
103.48196200001985	40.99998975000256
104.94749400008004	40.99998975000256
106.40981600002851	175.00007291669704
106.61646699998528	175.00007291669704
106.95784000004642	175.00007291669704
107.30203700007405	175.00007291669704
107.64422300003935	175.00007291669704
107.98616500000935	211.00014066676044
108.24475800001528	211.00014066676044
108.5291810000781	211.00014066676044
108.81508000008762	211.00014066676044
109.09827200009022	211.00014066676044
109.38229099998716	211.00014066676044
109.66737200005446	211.00014066676044
109.95109200000297	211.00014066676044
110.23587000009138	211.00014066676044
110.51983000000473	211.00014066676044
110.80528199998662	211.00014066676044
111.0888730000006	211.00014066676044
111.37475600000471	211.00014066676044
111.6581990000559	211.00014066676044
111.94152200000826	140.99997180000565
111.99402199999895	140.99997180000565
112.41894500004128	140.99997180000565
112.84404200001154	140.99997180000565
113.26892400009092	140.99997180000565
113.69555200007744	140.99997180000565
114.12120500009041	140.99997180000565
114.54551100009121	140.99997180000565
114.97127800004091	165.000165000165
115.31650100008119	165.000165000165
115.68034399999306	165.000165000165
116.04438700003084	165.000165000165
116.40818900009617	165.000165000165
116.77081000001635	165.000165000165
117.13597900001332	165.000165000165
117.499080000096	165.000165000165
117.86168199998792	165.000165000165
118.22660000005271	98.99993565004183
118.46970300003886	98.99993565004183
119.0758560000686	98.99993565004183
119.68170800001826	98.99993565004183
120.287728000083	21.0
121.86799200007226	21.0
124.72499000001699	186.9997756002693
124.92396300006658	186.9997756002693
125.24407400004566	186.9997756002693
125.56632900005206	186.9997756002693
125.88618100003805	186.9997756002693
126.20618500001729	44.000011733336464
127.10668700002134	44.000011733336464
128.4709440000588	44.000011733336464
129.83393100008834	44.000011733336464
131.19740499998443	179.0
131.25264800002333	179.0
131.5871909999987	179.0
131.9241280000424	179.0
132.2587380000623	167.00020318358054
132.28222600009758	167.00020318358054
132.64047199999914	167.00020318358054
132.9994510000106	167.00020318358054
133.35846000001766	167.00020318358054
133.71764300006907	167.00020318358054
134.07691400009207	167.00020318358054
134.43700800009537	167.00020318358054
134.79558100004215	167.00020318358054
135.15687300008722	167.00020318358054
135.5140830000164	167.00020318358054
135.87407600006554	167.00020318358054
136.23266500001773	143.99988480009216
136.28082300000824	143.99988480009216
136.6979879999999	143.99988480009216
137.11512800003402	143.99988480009216
137.53065000008792	143.99988480009216
137.94786300009582	50.99998215000625
137.96987900009844	50.99998215000625
139.14670600008685	50.99998215000625
140.3229730000021	50.99998215000625
141.50040900008753	50.99998215000625
142.67697300005239	140.99997180000565
143.0576979999896	140.99997180000565
143.48390200000722	140.99997180000565
143.91007700003684	140.99997180000565
144.33533100003842	137.00006393336318
144.34588100004476	137.00006393336318
144.78476000006776	137.00006393336318
145.22197200008668	137.00006393336318
145.6596290000016	137.00006393336318
146.09778499999084	137.00006393336318
146.53623600001447	137.00006393336318
146.97375400003511	137.00006393336318
147.41203300002962	137.00006393336318
147.85068800009321	137.00006393336318
148.28762600000482	159.0002067002687
148.61842300009448	159.0002067002687
148.99529600003734	159.0002067002687
149.37291899998672	159.0002067002687
149.75032700004522	159.0002067002687
150.12826400005724	48.0
150.54259900003672	48.0
151.79180100001395	48.0
153.0422419999959	48.0
154.29159300005995	38.000008866668736
154.38248000002932	38.000008866668736
155.9614550000988	38.000008866668736
157.5400990000926	102.0000510000255
157.71766600001138	102.0000510000255
158.30630699999165	102.0000510000255
158.89412700000685	102.0000510000255
159.4824550000485	102.0000510000255
160.07161900005303	211.0
160.2925000000978	211.0
160.5773760000011	211.0
160.86133500002325	211.0
161.1461920000147	211.0
161.43022500001825	211.0
161.71488600003067	211.0
161.9991620000219	113.00009605008164
162.0364590000827	113.00009605008164
162.5686439999845	113.00009605008164
163.0986430000048	113.00009605008164
163.63087400002405	113.00009605008164
164.1624310000334	113.00009605008164
164.69162300007883	113.00009605008164
165.22277100000065	113.00009605008164
165.75361200002953	113.00009605008164
166.28435800003354	86.00005160003096
166.38856900006067	86.00005160003096
167.0871599999955	86.00005160003096
167.78337200009264	86.00005160003096
168.4823430000106	183.99997546666995
168.52790200000163	183.99997546666995
168.85390700004064	183.99997546666995
169.18000100005884	183.99997546666995
169.50657199998386	183.99997546666995
169.83257800003048	183.99997546666995
170.15824000001885	183.99997546666995
170.48723000008613	183.99997546666995
170.81179200008046	183.99997546666995
171.1369840000989	183.99997546666995
171.46338600001764	183.99997546666995
171.78863500000443	183.99997546666995
172.11643500009086	109.99990833340972
172.21814500004984	109.99990833340972
172.7649280000478	109.99990833340972
173.31002199999057	109.99990833340972
173.85611600009724	109.99990833340972
174.40070900006685	67.99999546666697
174.67504100000951	67.99999546666697
175.55643300001975	67.99999546666697
176.43942300009076	67.99999546666697
177.3208240000531	67.99999546666697
178.20344000007026	61.99999586666694
178.22610400000121	61.99999586666694
179.19665200007148	61.99999586666694
180.16177000000607	78.0
180.89397900004406	78.0
181.66059099999256	78.0
182.42986100004055	78.0
183.20036500005517	78.0
183.96822700009216	78.0
184.73814400006086	216.99976130026258
184.7951469999971	216.99976130026258
185.07193099998403	216.99976130026258
185.34857100003865	216.99976130026258
185.62497200001962	216.99976130026258
185.9011050000554	216.99976130026258
186.17792700009886	185.000185000185
186.21418200002518	185.000185000185
186.53899900009856	185.000185000185
186.86436000000685	185.000185000185
187.1878620000789	185.000185000185
187.5129850000376	185.000185000185
187.8356410000706	185.000185000185
188.1609850000823	185.000185000185
188.4851229999913	185.000185000185
188.80962000007275	185.000185000185
189.1337380000623	185.000185000185
189.45760800002608	185.000185000185
189.78224600001704	185.000185000185
190.10708900005557	93.0
190.24512099998537	93.0
190.88931800005957	93.0
191.53499900002498	93.0
192.1796420000028	93.0
192.8248110000277	93.0
193.4700910000829	93.0
194.11694099998567	93.0
194.7607779999962	93.0
195.40542100009043	93.0
196.05082400003448	93.0
196.69591100001708	93.0
197.34260500001255	93.0
197.98625200008973	93.0
198.63119099999312	93.0
199.27703700005077	93.0
199.9223860000493	93.0
200.56703899998683	93.0
201.21341800002847	93.0
201.85734200000297	93.0
202.50235500000417	93.0
203.14775200001895	93.0
203.79334400000516	93.0
204.4378700000234	93.0
205.0830990000395	93.0
205.7290160000557	93.0
206.3748220000416	93.0
207.0193389999913	93.0
207.66367300006095	93.0
208.30921000009403	93.0
208.95386200002395	93.0
209.60000199999195	93.0
210.24626200005878	93.0
210.8906030000653	93.0
211.53653700009454	93.0
212.17963200004306	93.0
212.8249310000101	93.0
213.46988200000487	93.0
214.1153480000794	93.0
214.76202800008468	93.0
215.40556199999992	93.0
216.05051000008825	93.0
216.69575900002383	93.0
217.34141300001647	93.0
217.98651399998926	93.0
218.63166499999352	93.0
219.27671800006647	93.0
219.92220200004522	93.0
220.56714500009548	93.0
221.2119530000491	93.0
221.85751900007017	93.0
222.50256900000386	93.0
223.1474450000096	93.0
223.79297800001223	93.0
224.43809700000565	93.0
225.08419800002594	93.0
225.73068999999668	93.0
226.37467100005597	93.0
227.0183609999949	93.0
227.66479400009848	93.0
228.30858399998397	93.0
228.95480300008785	93.0
229.59957700001542	93.0
230.24537600006443	93.0
230.88983400003053	93.0
231.53503500006627	93.0
232.17955700005405	93.0
232.82647400000133	93.0
233.4710170000326	93.0
234.11619199998677	93.0
234.76196700008586	93.0
235.4070589999901	93.0
236.0520269999979	93.0
236.6957570000086	93.0
237.34121199999936	93.0
237.98685200000182	93.0
238.63242200005334	93.0
239.27702300006058	93.0
239.92212200001813	93.0


2.0144510000245646	120.0
2.509273000061512	120.0
3.001361000002362	120.0
3.5015170000260696	120.0
4.000434000045061	120.0
4.50075900007505	120.0
5.001166000030935	120.0
5.500953000038862	120.0
6.000516000087373	120.0
6.5005170000949875	120.0
7.002483000047505	120.0
7.500699000083841	120.0
8.02611400000751	120.0
8.50073000008706	120.0
9.00072100001853	120.0
9.501664999988861	120.0
10.000579999992624	120.0
10.500502000097185	120.0
11.001714000012726	120.0
11.500322000007145	120.0
12.000405000057071	120.0
12.503217000048608	120.0
13.001282000099309	120.0
13.500628000008874	120.0
14.001633999985643	120.0
14.501124000060372	120.0
15.000534999999218	120.0
15.500553000019863	120.0
16.001189000089653	120.0
16.500343000050634	120.0
17.001545000006445	120.0
17.50198400008958	120.0
18.00133600004483	120.0
18.50191300001461	120.0
19.001904000062495	120.0
19.500317000085488	120.0
20.001539000077173	120.0
20.5004960000515	120.0
21.00194400001783	120.0
21.501756000099704	120.0
22.001626000041142	120.0
22.500381999998353	120.0
23.00043400004506	120.0
23.500696000060998	120.0
24.000859000021592	120.0
24.500604000058956	120.0
25.001576000009663	120.0
25.500753000029363	120.0
26.001607000012882	120.0
26.501006999984384	120.0
27.00099800003227	120.0
27.50058100000024	120.0
28.001075000036508	81.0
28.108915999997407	81.0
28.849943000008352	81.0
29.591210999991745	81.0
30.33227600005921	129.00007740004645
30.587199000059627	129.00007740004645
31.052646000054665	129.00007740004645
31.516897000023164	129.00007740004645
31.98367300000973	129.00007740004645
32.447495000087656	129.00007740004645
32.913346000015736	129.00007740004645
33.37782900000457	129.00007740004645
33.84383600007277	147.0000955500621
34.24301800003741	147.0000955500621
34.6506539999973	147.0000955500621
35.05867599998601	147.0000955500621
35.466474000015296	147.0000955500621
35.87572100001853	147.0000955500621
36.28273199999239	160.99991681670966
36.63155900000129	160.99991681670966
37.00482200004626	160.99991681670966
37.37677500001155	160.99991681670966
37.749095999985	160.99991681670966
38.12176200002432	160.99991681670966
38.49467200005893	160.99991681670966
38.86701200006064	160.99991681670966
39.23994300002232	160.99991681670966
39.612633000011556	160.99991681670966
39.9858130000066	198.99969486713454
40.247301000053994	198.99969486713454
40.54804000002332	198.99969486713454
40.84993100003339	198.99969486713454
41.15127500006929	198.99969486713454
41.45459000009578	198.99969486713454
41.75389000005089	198.99969486713454
42.05604100006167	165.000165000165
42.11518000008073	165.000165000165
42.47715900000185	165.000165000165
42.84140999999363	165.000165000165
43.20505300001241	165.000165000165
43.56813900009729	165.000165000165
43.93292000005022	165.000165000165
44.29526100005023	165.000165000165
44.65896600007545	165.000165000165
45.02252800005954	165.000165000165
45.386059000040404	165.000165000165
45.74972500000149	165.000165000165
46.11319300008472	50.0
46.519758000038564	50.0
47.71944000001531	50.0
48.91947100008838	188.0
49.044828000012785	188.0
49.36270300007891	188.0
49.68226700008381	188.0
50.00225100002717	188.0
50.32116500008851	188.0
50.63973600009922	188.0
50.95904300000984	188.0
51.27865900006145	188.0
51.597000000067055	188.0
51.91624300007243	85.00004250002125
52.075607000035234	85.00004250002125
52.78123299998697	85.00004250002125
53.48719200002961	85.00004250002125
54.19430900004227	85.00004250002125
54.89880900003482	143.99988480009216
55.18392300000414	143.99988480009216
55.601977000012994	143.99988480009216
56.017693000030704	143.99988480009216
56.43418000009842	143.99988480009216
56.85163900000043	143.99988480009216
57.2674700000789	143.99988480009216
57.68373200006317	143.99988480009216
58.100809000083245	76.0
58.36601200001314	76.0
59.155406999983825	76.0
59.94550600007642	32.0
60.137084000045434	32.0
62.01152900001034	32.0
63.8870440000901	102.0000510000255
64.42142300005071	102.0000510000255
65.00897500000428	102.0000510000255
65.59744700009469	102.0000510000255
66.18572100007441	187.99996240000752
66.33275699999649	187.99996240000752
66.65218400000595	187.99996240000752
66.9725150000304	187.99996240000752
67.29145100002643	187.99996240000752
67.61037300003227	187.99996240000752
67.92900400003418	187.99996240000752
68.2483760000905	187.99996240000752
68.56672700005583	187.99996240000752
68.8860360000981	187.99996240000752
69.20549600000959	187.99996240000752
69.52471500006504	187.99996240000752
69.8434160000179	207.99966720053249
70.1294100000523	207.99966720053249
70.41749600006733	207.99966720053249
70.70582700008526	207.99966720053249
70.99642600002699	207.99966720053249
71.28328700002749	207.99966720053249
71.57289000006858	207.99966720053249
71.8599520000862	207.99966720053249
72.1487340000458	38.99998830000351
73.60728500003461	38.99998830000351
75.14408300002106	38.99998830000351
76.68350200005807	154.000154000154
76.81668400007766	154.000154000154
77.20566500001587	154.000154000154
77.59585100004915	154.000154000154
77.98598100000527	28.0
78.74217900005169	28.0
80.88610100001097	28.0
83.02799100009724	75.99996960001216
83.05386400001589	75.99996960001216
83.84276700008195	75.99996960001216
84.63226099999156	116.00008506672904
84.87108399998397	116.00008506672904
85.38806900009513	116.00008506672904
85.90681300009601	116.00008506672904
86.42350200004876	116.00008506672904
86.94037299999036	116.00008506672904
87.45730800007004	116.00008506672904
87.97414400009438	113.0
87.97825500008184	113.0
88.50894500000868	113.0
89.04067600006238	113.0
89.57083900005091	113.0
90.10158500005491	50.0
90.45170299999882	50.0
91.65235200000461	50.0
92.8516880000243	50.0
94.05131900007837	125.0
94.39709199999925	125.0
94.87703299999703	125.0
95.35730200004764	125.0
95.83645400009118	125.0
96.31704800005537	137.00006393336318
96.71195500006434	137.00006393336318
97.1514610000886	137.00006393336318
97.5884200000437	137.00006393336318
98.02594399999361	137.00006393336318
98.4641919999849	137.00006393336318
98.90164599998388	137.00006393336318
99.3401840000879	137.00006393336318
99.7775730000576	137.00006393336318
100.21606200002134	22.999996933333744
102.10590100008994	40.99998975000256
103.48176800005604	40.99998975000256
104.94764900009613	40.99998975000256
106.40965700009838	175.00007291669704
106.61618700006511	175.00007291669704
106.95775500009768	175.00007291669704
107.30192200001329	175.00007291669704
107.6437970000552	175.00007291669704
107.98642400000244	211.0
108.2449740000302	211.0
108.52969200001098	211.0
108.81483200006187	211.0
109.09800900006667	211.0
109.38278500002343	211.0
109.66730299999472	211.0
109.9514419999905	211.0
110.23608400009107	211.0
110.5196420000866	211.0
110.80508499999996	211.0
111.08861500001512	211.0
111.3748149999883	211.0
111.65806100005284	211.0
111.9415100000333	140.99997180000565
111.99390600004699	140.99997180000565
112.4191170000704	140.99997180000565
112.84418800007552	140.99997180000565
113.26927400007844	140.99997180000565
113.695326999994	140.99997180000565
114.12147300003562	140.99997180000565
114.54574199998751	140.99997180000565
114.97096300008707	165.000165000165
115.31678100000136	165.000165000165
115.68066800001543	165.000165000165
116.04408200003672	165.000165000165
116.4077469999902	165.000165000165
116.77103699999861	165.000165000165
117.13623300008476	165.000165000165
117.49873099999968	165.000165000165
117.861865999992	99.0
117.86307700001635	99.0
118.46935400005896	99.0
119.075708999997	99.0
119.68127699999604	99.0
120.28746000002138	20.99999895000005
121.8679509999929	20.99999895000005
124.7252650000155	186.9997756002693
124.92349700001068	186.9997756002693
125.2436770000495	186.9997756002693
125.56611500005238	186.9997756002693
125.88638799998444	186.9997756002693
126.20624900003895	44.000011733336464
127.10635900008492	44.000011733336464
128.4713810000103	44.000011733336464
129.83371800009627	44.000011733336464
131.19703000003938	178.99974940035085
131.25198800000362	178.99974940035085
131.58768400002737	178.99974940035085
131.92400500003714	178.99974940035085
132.2592280000681	167.00020318358054
132.2817470000591	167.00020318358054
132.6401570000453	167.00020318358054
132.9991240000818	167.00020318358054
133.3586420000065	167.00020318358054
133.71787200006656	167.00020318358054
134.0771759999916	167.00020318358054
134.43722000007983	167.00020318358054
134.79587600007653	167.00020318358054
135.15649800002575	167.00020318358054
135.51456899999175	167.00020318358054
135.87441799999215	167.00020318358054
136.23322799999733	143.99988480009216
136.2803820000263	143.99988480009216
136.6974610000616	143.99988480009216
137.1148000000976	143.99988480009216
137.5307530000573	143.99988480009216
137.94776200002525	51.0
137.97008800006006	51.0
139.14648300001863	51.0
140.32310800009873	51.0
141.5004670000635	51.0
142.67697300005239	140.99997180000565
143.0580380000174	140.99997180000565
143.48326600005385	140.99997180000565
143.9096010000212	140.99997180000565
144.33507300005294	137.00006393336318
144.34591899998486	137.00006393336318
144.7844520000508	137.00006393336318
145.22195500007365	137.00006393336318
145.66010099998675	137.00006393336318
146.09754099999554	137.00006393336318
146.53574700001627	137.00006393336318
146.9735450000735	137.00006393336318
147.41140500002075	137.00006393336318
147.85009600000922	137.00006393336318
148.28738400002476	159.0
148.61807500000577	159.0
148.99549800006207	159.0
149.37266600003932	159.0
149.75025500007905	159.0
150.1284100000048	48.0
150.54245900001843	48.0
151.79199900000822	48.0
153.042042999994	48.0
154.29188999999315	38.000008866668736
154.3822700000601	38.000008866668736
155.96146500005852	38.000008866668736
157.5403370000422	102.0000510000255
157.71773800009396	102.0000510000255
158.3058220000239	102.0000510000255
158.89443800004665	102.0000510000255
159.48198200005572	102.0000510000255
160.07123600004707	211.00014066676044
160.2928200000897	211.00014066676044
160.57718100002967	211.00014066676044
160.86177200009115	211.00014066676044
161.14642000000458	211.00014066676044
161.4301690000575	211.00014066676044
161.71490800008178	211.00014066676044
161.99919400003273	113.00009605008164
162.0364590000827	113.00009605008164
162.56844800000545	113.00009605008164
163.09892500005662	113.00009605008164
163.63056900002994	113.00009605008164
164.1619580000406	113.00009605008164
164.6916350000538	113.00009605008164
165.2227440000279	113.00009605008164
165.75341500004288	113.00009605008164
166.28479000006337	86.00005160003096
166.38839800003916	86.00005160003096
167.0868710000068	86.00005160003096
167.78337200009264	86.00005160003096
168.48259999998845	184.0
168.52833100000862	184.0
168.85389300005045	184.0
169.18042300001252	184.0
169.5063660000451	184.0
169.8325940000359	184.0
170.15824000001885	184.0
170.48694900004193	184.0
170.8117740000598	184.0
171.13695300009567	184.0
171.46375100000296	184.0
171.7888550000498	184.0
172.11621900007594	109.99990833340972
172.21850300009828	109.99990833340972
172.7653949999949	109.99990833340972
173.30978500004858	109.99990833340972
173.85611600009724	109.99990833340972
174.40138100006152	67.99999546666697
174.6750920000486	67.99999546666697
175.55625600006897	67.99999546666697
176.4392119999975	67.99999546666697
177.3204450000776	67.99999546666697
178.20372099999804	62.0
178.22699100000318	62.0
179.19618500000797	62.0
180.1615430000238	77.99997660000702
180.8937760000117	77.99997660000702
181.66103499999736	77.99997660000702
182.4300880000228	77.99997660000702
183.20055400009733	77.99997660000702
183.96822000003885	77.99997660000702
184.7381180000957	216.99976130026258
184.7951469999971	216.99976130026258
185.07185900001787	216.99976130026258
185.34869600005914	216.99976130026258
185.6255710000405	216.99976130026258
185.90139700006694	216.99976130026258
186.17767400003504	185.000185000185
186.2139980000211	185.000185000185
186.5391590000363	185.000185000185
186.86434700002428	185.000185000185
187.18783499998972	185.000185000185
187.513268000097	185.000185000185
187.8361080000177	185.000185000185
188.1607790000271	185.000185000185
188.4852860000683	185.000185000185
188.80926200002432	185.000185000185
189.13351000007242	185.000185000185
189.4574460000731	185.000185000185
189.78193000005558	185.000185000185
190.1059060000116	93.00004185001883
190.24476200004574	93.00004185001883
190.88984200009145	93.00004185001883
191.5353050000267	93.00004185001883
192.18011399998795	93.00004185001883
192.82470600004308	93.00004185001883
193.47068000002764	93.00004185001883
194.11647000000812	93.00004185001883
194.76047800004017	93.00004185001883
195.40575500007253	93.00004185001883
196.05106600001454	93.00004185001883
196.69567899999674	93.00004185001883
197.34236900007818	93.00004185001883
197.98643100005575	93.00004185001883
198.63155600009486	93.00004185001883
199.27679000003263	93.00004185001883
199.92208600009326	93.00004185001883
200.566695000045	93.00004185001883
201.2137460000813	93.00004185001883
201.85710900009144	93.00004185001883
202.50248000002466	93.00004185001883
203.1476440000115	93.00004185001883
203.79371300002094	93.00004185001883
204.4377000000095	93.00004185001883
205.08285600005183	93.00004185001883
205.72861400002148	93.00004185001883
206.3750890000956	93.00004185001883
207.01903000008315	93.00004185001883
207.66367300006095	93.00004185001883
208.30948600010015	93.00004185001883
208.95404199999757	93.00004185001883
209.60045600007288	93.00004185001883
210.2468060000101	93.00004185001883
210.89036399999168	93.00004185001883
211.53625400003511	93.00004185001883
212.1798790000612	93.00004185001883
212.82474900002126	93.00004185001883
213.4700760000851	93.00004185001883
214.1151780000655	93.00004185001883
214.76157500001136	93.00004185001883
215.40554200008046	93.00004185001883
216.05051900004037	93.00004185001883
216.69601399998646	93.00004185001883
217.34141300001647	93.00004185001883
217.9863840000471	93.00004185001883
218.63196800008882	93.00004185001883
219.27701200009324	93.00004185001883
219.92220200004522	93.00004185001883
220.56714500009548	93.00004185001883
221.21196500002407	93.00004185001883
221.85730899998453	93.00004185001883
222.50226600002497	93.00004185001883
223.14787200000137	93.00004185001883
223.7926730000181	93.00004185001883
224.43852700002026	93.00004185001883
225.08388900000136	93.00004185001883
225.73149300005753	93.00004185001883
226.37445000000298	93.00004185001883
227.0187760000117	93.00004185001883
227.66464400000405	93.00004185001883
228.3086020000046	93.00004185001883
228.95504600007553	93.00004185001883
229.59936400002334	93.00004185001883
230.24532800004818	93.00004185001883
230.88983400003053	93.00004185001883
231.53502800001297	93.00004185001883
232.17983100004494	93.00004185001883
232.8268200000748	93.00004185001883
233.4708030000329	93.00004185001883
234.1156980000669	93.00004185001883
234.76148600003216	93.00004185001883
235.40680800005794	93.00004185001883
236.0523530000355	93.00004185001883
236.69600600004196	93.00004185001883
237.3414600000251	93.00004185001883
237.98658000002615	93.00004185001883
238.6321970000863	93.00004185001883
239.2769290000433	93.00004185001883
239.9215040000854	93.00004185001883


3.9986079999944195	120.0
4.495728000067174	120.0
4.500609999988228	120.0
5.000852000084706	120.0
5.500243999995291	120.0
6.000256000086665	120.0
6.5008140000281855	120.0
7.001718000043184	120.0
7.501182000036351	120.0
8.003602000069804	120.0
8.500395999988541	120.0
9.001201000064611	120.0
9.502092000097036	120.0
10.000954000046477	120.0
10.50025500007905	120.0
11.001725999987684	120.0
11.500722000026144	120.0
12.000405000057071	120.0
12.501679999986663	120.0
13.001735000056215	120.0
13.500250000040978	120.0
14.00129700009711	120.0
14.504792000050656	120.0
15.000299000064842	120.0
15.500291000003926	120.0
16.001195000018924	120.0
16.500781000009738	120.0
17.001337000052445	120.0
17.501573999994434	120.0
18.00133600004483	120.0
18.502321000094526	120.0
19.00185500003863	120.0
19.50033200008329	120.0
20.001272000023164	120.0
20.500592000083998	120.0
21.001607000012882	120.0
21.501525000086986	120.0
22.001566000049934	120.0
22.50021100009326	120.0
23.000471999985166	120.0
23.500877000042237	120.0
24.001323000062257	120.0
24.500841000000946	120.0
25.001185000059195	120.0
25.500258999993093	120.0
26.001424000016414	120.0
26.50072100001853	120.0
27.00133600004483	120.0
27.500334999989718	120.0
28.001332000014372	80.99997165000993
28.109156000078656	80.99997165000993
28.84963300009258	80.99997165000993
29.590995000093244	80.99997165000993
30.331908000051044	129.00007740004645
30.587036000099033	129.00007740004645
31.052834000089206	129.00007740004645
31.517204000032507	129.00007740004645
31.98404600005597	129.00007740004645
32.44747500005178	129.00007740004645
32.91289600008167	129.00007740004645
33.3772530000424	129.00007740004645
33.843980000005104	147.0000955500621
34.243034000042826	147.0000955500621
34.65017500007525	147.0000955500621
35.05867599998601	147.0000955500621
35.466485999990255	147.0000955500621
35.87541400000919	147.0000955500621
36.28309200005606	161.0
36.6312180000823	161.0
37.00464300008025	161.0
37.37718499999028	161.0
37.74928400001954	161.0
38.12242500006687	161.0
38.49485200003255	161.0
38.86745800008066	161.0
39.23976200004108	161.0
39.61308000003919	161.0
39.98549200000707	198.99969486713454
40.24768500006758	198.99969486713454
40.54803499998525	198.99969486713454
40.84992499998771	198.99969486713454
41.15126300009433	198.99969486713454
41.454533000011	198.99969486713454
41.75392400007695	198.99969486713454
42.05604100006167	165.000165000165
42.11514500004705	165.000165000165
42.477484000031836	165.000165000165
42.841503000003286	165.000165000165
43.205022000009194	165.000165000165
43.568148000049405	165.000165000165
43.93276600004174	165.000165000165
44.2952510000905	165.000165000165
44.65865500003565	165.000165000165
45.0224589999998	165.000165000165
45.38607500004582	165.000165000165
45.749487000051886	165.000165000165
46.113667000085115	50.0
46.51971500006039	50.0
47.71947300003376	50.0
48.91980000003241	187.99996240000752
49.044828000012785	187.99996240000752
49.36330399999861	187.99996240000752
49.682044000015594	187.99996240000752
50.00330199999735	187.99996240000752
50.32050400006119	187.99996240000752
50.64035900007002	187.99996240000752
50.95932900009211	187.99996240000752
51.27898300008383	187.99996240000752
51.59731600002851	187.99996240000752
51.91671400004998	85.00004250002125
52.07541100005619	85.00004250002125
52.78099800006021	85.00004250002125
53.48739900009241	85.00004250002125
54.19403500005137	85.00004250002125
54.89857399999164	143.99988480009216
55.18369000009261	143.99988480009216
55.60181800008286	143.99988480009216
56.01723200001288	143.99988480009216
56.43418000009842	143.99988480009216
56.85164800006896	143.99988480009216
57.268204000080004	143.99988480009216
57.68373200006317	143.99988480009216
58.100809000083245	75.99996960001216
58.36624200001825	75.99996960001216
59.15581500006374	75.99996960001216
59.94527999998536	32.0
60.13680600002408	32.0
62.01117700000759	32.0
63.886795000056736	102.0000510000255
64.42095200007316	102.0000510000255
65.00902200001292	102.0000510000255
65.59743600001093	102.0000510000255
66.18571099999826	188.0
66.33312200009823	188.0
66.65240500005893	188.0
66.97225500002969	188.0
67.29147200006992	188.0
67.61059100006241	188.0
67.9289690000005	188.0
68.2483760000905	188.0
68.5669760000892	188.0
68.88658699998632	188.0
69.20509200007655	188.0
69.52432500000577	188.0
69.843438000069	207.99966720053249
70.12856099999044	207.99966720053249
70.41711500007659	207.99966720053249
70.70580300001893	207.99966720053249
70.99675699998625	207.99966720053249
71.28372900001705	207.99966720053249
71.57268500002101	207.99966720053249
71.86031000001822	207.99966720053249
72.14890100003686	38.99998830000351
73.60701800009701	38.99998830000351
75.144420000026	38.99998830000351
76.68407300009858	154.0
76.81635000009555	154.0
77.20589199999813	154.0
77.5963220000267	154.0
77.98578700004146	28.000001866666793
78.74242999998387	28.000001866666793
80.88583799998742	28.000001866666793
83.02824500005227	75.99996960001216
83.05421000008937	75.99996960001216
83.84250999998767	75.99996960001216
84.6320260000648	116.00008506672904
84.87133400002494	116.00008506672904
85.38776200008579	116.00008506672904
85.90733600000385	116.00008506672904
86.42326599999797	116.00008506672904
86.93986600008793	116.00008506672904
87.45681300002616	116.00008506672904
87.97482400003355	113.00009605008164
87.97832200000994	113.00009605008164
88.50877900002524	113.00009605008164
89.0403880000813	113.00009605008164
89.57100300001912	113.00009605008164
90.10200399998575	50.0
90.45169100002386	50.0
91.65238600003067	50.0
92.85166300006676	50.0
94.05133700009901	125.0
94.39701900002547	125.0
94.87672000005841	125.0
95.35748500004411	125.0
95.83660100004636	137.0
96.27624800009653	137.0
96.71192800009158	137.0
97.15111500001512	137.0
97.58822600007989	137.0
98.02638600009959	137.0
98.46510000003036	137.0
98.90191400004551	137.0
99.34017600002699	137.0
99.77755700005218	137.0
100.21603100001812	22.999996933333744
102.10637699998915	40.99998975000256
103.48195500008296	40.99998975000256
104.94663000002038	40.99998975000256
106.40926800004672	175.0
106.61648100009188	175.0
106.95751500001643	175.0
107.30164900003001	175.0
107.64408500003628	175.0
107.98614200006705	211.00014066676044
108.24475800001528	211.00014066676044
108.52931800007354	211.00014066676044
108.8151020000223	211.00014066676044
109.0982190000359	211.00014066676044
109.3822560000699	211.00014066676044
109.66757100005634	211.00014066676044
109.95172100001946	211.00014066676044
110.23630300001241	211.00014066676044
110.51960900006816	211.00014066676044
110.8047540000407	211.00014066676044
111.08860300004017	211.00014066676044
111.37453800009098	211.00014066676044
111.6579990000464	211.00014066676044
111.94176399998832	140.99997180000565
111.99370400002226	140.99997180000565
112.41856900008861	140.99997180000565
112.84372200001962	140.99997180000565
113.26910300005693	140.99997180000565
113.69648899999447	140.99997180000565
114.12122100009583	140.99997180000565
114.54574199998751	140.99997180000565
114.97116200008895	165.000165000165
115.31651300005615	165.000165000165
115.68065700004809	165.000165000165
116.04444700002205	165.000165000165
116.4077469999902	165.000165000165
116.77081000001635	165.000165000165
117.13570400001481	165.000165000165
117.4987470000051	165.000165000165
117.8618130000541	165.000165000165
118.22645300009754	98.99993565004183
118.4692760000471	98.99993565004183
119.07568300003186	98.99993565004183
119.68147499999031	98.99993565004183
120.2874980000779	20.99999895000005
121.86778700002469	20.99999895000005
124.72521699999925	186.9997756002693
124.92297100008	186.9997756002693
125.2436470000539	186.9997756002693
125.56657999998424	186.9997756002693
125.88667200005148	186.9997756002693
126.20648799999617	44.0
127.10676700004842	44.0
128.4709940000903	44.0
129.83371800009627	44.0
131.19704300002195	178.99974940035085
131.25208700005896	178.99974940035085
131.58722300000954	178.99974940035085
131.9242540000705	178.99974940035085
132.25907500006724	167.00020318358054
132.2817470000591	167.00020318358054
132.6401570000453	167.00020318358054
132.99914900003932	167.00020318358054
133.35846000001766	167.00020318358054
133.71764300006907	167.00020318358054
134.07738999999128	167.00020318358054
134.43734000006225	167.00020318358054
134.79550600005314	167.00020318358054
135.15653700008988	167.00020318358054
135.5140830000164	167.00020318358054
135.87442500004545	167.00020318358054
136.23293900000863	144.0
136.28068100009114	144.0
136.69742900005076	144.0
137.11525100003928	144.0
137.5303820000263	144.0
137.94753900007345	50.99998215000625
137.96962600003462	50.99998215000625
139.1467530000955	50.99998215000625
140.32258400006685	50.99998215000625
141.50062400009483	50.99998215000625
142.6771890000673	140.99997180000565
143.05792400008067	140.99997180000565
143.48360100004356	140.99997180000565
143.90961100009736	140.99997180000565
144.33504300005734	137.00006393336318
144.3461070000194	137.00006393336318
144.78507099999115	137.00006393336318
145.22217900003307	137.00006393336318
145.6596290000016	137.00006393336318
146.09800700005144	137.00006393336318
146.5357550000772	137.00006393336318
146.97381700004917	137.00006393336318
147.4117580000311	137.00006393336318
147.85009600000922	137.00006393336318
148.28783300006762	159.0002067002687
148.61805200006347	159.0002067002687
148.99556100007612	159.0002067002687
149.3731460000854	159.0002067002687
149.75059100007638	159.0002067002687
150.12823700008448	48.0
150.5422040000558	48.0
151.79206600005273	48.0
153.04202400008217	48.0
154.29190300009213	38.000008866668736
154.3822700000601	38.000008866668736
155.96171200007666	102.0
156.5412110000616	102.0
157.12974500004202	102.0
157.71740600001067	102.0
158.3061260000104	102.0
158.89408200001344	102.0
159.48197500000242	102.0
160.07150800002273	211.00014066676044
160.2928350000875	211.00014066676044
160.5767900000792	211.00014066676044
160.86140799999703	211.00014066676044
161.14599600003567	211.00014066676044
161.43033600004856	211.00014066676044
161.71530500007793	211.00014066676044
161.99952399998438	113.00009605008164
162.03674800007138	113.00009605008164
162.5680660000071	113.00009605008164
163.0983969999943	113.00009605008164
163.63474900007714	113.00009605008164
164.16269900009502	113.00009605008164
164.69132700003684	113.00009605008164
165.22302999999374	113.00009605008164
165.7532540000975	113.00009605008164
166.28462600009516	86.0
166.38800400006585	86.0
167.0868710000068	86.0
167.78355200006627	86.0
168.48259999998845	183.99997546666995
168.52823900000658	183.99997546666995
168.85427900007926	183.99997546666995
169.18022400001064	183.99997546666995
169.50609000003897	183.99997546666995
169.8322900000494	183.99997546666995
170.15853100002278	183.99997546666995
170.48693300003652	183.99997546666995
170.812188000069	183.99997546666995
171.1372810000321	183.99997546666995
171.46375100000296	183.99997546666995
171.78906800004188	183.99997546666995
172.1167640000349	109.99990833340972
172.21874400007073	109.99990833340972
172.76526600006036	109.99990833340972
173.31023699999787	109.99990833340972
173.8563200000208	109.99990833340972
174.40116000000853	67.99999546666697
174.67527400003746	67.99999546666697
175.55599300004542	67.99999546666697
176.4392119999975	67.99999546666697
177.3204450000776	67.99999546666697
178.20399499998894	61.99999586666694
178.22641200001817	61.99999586666694
179.19655500003137	61.99999586666694
180.16177000000607	77.99997660000702
180.89222000003792	77.99997660000702
181.66081900009885	77.99997660000702
182.43028600001708	77.99997660000702
183.20035400008783	77.99997660000702
183.96835199999623	77.99997660000702
184.7384290000191	216.99976130026258
184.79533900006209	216.99976130026258
185.07218900008593	216.99976130026258
185.34851799998432	216.99976130026258
185.6249320000643	216.99976130026258
185.90123300009873	216.99976130026258
186.17789699998684	185.0
186.214168000035	185.0
186.53899200004525	185.0
186.86457600002177	185.0
187.18764500005636	185.0
187.51307099999394	185.0
187.83588800008874	185.0
188.16080300009344	185.0
188.48482200002763	185.0
188.80974300007802	185.0
189.13394299999345	185.0
189.4572540000081	185.0
189.78193000005558	185.0
190.10674100008328	93.00004185001883
190.2445150000276	93.00004185001883
190.88965600007214	93.00004185001883
191.53483200003393	93.00004185001883
192.17962200008333	93.00004185001883
192.82488700002432	93.00004185001883
193.47039800009225	93.00004185001883
194.1167870000936	93.00004185001883
194.76061200001277	93.00004185001883
195.40553500002716	93.00004185001883
196.05112700001337	93.00004185001883
196.69569100008812	93.00004185001883
197.34260500001255	93.00004185001883
197.98605400009546	93.00004185001883
198.63147400005255	93.00004185001883
199.27733200008515	93.00004185001883
199.92237500008196	93.00004185001883
200.56716099998448	93.00004185001883
201.21365400007926	93.00004185001883
201.85757600003853	93.00004185001883
202.50215900002513	93.00004185001883
203.14739699999336	93.00004185001883
203.79363900003955	93.00004185001883
204.4377000000095	93.00004185001883
205.08331000001635	93.00004185001883
205.72861400002148	93.00004185001883
206.37505600007717	93.00004185001883
207.0194560000673	93.00004185001883
207.66344400006346	93.00004185001883
208.30970800004434	93.00004185001883
208.95390800002497	93.00004185001883
209.59995699999854	93.00004185001883
210.24628399999347	93.00004185001883
210.8906849999912	93.00004185001883
211.53659500007052	93.00004185001883
212.17964400001802	93.00004185001883
212.82501600007527	93.00004185001883
213.46988200000487	93.00004185001883
214.11556700000074	93.00004185001883
214.76159500004724	93.00004185001883
215.40604600007646	93.00004185001883
216.05079300003126	93.00004185001883
216.6960010000039	93.00004185001883
217.34163300006185	93.00004185001883
217.9861019999953	93.00004185001883
218.63221400009934	93.00004185001883
219.27727100008633	93.00004185001883
219.9225050000241	93.00004185001883
220.56740200007334	93.00004185001883
221.21213300002273	93.00004185001883
221.85746400000062	93.00004185001883
222.50256900000386	93.00004185001883
223.147711000056	93.00004185001883
223.79315200005658	93.00004185001883
224.43832800001837	93.00004185001883
225.08451700001024	93.00004185001883
225.7280220000539	93.00004185001883
226.37404500006232	93.00004185001883
227.01862200000323	93.00004185001883
227.66494700009935	93.00004185001883
228.30900700006168	93.00004185001883
228.95503100007772	93.00004185001883
229.5993540000636	93.00004185001883
230.24591900000814	93.00004185001883
230.88999300007708	93.00004185001883
231.5347470000852	93.00004185001883
232.17991300008725	93.00004185001883
232.82671200006735	93.00004185001883
233.47090100008063	93.00004185001883
234.1160239999881	93.00004185001883
234.76151300000492	93.00004185001883
235.40711800009012	93.00004185001883
236.05201700003818	93.00004185001883
236.6960970000364	93.00004185001883
237.34126200003084	93.00004185001883
237.9869840000756	93.00004185001883
238.63196300005075	93.00004185001883
239.27685600006953	93.00004185001883
239.92181900003925	93.00004185001883


6.0256000000517815	120.0
6.519678000011481	120.0
7.002230999991298	120.0
7.501006999984384	120.0
8.021763000055216	120.0
8.500469000078738	120.0
9.001031000050716	120.0
9.501890000072308	120.0
10.000761000090279	120.0
10.500268000061624	120.0
11.00221900001634	120.0
11.500809999997728	120.0
12.000695000053383	120.0
12.501714000012726	120.0
13.001603999990039	120.0
13.500520000001416	120.0
14.000639000092633	120.0
14.501361000002362	120.0
15.000724000041373	120.0
15.500742000062019	120.0
16.001450999989174	120.0
16.50065100006759	120.0
17.001337000052445	120.0
17.50180900003761	120.0
18.00158200005535	120.0
18.502165000070818	120.0
19.00160900002811	120.0
19.500487999990582	120.0
20.001389000099152	120.0
20.500247000018135	120.0
21.002114000031725	120.0
21.50195900001563	120.0
22.002015000092797	120.0
22.500585000030696	120.0
23.000897000078112	120.0
23.500960000092164	120.0
24.001113999984227	120.0
24.500355000025593	120.0
25.00141300004907	120.0
25.500505000003614	120.0
26.0012229999993	120.0
26.50038099999074	120.0
27.00140300008934	120.0
27.50058100000024	120.0
28.001083000097424	80.99997165000993
28.108941000071354	80.99997165000993
28.84963300009258	80.99997165000993
29.590766999986954	80.99997165000993
30.332225000020117	129.00007740004645
30.587085000006482	129.00007740004645
31.05265500000678	129.00007740004645
31.516843000077643	129.00007740004645
31.98418800008949	129.00007740004645
32.44769000005908	129.00007740004645
32.91289600008167	129.00007740004645
33.37757100001909	129.00007740004645
33.84420799999498	147.0000955500621
34.243373000063	147.0000955500621
34.650422999984585	147.0000955500621
35.05916100007016	147.0000955500621
35.466741000069305	147.0000955500621
35.87517300003674	147.0000955500621
36.28331900003832	160.99991681670966
36.63093800004572	160.99991681670966
37.005013999994844	160.99991681670966
37.377027000067756	160.99991681670966
37.748889000038616	160.99991681670966
38.12208600004669	160.99991681670966
38.4945000000298	160.99991681670966
38.86728700005915	160.99991681670966
39.24010900000576	160.99991681670966
39.612873999984004	160.99991681670966
39.985731000080705	198.99969486713454
40.24734300002456	198.99969486713454
40.548251000000164	198.99969486713454
40.850430999998935	198.99969486713454
41.1510390000185	198.99969486713454
41.454383000032976	198.99969486713454
41.754266000003554	198.99969486713454
42.05624200007878	165.0
42.11547600000631	165.0
42.47687600005884	165.0
42.841789000085555	165.0
43.2053480000468	165.0
43.56783200008795	165.0
43.932686000014655	165.0
44.29494200006593	165.0
44.65868600003887	165.0
45.022351999999955	165.0
45.386397000052966	165.0
45.74997500004247	165.0
46.113438000087626	50.0
46.519924000022	50.0
47.719696999993175	50.0
48.919516000081785	187.99996240000752
49.04461199999787	187.99996240000752
49.36270300007891	187.99996240000752
49.68179300008342	187.99996240000752
50.00225100002717	187.99996240000752
50.32142000005115	187.99996240000752
50.63994600006845	187.99996240000752
50.95949899998959	187.99996240000752
51.278407000005245	187.99996240000752
51.596783000044525	187.99996240000752
51.91651000001002	85.0
52.07620800007135	85.0
52.781437000026926	85.0
53.486988999997266	85.0
54.193934000097215	85.0
54.89880900003482	143.99988480009216
55.18453800003044	143.99988480009216
55.60180400009267	143.99988480009216
56.01723200001288	143.99988480009216
56.43442400009371	143.99988480009216
56.85137300007045	143.99988480009216
57.269025000045076	143.99988480009216
57.68398700002581	143.99988480009216
58.10121200000867	75.99996960001216
58.36635800008662	75.99996960001216
59.1556190000847	75.99996960001216
59.94500200008042	32.0
60.136486000032164	32.0
62.011693000094965	32.0
63.88723300001584	102.0000510000255
64.42128100001719	102.0000510000255
65.00916500005405	102.0000510000255
65.59800300002098	102.0000510000255
66.18617400003131	187.99996240000752
66.33348800009117	187.99996240000752
66.65261700004339	187.99996240000752
66.97259800008032	187.99996240000752
67.29123900004197	187.99996240000752
67.6103600000497	187.99996240000752
67.92955500003882	187.99996240000752
68.24884200002998	187.99996240000752
68.5672069999855	187.99996240000752
68.88605600001756	187.99996240000752
69.20532700000331	187.99996240000752
69.52454300003592	187.99996240000752
69.84391699999105	207.99966720053249
70.1287870000815	207.99966720053249
70.41757400007918	207.99966720053249
70.70623400004115	207.99966720053249
70.99642600002699	207.99966720053249
71.2829840000486	207.99966720053249
71.5729140000185	207.99966720053249
71.86050000006799	39.0
72.06753700005356	39.0
73.60696700005792	39.0
75.144612000091	39.0
76.68376500008162	154.000154000154
76.81692100001965	154.000154000154
77.20566500001587	154.000154000154
77.59615500003565	154.000154000154
77.98577200004365	28.000001866666793
78.74242999998387	28.000001866666793
80.88608900003601	28.000001866666793
83.02824500005227	76.0
83.05388900008984	76.0
83.84249800001271	76.0
84.6320260000648	116.00008506672904
84.87141300004441	116.00008506672904
85.38778300001286	116.00008506672904
85.90682999999262	116.00008506672904
86.42362500005402	116.00008506672904
86.94014900003094	116.00008506672904
87.45685600000434	116.00008506672904
87.97456700005569	113.00009605008164
87.97841800004244	113.00009605008164
88.50859700003639	113.00009605008164
89.04044400004204	113.00009605008164
89.57082900009118	113.00009605008164
90.10159400000703	50.0
90.45212300005369	50.0
91.65213900001254	50.0
92.85195000004023	50.0
94.05178600002546	125.0
94.39736900001299	125.0
94.87674800003879	125.0
95.35700900002848	125.0
95.83666100003757	125.0
96.31741600006353	137.00006393336318
96.71226699999534	137.00006393336318
97.15108900004998	137.00006393336318
97.588235000032	137.00006393336318
98.02624400006607	137.00006393336318
98.46509499999229	137.00006393336318
98.9019280000357	137.00006393336318
99.33994500001427	137.00006393336318
99.77785100007895	137.00006393336318
100.2156730000861	22.999996933333744
102.10614300007	41.0
103.48214199999347	41.0
104.94640800007619	41.0
106.40929300000425	175.00007291669704
106.61672500008717	175.00007291669704
106.95746100007091	175.00007291669704
107.3016550000757	175.00007291669704
107.64406700001564	175.00007291669704
107.98641600005794	211.00014066676044
108.24514900008217	211.00014066676044
108.5298190000467	211.00014066676044
108.81479800003581	211.00014066676044
109.09802000003401	211.00014066676044
109.38260500004981	211.00014066676044
109.66701500001363	211.00014066676044
109.95140200003516	211.00014066676044
110.23608400009107	211.00014066676044
110.52006300003268	211.00014066676044
110.805073000025	211.00014066676044
111.08917900000233	211.00014066676044
111.37494500004686	211.00014066676044
111.6576800000621	211.00014066676044
111.94199700001627	141.0
111.9942110000411	141.0
112.41885500005446	141.0
112.84395400003996	141.0
113.26913000002969	141.0
113.69529500009958	141.0
114.12150600005407	141.0
114.5459850000916	141.0
114.97139399999287	165.000165000165
115.31680200004485	165.000165000165
115.68037600000389	165.000165000165
116.04470000008587	165.000165000165
116.40797300008126	165.000165000165
116.77124500006903	165.000165000165
117.13570400001481	165.000165000165
117.49892500007991	165.000165000165
117.8621020000428	165.000165000165
118.22626999998465	98.99993565004183
118.46965700003784	98.99993565004183
119.07544799998868	98.99993565004183
119.68180600006599	98.99993565004183
120.28768499998841	20.99999895000005
121.86815500003286	20.99999895000005
124.72544599999674	186.9997756002693
124.92467099998612	186.9997756002693
125.24391800002195	186.9997756002693
125.5663540000096	186.9997756002693
125.88608200009912	186.9997756002693
126.2059710000176	44.000011733336464
127.10660699999426	44.000011733336464
128.47129100002348	44.000011733336464
129.83400000003166	44.000011733336464
131.19730200001504	178.99974940035085
131.25243600003887	178.99974940035085
131.58744300005492	178.99974940035085
131.9245349999983	178.99974940035085
132.25901899999008	167.0
132.28198500000872	167.0
132.64032900007442	167.0
132.99961500009522	167.0
133.35885499999858	167.0
133.71786299999803	167.0
134.0771759999916	167.0
134.43716100009624	167.0
134.79594300000463	167.0
135.15686700004153	167.0
135.51520800008439	167.0
135.87477200001013	167.0
136.23296799999662	143.99988480009216
136.2806120000314	143.99988480009216
136.6977660000557	143.99988480009216
137.11506300000474	143.99988480009216
137.53088500001468	143.99988480009216
137.94797700003255	50.99998215000625
137.97003600001335	50.99998215000625
139.1464960000012	50.99998215000625
140.32284400006756	50.99998215000625
141.50021000008564	50.99998215000625
142.67671600007452	141.0
143.05773000000045	141.0
143.4836180000566	141.0
143.90985300007742	141.0
144.33482099999674	137.00006393336318
144.34569099999499	137.00006393336318
144.78477200004272	137.00006393336318
145.22171600000001	137.00006393336318
145.65986800007522	137.00006393336318
146.09778499999084	137.00006393336318
146.53593600005843	137.00006393336318
146.9739450000925	137.00006393336318
147.41179899999406	137.00006393336318
147.85062600008678	137.00006393336318
148.28765800001565	159.0002067002687
148.61832500004675	159.0002067002687
148.99572000000626	159.0002067002687
149.37291899998672	159.0002067002687
149.75003100000322	159.0002067002687
150.1280099999858	48.0
150.54265300009865	48.0
151.79161800001748	48.0
153.04222200007644	48.0
154.29206700006034	38.000008866668736
154.38270499999635	38.000008866668736
155.96119100006763	38.000008866668736
157.54033200000413	102.0000510000255
157.71789400000125	102.0000510000255
158.30579700006638	102.0000510000255
158.89436999999452	102.0000510000255
159.48222700005863	102.0000510000255
160.07120400003623	211.00014066676044
160.2925230000401	211.00014066676044
160.5769540000474	211.00014066676044
160.86257500003558	211.00014066676044
161.1461920000147	211.00014066676044
161.42996700003278	211.00014066676044
161.71521699998993	211.00014066676044
161.99942600005306	113.0
162.0369199999841	113.0
162.5684220000403	113.0
163.0986430000048	113.0
163.6347620000597	113.0
164.16191700007766	113.0
164.69135600002483	113.0
165.22314600006212	113.0
165.75344300002325	113.0
166.2845560000278	86.00005160003096
166.38817699998617	86.00005160003096
167.0873830000637	86.00005160003096
167.78371400001924	86.00005160003096
168.48284100007731	183.99997546666995
168.52808100008406	183.99997546666995
168.85461999999825	183.99997546666995
169.18000100005884	183.99997546666995
169.50609000003897	183.99997546666995
169.8322900000494	183.99997546666995
170.15879400004633	183.99997546666995
170.48752200009767	183.99997546666995
170.81199399998877	183.99997546666995
171.13742899999488	183.99997546666995
171.46401100000367	183.99997546666995
171.7888929999899	183.99997546666995
172.11609600007068	110.0
172.21844900003634	110.0
172.7655570000643	110.0
173.30978500004858	110.0
173.8565060000401	110.0
174.4009800000349	67.99999546666697
174.67480400006752	67.99999546666697
175.55600500002038	67.99999546666697
176.43891400005668	67.99999546666697
177.32066399999894	67.99999546666697
178.2027770000277	61.99999586666694
178.22694399999455	61.99999586666694
179.19626700005028	61.99999586666694
180.16155900002923	77.99997660000702
180.89259900001343	77.99997660000702
181.66080200008582	77.99997660000702
182.4301840000553	77.99997660000702
183.20012100005988	77.99997660000702
183.9684320000233	77.99997660000702
184.7383260000497	216.99976130026258
184.79533900006209	216.99976130026258
185.07162900001276	216.99976130026258
185.3483010000782	216.99976130026258
185.6252589999931	216.99976130026258
185.90132699999958	216.99976130026258
186.17766200006008	185.000185000185
186.21396200009622	185.000185000185
186.53870700008702	185.000185000185
186.86458900000434	185.000185000185
187.18763500009663	185.000185000185
187.51264700002503	185.000185000185
187.83584600000177	185.000185000185
188.16115800000262	185.000185000185
188.48482200002763	185.000185000185
188.80924299999606	185.000185000185
189.13349100004416	185.000185000185
189.45743300009053	185.000185000185
189.7824290000135	185.000185000185
190.10644400003366	93.00004185001883
190.24480700003915	93.00004185001883
190.88931800005957	93.00004185001883
191.53508800000418	93.00004185001883
192.17996300000232	93.00004185001883
192.82468100008555	93.00004185001883
193.47085000004154	93.00004185001883
194.11651800002437	93.00004185001883
194.76031200005673	93.00004185001883
195.405774999992	93.00004185001883
196.05083700001705	93.00004185001883
196.69594500004314	93.00004185001883
197.34235000004992	93.00004185001883
197.98626200004946	93.00004185001883
198.63119099999312	93.00004185001883
199.27702600008342	93.00004185001883
199.92208600009326	93.00004185001883
200.56698300002608	93.00004185001883
201.21340700006112	93.00004185001883
201.8574310000986	93.00004185001883
202.50230200006627	93.00004185001883
203.14739699999336	93.00004185001883
203.79330000001937	93.00004185001883
204.43788700003643	93.00004185001883
205.08316200005356	93.00004185001883
205.72890300001018	93.00004185001883
206.3748220000416	93.00004185001883
207.01924500009045	93.00004185001883
207.6639350000769	93.00004185001883
208.30921000009403	93.00004185001883
208.9537260000361	93.00004185001883
209.600228000083	93.00004185001883
210.24652200005949	93.00004185001883
210.89084900007583	93.00004185001883
211.5367280000355	93.00004185001883
212.1801390000619	93.00004185001883
212.82517900003586	93.00004185001883
213.47009399998933	93.00004185001883
214.11509000009391	93.00004185001883
214.7618080000393	93.00004185001883
215.4058280000463	93.00004185001883
216.05087200005073	93.00004185001883
216.69622100004926	93.00004185001883
217.34183100005612	93.00004185001883
217.9863469999982	93.00004185001883
218.63195599999744	93.00004185001883
219.27697100001387	93.00004185001883
219.92274300009012	93.00004185001883
220.56740200007334	93.00004185001883
221.21231100009754	93.00004185001883
221.857151000062	93.00004185001883
222.50228400004562	93.00004185001883
223.1474650000455	93.00004185001883
223.79298800008837	93.00004185001883
224.43811099999584	93.00004185001883
225.0838770000264	93.00004185001883
225.7281710000243	93.00004185001883
226.37404500006232	93.00004185001883
227.01857700000983	93.00004185001883
227.6644110000925	93.00004185001883
228.30889900005423	93.00004185001883
228.95480300008785	93.00004185001883
229.59956700005569	93.00004185001883
230.2456860000966	93.00004185001883
230.8900020000292	93.00004185001883
231.53473100007977	93.00004185001883
232.17957000003662	93.00004185001883
232.82695200003218	93.00004185001883
233.4705650000833	93.00004185001883
234.1157110000495	93.00004185001883
234.76188600005116	93.00004185001883
235.4067750000395	93.00004185001883
236.05223999998998	93.00004185001883
236.6957500000717	93.00004185001883
237.34097500005737	93.00004185001883
237.98662300000433	93.00004185001883
238.63221800001338	93.00004185001883
239.27670100005344	93.00004185001883
239.92285100009758	93.00004185001883


8.17691600008402	120.0
8.666440000059083	120.0
9.001040000002831	120.0
9.501902000047266	120.0
10.00034999998752	120.0
10.500741000054404	120.0
11.002017999999225	120.0
11.500568000017665	120.0
12.000923000043258	120.0
12.502032999997027	120.0
13.001295000081882	120.0
13.500304999994114	120.0
14.000470000086352	120.0
14.50464300008025	120.0
15.00058600003831	120.0
15.500507000018843	120.0
16.00256600009743	120.0
16.500585000030696	120.0
17.001825000043027	120.0
17.50156100001186	120.0
18.001777000026777	120.0
18.501729000010528	120.0
19.00160900002811	120.0
19.500522000016645	120.0
20.001047000056133	120.0
20.500287000089884	120.0
21.001607000012882	120.0
21.501506000058725	120.0
22.00194600003306	120.0
22.500196000095457	120.0
23.000706000020728	120.0
23.501103000016883	120.0
24.001236999989487	120.0
24.500439000083134	120.0
25.001175999990664	120.0
25.500606000074185	120.0
26.00121100002434	120.0
26.500735000008717	120.0
27.00094000005629	120.0
27.50081700005103	120.0
28.001576000009663	80.99997165000993
28.109393000020646	80.99997165000993
28.85020099999383	80.99997165000993
29.590766999986954	80.99997165000993
30.33248600002844	129.00007740004645
30.58679500001017	129.00007740004645
31.052354000043124	129.00007740004645
31.517116000060923	129.00007740004645
31.98391100007575	129.00007740004645
32.44787700008601	129.00007740004645
32.91316400002688	129.00007740004645
33.37770100007765	129.00007740004645
33.84367700002622	147.0
34.243244000012055	147.0
34.65048499999102	147.0
35.058966000098735	147.0
35.46692700008862	147.0
35.87551300006453	147.0
36.28276299999561	160.99991681670966
36.63093800004572	160.99991681670966
37.004615999991074	160.99991681670966
37.376969000091776	160.99991681670966
37.74889700009953	160.99991681670966
38.12215000006836	160.99991681670966
38.494703000062145	160.99991681670966
38.867373000015505	160.99991681670966
39.23998000007123	160.99991681670966
39.61292099999264	160.99991681670966
39.98564100009389	198.99969486713454
40.24761800002307	198.99969486713454
40.54827400005888	198.99969486713454
40.85017400002107	198.99969486713454
41.15156999998726	198.99969486713454
41.45500100008212	198.99969486713454
41.7544760000892	198.99969486713454
42.05646100000013	165.000165000165
42.11574500007555	165.000165000165
42.47717100009322	165.000165000165
42.841989000095055	165.000165000165
43.205439000041224	165.000165000165
43.56784700008575	165.000165000165
43.93241600005422	165.000165000165
44.294991000089794	165.000165000165
44.65889000007883	165.000165000165
45.02262599999085	165.000165000165
45.38642300001811	165.000165000165
45.749716000049375	165.000165000165
46.11319300008472	50.0
46.52011200005654	50.0
47.71997099998407	50.0
48.91969900007825	187.99996240000752
49.04464500001632	187.99996240000752
49.362985000014305	187.99996240000752
49.68182500009425	187.99996240000752
50.002613999997266	187.99996240000752
50.320915000047535	187.99996240000752
50.640150999999605	187.99996240000752
50.95870100008324	187.99996240000752
51.27810200001113	187.99996240000752
51.597152000060305	187.99996240000752
51.91603299998678	85.00004250002125
52.075776000041515	85.00004250002125
52.78161900001578	85.00004250002125
53.48677000007592	85.00004250002125
54.195092000067234	85.00004250002125
54.898999000084586	144.0
55.18419900001027	144.0
55.60164700006135	144.0
56.017471000086516	144.0
56.434476000024006	144.0
56.85190800006967	144.0
57.26887000002898	144.0
57.68406200001482	144.0
58.10115600004792	75.99996960001216
58.36646900000051	75.99996960001216
59.15569500008132	75.99996960001216
59.94504300004337	32.0
60.13688700005878	32.0
62.01138600008562	32.0
63.8871410000138	102.0
64.42095200007316	102.0
65.00934500002768	102.0
65.59772600000724	102.0
66.18595700000878	187.99996240000752
66.3328160000965	187.99996240000752
66.65218400000595	187.99996240000752
66.97242000000551	187.99996240000752
67.29173699999228	187.99996240000752
67.61081199999899	187.99996240000752
67.9293010000838	187.99996240000752
68.24871300009545	187.99996240000752
68.56675800005905	187.99996240000752
68.88630600005854	187.99996240000752
69.2051040000515	187.99996240000752
69.52432500000577	187.99996240000752
69.84383500006516	207.99966720053249
70.1287870000815	207.99966720053249
70.41717100003734	207.99966720053249
70.70606900006533	207.99966720053249
70.9965970000485	207.99966720053249
71.28299000009429	207.99966720053249
71.57252500008326	207.99966720053249
71.86021100007929	38.99998830000351
72.0672060000943	38.99998830000351
73.60660100006498	38.99998830000351
75.14439500006847	38.99998830000351
76.68395600002259	154.000154000154
76.81633800000418	154.000154000154
77.20600200002082	154.000154000154
77.59609500004444	154.000154000154
77.98618100001477	28.000001866666793
78.74259200005326	28.000001866666793
80.88586800009944	28.000001866666793
83.02845400001388	75.99996960001216
83.05444000009447	75.99996960001216
83.84299700008705	116.0
84.35365499998443	116.0
84.87157300009858	116.0
85.38834700000007	116.0
85.90710499999113	116.0
86.42381400009617	116.0
86.94014100008644	116.0
87.45708500000183	116.0
87.97456700005569	113.00009605008164
87.97813000006136	113.00009605008164
88.50876400002744	113.00009605008164
89.04017100005876	113.00009605008164
89.57059300004039	113.00009605008164
90.10177900001872	50.0
90.45191200007685	50.0
91.65260500006843	50.0
92.85197600000538	50.0
94.05155800003558	125.0
94.39757300005294	125.0
94.87695800000802	125.0
95.35725000000093	125.0
95.83676199999172	125.0
96.31735999998637	137.00006393336318
96.71250000002328	137.00006393336318
97.15166299999692	137.00006393336318
97.58843400003389	137.00006393336318
98.02590400003828	137.00006393336318
98.46417500008829	137.00006393336318
98.90210100007243	137.00006393336318
99.34035200008657	137.00006393336318
99.77792600006796	137.00006393336318
100.21621099999174	22.999996933333744
102.10624600003939	40.99998975000256
103.48177700000815	40.99998975000256
104.94721400004346	40.99998975000256
106.4095560000278	175.00007291669704
106.61618700006511	175.00007291669704
106.95765600004233	175.00007291669704
107.30186100001447	175.00007291669704
107.6437970000552	175.00007291669704
107.98659900005441	211.00014066676044
108.24505000002682	211.00014066676044
108.5295150000602	211.00014066676044
108.81536400003824	211.00014066676044
109.09840700007044	211.00014066676044
109.38257200003136	211.00014066676044
109.66702900000382	211.00014066676044
109.95109200000297	211.00014066676044
110.23588300007395	211.00014066676044
110.51991300005466	211.00014066676044
110.8047540000407	211.00014066676044
111.08889400004409	211.00014066676044
111.37459400005173	211.00014066676044
111.65762399998493	211.00014066676044
111.94187199999578	140.99997180000565
111.9936170000583	140.99997180000565
112.41856900008861	140.99997180000565
112.84373399999458	140.99997180000565
113.26892400009092	140.99997180000565
113.69553300004918	140.99997180000565
114.12172699999064	140.99997180000565
114.54551100009121	140.99997180000565
114.9709370000055	165.0
115.31710500002373	165.0
115.68088500003796	165.0
116.04410000005737	165.0
116.40806200006045	165.0
116.77103699999861	165.0
117.13601000001654	165.0
117.49892500007991	165.0
117.86232800001744	165.0
118.22621600003913	98.99993565004183
118.46948600001633	98.99993565004183
119.07544799998868	98.99993565004183
119.68126900005154	98.99993565004183
120.28791800001636	20.99999895000005
121.86776799999643	20.99999895000005
124.72500099998433	187.0
124.9228010000661	187.0
125.24388700001873	187.0
125.56611500005238	187.0
125.8864670000039	187.0
126.20595700002741	44.000011733336464
127.10635900008492	44.000011733336464
128.47120100003667	44.000011733336464
129.83410000009462	44.000011733336464
131.19722600001842	178.99974940035085
131.2523790000705	178.99974940035085
131.58754400000907	178.99974940035085
131.92436200007796	178.99974940035085
132.25834200007375	167.00020318358054
132.2819970001001	167.00020318358054
132.64031899999827	167.00020318358054
132.99939300003462	167.00020318358054
133.3586420000065	167.00020318358054
133.7180459999945	167.00020318358054
134.07693400001153	167.00020318358054
134.43693100009114	167.00020318358054
134.79572799999733	167.00020318358054
135.15706400002819	167.00020318358054
135.51441400009207	167.00020318358054
135.87404900009278	167.00020318358054
136.23263800004497	143.99988480009216
136.2803820000263	143.99988480009216
136.69773400004487	143.99988480009216
137.1148000000976	143.99988480009216
137.53039299999364	143.99988480009216
137.9475270000985	50.99998215000625
137.9696400000248	50.99998215000625
139.14685500005726	50.99998215000625
140.32258400006685	50.99998215000625
141.5001780000748	50.99998215000625
142.67672800004948	140.99997180000565
143.0581569999922	140.99997180000565
143.48326600005385	140.99997180000565
143.9099189999979	140.99997180000565
144.3348260000348	137.0
144.34569099999499	137.0
144.7844520000508	137.0
145.22171600000001	137.0
145.65993500000332	137.0
146.09754099999554	137.0
146.53604999999516	137.0
146.97356600000057	137.0
147.4115050000837	137.0
147.85032100009266	137.0
148.2873649999965	159.0002067002687
148.61826400004793	159.0002067002687
148.99583900009748	159.0002067002687
149.37268100003712	159.0002067002687
149.75004200008698	159.0002067002687
150.1279710000381	48.0
150.5422040000558	48.0
151.7915450000437	48.0
153.04243100003805	48.0
154.29159300005995	38.0
154.38248000002932	38.0
155.96119100006763	38.0
157.5400780000491	102.0000510000255
157.71744300005957	102.0000510000255
158.30606900004204	102.0000510000255
158.89460100000724	102.0000510000255
159.48221400007606	102.0000510000255
160.0714610000141	211.00014066676044
160.29311299999245	211.00014066676044
160.5769300000975	211.00014066676044
160.86258000007365	211.00014066676044
161.14597900002263	211.00014066676044
161.42998000001535	211.00014066676044
161.71512000006624	211.00014066676044
161.99970000004396	113.00009605008164
162.03679600008763	113.00009605008164
162.56805400003213	113.00009605008164
163.09838400001172	113.00009605008164
163.63023400004022	113.00009605008164
164.1624310000334	113.00009605008164
164.69187900004908	113.00009605008164
165.22296100005042	113.00009605008164
165.75325900001917	113.00009605008164
166.28477200004272	86.00005160003096
166.3879920000909	86.00005160003096
167.08709500008263	86.00005160003096
167.78358100005426	86.00005160003096
168.4823430000106	183.99997546666995
168.52787600003649	183.99997546666995
168.85419099999126	183.99997546666995
169.1802440000465	183.99997546666995
169.50677700003143	183.99997546666995
169.8328540000366	183.99997546666995
170.15853100002278	183.99997546666995
170.48735100007616	183.99997546666995
170.81199399998877	183.99997546666995
171.13722000003327	183.99997546666995
171.46338600001764	183.99997546666995
171.78863500000443	183.99997546666995
172.11652300006244	109.99990833340972
172.21814500004984	109.99990833340972
172.7650540000759	109.99990833340972
173.31006300006993	109.99990833340972
173.85640000004787	109.99990833340972
174.4007200000342	68.0
174.67480400006752	68.0
175.55623500002548	68.0
176.43889900005888	68.0
177.32064300007187	68.0
178.20433700003196	61.99999586666694
178.22665500000585	61.99999586666694
179.19641299999785	61.99999586666694
180.16202799999155	77.99997660000702
180.8923650000943	77.99997660000702
181.66059099999256	77.99997660000702
182.42985100008082	77.99997660000702
183.20012100005988	77.99997660000702
183.96910099999513	217.0
184.24333100009244	217.0
184.51862300001085	217.0
184.79550200002268	217.0
185.07158500002697	217.0
185.34831300005317	217.0
185.625192000065	217.0
185.9010450000642	217.0
186.1781080000801	185.000185000185
186.2143750000978	185.000185000185
186.53869499999564	185.000185000185
186.86479900009	185.000185000185
187.18799100001343	185.000185000185
187.51267900003586	185.000185000185
187.83565800008364	185.000185000185
188.16104999999516	185.000185000185
188.4851150000468	185.000185000185
188.8095120000653	185.000185000185
189.13384400005452	185.000185000185
189.4572540000081	185.000185000185
189.78221199999098	185.000185000185
190.1062690000981	93.00004185001883
190.24444300006144	93.00004185001883
190.88960300001781	93.00004185001883
191.53474999999162	93.00004185001883
192.17988300009165	93.00004185001883
192.8249599999981	93.00004185001883
193.471033000038	93.00004185001883
194.1167350000469	93.00004185001883
194.76025300007313	93.00004185001883
195.4060790000949	93.00004185001883
196.0512700000545	93.00004185001883
196.69618900003843	93.00004185001883
197.3428090000525	93.00004185001883
197.98604500002693	93.00004185001883
198.63171900005545	93.00004185001883
199.27679000003263	93.00004185001883
199.9225940000033	93.00004185001883
200.56670800002757	93.00004185001883
201.21386600006372	93.00004185001883
201.85713000001851	93.00004185001883
202.50210300006438	93.00004185001883
203.14789300004486	93.00004185001883
203.79350100003649	93.00004185001883
204.4380620000884	93.00004185001883
205.08286700001918	93.00004185001883
205.72882499999832	93.00004185001883
206.37527700001374	93.00004185001883
207.0190560000483	93.00004185001883
207.66342300001998	93.00004185001883
208.30953700002283	93.00004185001883
208.95370499999262	93.00004185001883
209.60034400003497	93.00004185001883
210.24653500004206	93.00004185001883
210.89035200001672	93.00004185001883
211.53624100005254	93.00004185001883
212.17996500001755	93.00004185001883
212.82473500003107	93.00004185001883
213.47026000008918	93.00004185001883
214.1155030000955	93.00004185001883
214.76185700006317	93.00004185001883
215.4059830000624	93.00004185001883
216.05070100002922	93.00004185001883
216.69575900002383	93.00004185001883
217.34163300006185	93.00004185001883
217.9861150000943	93.00004185001883
218.63160100008827	93.00004185001883
219.27671800006647	93.00004185001883
219.92249300004914	93.00004185001883
220.56764200003818	93.00004185001883
221.21220100007486	93.00004185001883
221.8570550000295	93.00004185001883
222.50287200009916	93.00004185001883
223.14792800007854	93.00004185001883
223.79268499999307	93.00004185001883
224.4384250000585	93.00004185001883
225.08419800002594	93.00004185001883
225.7279780000681	93.00004185001883
226.37445000000298	93.00004185001883
227.0183449999895	93.00004185001883
227.66420200001448	93.00004185001883
228.30881100008264	93.00004185001883
228.955200000084	93.00004185001883
229.59976400004234	93.00004185001883
230.2456269999966	93.00004185001883
230.8901570000453	93.00004185001883
231.5352160000475	93.00004185001883
232.1800790000707	93.00004185001883
232.82647400000133	93.00004185001883
233.4705650000833	93.00004185001883
234.11593600001652	93.00004185001883
234.76173800008837	93.00004185001883
235.4072200000519	93.00004185001883
236.05247500003316	93.00004185001883
236.69624800002202	93.00004185001883
237.34099000005517	93.00004185001883
237.98705500003416	93.00004185001883
238.63194200000726	93.00004185001883
239.2767200000817	93.00004185001883
239.92183400003705	93.00004185001883