0.0068240000400692225	120.0
0.5007040000054985	120.0
1.002585000009276	120.0
1.5005880000535399	120.0
2.000586000038311	120.0
2.5003779999678954	120.0
3.000545999966562	120.0
3.5004050000570714	120.0
4.000734000001103	120.0
4.5006040000589564	120.0
5.0004160000244156	120.0
5.501631999970414	120.0
6.000752000021748	120.0
6.500340000027791	120.0
7.000599000020884	120.0
7.5007040000054985	120.0
8.000532999983989	120.0
8.502242999966256	120.0
9.000558000057936	120.0
9.501256000017747	120.0
10.000772999948822	120.0
10.500684999977238	120.0
11.000281000044197	120.0
11.500898999976926	120.0
12.001272000023164	120.0
12.501129999989644	120.0
13.00043600006029	120.0
13.500478000030853	120.0
14.00539199996274	120.0
14.50126100005582	120.0
15.000732999993488	120.0
15.500847000046633	120.0
16.000573000055738	120.0
16.501006999984384	120.0
17.000335999997333	120.0
17.50089200004004	120.0
18.00083999999333	120.0
18.500302999978885	120.0
19.000297000049613	120.0
19.500603000051342	120.0
20.00099199998658	120.0
20.501209000009112	120.0
21.00055200001225	120.0
21.500735000008717	120.0
22.00069200003054	120.0
22.500495000043884	120.0
23.000334999989718	120.0
23.50723700004164	120.0
24.000551000004634	120.0
24.503487000009045	120.0
25.00044400000479	120.0
25.50099800003227	120.0
26.000527000054717	120.0
26.500585000030696	120.0
27.000866999966092	120.0
27.5011269999668	120.0
28.000364999985322	40.0
29.07396399998106	40.0
30.573950999998488	217.0
30.766391000011936	217.0
31.043259000056423	217.0
31.319392999983393	217.0
31.596718000015244	217.0
31.872545000049286	217.0
32.149086000048555	217.0
32.42674899997655	217.0
32.70190600003116	217.0
32.9797719999915	217.0
33.25512300000992	217.0
33.53170799999498	20.99999895000005
34.1734980000183	20.99999895000005
37.03071500000078	55.00000458333371
37.14951600006316	55.00000458333371
38.24048000003677	55.00000458333371
39.33117400004994	55.00000458333371
40.42254099994898	187.0
40.70577300002333	187.0
41.02790900005493	187.0
41.346911999979056	187.0
41.66856500005815	126.99998518333506
41.76329200004693	126.99998518333506
42.23689199995715	126.99998518333506
42.707779000047594	126.99998518333506
43.18108799995389	126.99998518333506
43.65352900000289	126.99998518333506
44.125797000015154	126.99998518333506
44.59976200002711	126.99998518333506
45.069897999987006	126.99998518333506
45.542582000023685	59.00000885000133
45.62467499997001	59.00000885000133
46.64278400002513	59.00000885000133
47.658904999960214	201.999798000202
47.82084499998018	201.999798000202
48.116292000049725	201.999798000202
48.41340099996887	201.999798000202
48.709986999980174	201.999798000202
49.00738500000443	201.999798000202
49.30460699996911	201.999798000202
49.60113500000443	201.999798000202
49.89786899997853	201.999798000202
50.19515100005083	201.999798000202
50.492209000047296	201.999798000202
50.78971000004094	201.999798000202
51.08625699998811	201.999798000202
51.38290700002108	201.999798000202
51.68038799997885	171.00009405005173
51.720833000028506	171.00009405005173
52.06969300005585	171.00009405005173
52.420759000000544	171.00009405005173
52.77402400004212	171.00009405005173
53.12297300004866	171.00009405005173
53.47356499999296	171.00009405005173
53.824637999990955	187.99996240000752
54.1119470000267	187.99996240000752
54.43102300004102	187.99996240000752
54.75026000000071	187.99996240000752
55.070184999960475	187.99996240000752
55.3901139999507	187.99996240000752
55.7082090000622	187.99996240000752
56.02828900003806	187.99996240000752
56.34618400002364	187.99996240000752
56.66551800002344	187.99996240000752
56.983927999972366	187.99996240000752
57.303442000062205	187.99996240000752
57.62201900000218	213.00010650005325
57.88708100002259	213.00010650005325
58.16785600001458	213.00010650005325
58.45047699997667	213.00010650005325
58.73125199996866	213.00010650005325
59.01329200004693	213.00010650005325
59.29468900000211	213.00010650005325
59.57768400001805	124.0
59.652434000046924	124.0
60.13616700004786	124.0
60.62020600005053	124.0
61.10383899998851	124.0
61.58838400000241	124.0
62.07148899999447	124.0
62.55570400005672	124.0
63.04142300004605	124.0
63.52363800001331	82.99995020002989
63.54777299996931	82.99995020002989
64.26968000002671	82.99995020002989
64.99322199996095	82.99995020002989
65.7156299999915	131.00007641671124
66.08728800003882	131.00007641671124
66.5440139999846	131.00007641671124
67.00207299995236	131.00007641671124
67.46012800000608	131.00007641671124
67.91928100003861	131.00007641671124
68.37793299998157	131.00007641671124
68.83554800006095	131.00007641671124
69.29254299995955	131.00007641671124
69.75059399998281	198.0
69.96230799995828	198.0
70.26661100005731	198.0
70.56977399997413	198.0
70.87147300003562	198.0
71.17584499996156	198.0
71.47733500006143	198.0
71.78126600000542	213.00010650005325
72.0413529999787	213.00010650005325
72.32370499998797	213.00010650005325
72.60529700003099	213.00010650005325
72.88657299999613	213.00010650005325
73.16987900005188	213.00010650005325
73.45058399997652	213.00010650005325
73.73122700001113	213.00010650005325
74.01343599997927	213.00010650005325
74.29622699995525	213.00010650005325
74.57621900003869	213.00010650005325
74.85941799997818	213.00010650005325
75.13928700005636	213.00010650005325
75.42184600001201	213.00010650005325
75.70350099995267	177.99981606685674
75.74646299995948	177.99981606685674
76.08375999995042	177.99981606685674
76.42066800000612	177.99981606685674
76.75785399996676	177.99981606685674
77.09562300005928	177.99981606685674
77.43176900001708	177.99981606685674
77.7691750000231	87.00002175000543
78.06600900006015	87.00002175000543
78.75616200000513	87.00002175000543
79.44600300001912	87.00002175000543
80.13501099997666	87.00002175000543
80.82411699998192	87.00002175000543
81.51399000000674	45.000011250002814
81.53800900001079	45.000011250002814
82.87113600003067	45.000011250002814
84.20516500005033	172.00010320006191
84.37220800004434	172.00010320006191
84.72175000002608	172.00010320006191
85.07035299995914	172.00010320006191
85.42076200002339	172.00010320006191
85.76799099997152	172.00010320006191
86.118209999986	172.00010320006191
86.46644800005015	172.00010320006191
86.81557500001509	172.00010320006191
87.16357400000561	172.00010320006191
87.51180199999362	137.00006393336318
87.51696899998933	137.00006393336318
87.95594600006007	137.00006393336318
88.39259199996013	137.00006393336318
88.83061000006273	137.00006393336318
89.2708809999749	137.00006393336318
89.70966000005137	183.0
89.98025100002997	183.0
90.30789299996104	183.0
90.63700600003358	183.0
90.96437000005972	183.0
91.29134300001897	183.0
91.61965600005351	183.0
91.94697900000028	183.0
92.27617600001395	183.0
92.60336499998812	183.0
92.93061999999918	183.0
93.25913899997249	183.0
93.58718300005421	130.00013000013
93.62364000000525	130.00013000013
94.08562300004996	130.00013000013
94.54760699998587	130.00013000013
95.00763300003018	130.00013000013
95.46904899994843	130.00013000013
95.93066900002304	83.99996640001343
96.16815200005658	83.99996640001343
96.88131099997554	83.99996640001343
97.59582899999805	83.99996640001343
98.30967300001066	83.99996640001343
99.02491399995051	83.99996640001343
99.74008699995466	129.0
100.11994000000414	129.0
100.58464100002311	129.0
101.04957599996123	129.0
101.51533199998084	109.99990833340972
101.51603399997111	109.99990833340972
102.06184300000314	109.99990833340972
102.60839599999599	109.99990833340972
103.15284800005611	109.99990833340972
103.69820400001481	109.99990833340972
104.24374599999283	109.99990833340972
104.78983000002336	109.99990833340972
105.33550899999682	109.99990833340972
105.88005499995779	69.00001725000432
106.10327700001653	69.00001725000432
106.97320799995214	69.00001725000432
107.84177499997895	192.0
107.93909600004554	192.0
108.24967499997001	192.0
108.56283700000495	192.0
108.87458299996797	192.0
109.18751600000542	192.0
109.50010000006296	192.0
109.8124470000621	192.0
110.12469900003634	192.0
110.43787200003862	192.0
110.75114399997983	192.0
111.06225199997425	192.0
111.37552400003187	192.0
111.68694299994968	218.00028340036843
111.94242099998519	218.00028340036843
112.21741799998563	218.00028340036843
112.4913500000257	218.00028340036843
112.76792799995746	218.00028340036843
113.04172400000971	218.00028340036843
113.31811700004619	218.00028340036843
113.59213500004262	201.999798000202
113.60025999997742	201.999798000202
113.8971929999534	201.999798000202
114.19314700004179	201.999798000202
114.49048300005961	201.999798000202
114.7872389999684	201.999798000202
115.08518699998967	201.999798000202
115.3814789999742	201.999798000202
115.6795909999637	201.999798000202
115.97547599999234	201.999798000202
116.27228000003379	201.999798000202
116.56917000003159	201.999798000202
116.86617000005208	201.999798000202
117.16356300003827	201.999798000202
117.46018399996683	201.999798000202
117.75847100000829	42.00001260000378
118.69110399996862	42.00001260000378
120.11957300000358	117.0
120.24471100000665	117.0
120.7583909999812	117.0
121.26958600000944	117.0
121.78349699999671	117.0
122.29636200005189	117.0
122.80860900005791	117.0
123.32120400003623	117.0
123.83448099996895	138.9998957500782
124.21705600002315	138.9998957500782
124.64921000006143	138.9998957500782
125.08113199996296	138.9998957500782
125.51121999998577	138.9998957500782
125.94291500002146	168.99980283356336
126.2235609999625	168.99980283356336
126.58010000002105	168.99980283356336
126.93390099995304	168.99980283356336
127.28855699999258	168.99980283356336
127.64423900004476	168.99980283356336
127.99834499997087	168.99980283356336
128.35424999997485	168.99980283356336
128.70983800000977	168.99980283356336
129.06361700000707	168.99980283356336
129.41890499996953	168.99980283356336
129.7748760000104	112.0
129.90079800004605	112.0
130.43745099997614	112.0
130.97186900000088	112.0
131.5087160000112	112.0
132.0431920000119	154.000154000154
132.29297399998177	154.000154000154
132.6823480000021	154.000154000154
133.0730700000422	154.000154000154
133.4612630000338	154.000154000154
133.85157499997877	154.000154000154
134.24391299998388	154.000154000154
134.6305370000191	154.000154000154
135.01981600001454	154.000154000154
135.40953099995386	154.000154000154
135.80079200002365	178.99974940035085
136.09904400003143	178.99974940035085
136.43284899997525	178.99974940035085
136.76697700005025	178.99974940035085
137.10299599997234	178.99974940035085
137.4406579999486	178.99974940035085
137.77350500004832	210.00021000021
138.02539600001182	210.00021000021
138.311520999996	210.00021000021
138.59514800005127	210.00021000021
138.88089599995874	210.00021000021
139.166331000044	210.00021000021
139.45284599997103	210.00021000021
139.73827099998016	210.00021000021
140.0246239999542	210.00021000021
140.31108100002166	210.00021000021
140.59652000002097	210.00021000021
140.88130600005388	210.00021000021
141.16652600001544	210.00021000021
141.45356399996672	210.00021000021
141.73887100000866	93.00004185001883
141.99839600000996	93.00004185001883
142.6426640000427	93.00004185001883
143.28832299995702	93.00004185001883
143.93300299998373	26.000003466667128
144.941191000049	26.000003466667128
147.24986400001217	26.000003466667128
149.55620300001465	32.0
150.8681959999958	32.0
152.74262899998575	32.0
154.617394000059	46.99999060000188
155.55263100005686	46.99999060000188
156.8310539999511	177.99981606685674
156.90348400000948	177.99981606685674
157.23961699998472	177.99981606685674
157.57721699995454	177.99981606685674
157.91468899999745	177.99981606685674
158.25041900004726	177.99981606685674
158.58793999999762	177.99981606685674
158.92601399996784	177.99981606685674
159.26212400000077	177.99981606685674
159.60093700001016	211.0
159.88048299995717	211.0
160.16098899999633	211.0
160.44619699998293	211.0
160.73068200005218	211.0
161.01454899995588	211.0
161.30325200001244	211.0
161.5833809999749	131.00007641671124
161.59825300006196	131.00007641671124
162.05699099996127	131.00007641671124
162.5145949999569	131.00007641671124
162.97191700001713	131.00007641671124
163.43021699995734	131.00007641671124
163.88762199995108	131.00007641671124
164.34620799997356	131.00007641671124
164.80452100001276	131.00007641671124
165.2627199999988	131.00007641671124
165.7199280000059	200.0
165.96629500004929	200.0
166.2670859999489	200.0
166.56586900004186	200.0
166.86558800004423	200.0
167.16581699997187	200.0
167.46652300003916	200.0
167.76608900004067	61.99999586666694
168.21100899996236	61.99999586666694
169.17981999996118	61.99999586666694
170.14759599999525	61.99999586666694
171.11440900003072	61.99999586666694
172.0822300000582	177.00002655000398
172.0856259999564	177.00002655000398
172.42584999999963	177.00002655000398
172.7638230000157	177.00002655000398
173.10262000001967	177.00002655000398
173.44146300002467	177.00002655000398
173.78012600005604	72.00002880001152
174.08877999999095	72.00002880001152
174.9229419999756	72.00002880001152
175.75713200005703	72.00002880001152
176.58998100005556	72.00002880001152
177.42238999996334	72.00002880001152
178.25671800004784	71.00003550001774
178.26652699999977	71.00003550001774
179.11018900002819	71.00003550001774
179.95518399996217	176.0
180.06816599995364	176.0
180.40940999996383	176.0
180.75045799999498	176.0
181.09124099998735	176.0
181.4317250000313	176.0
181.7728669999633	176.0
182.11387999996077	176.0
182.45531999995	176.0
182.7951340000145	176.0
183.136904999963	176.0
183.47967000002973	176.0
183.8195719999494	170.0000850000425
183.8264879999915	170.0000850000425
184.18093499995302	170.0000850000425
184.53317299997434	170.0000850000425
184.88536800001748	170.0000850000425
185.23936600005254	170.0000850000425
185.590622000047	170.0000850000425
185.94473300001118	162.000162000162
185.96177699998952	162.000162000162
186.3331949999556	162.000162000162
186.7027020000387	162.000162000162
187.07419499999378	162.000162000162
187.44466899998952	162.000162000162
187.81464600004256	162.000162000162
188.1845729999477	162.000162000162
188.55557199998293	162.000162000162
188.92607100005262	162.000162000162
189.29628799995407	162.000162000162
189.66720300004818	88.0
189.73690400004853	88.0
190.41841799998656	88.0
191.10058099997696	88.0
191.78200100001413	186.9997756002693
191.99521299998742	186.9997756002693
192.31579100003	186.9997756002693
192.63606000004802	186.9997756002693
192.95831999997608	186.9997756002693
193.27835599996615	186.9997756002693
193.59874200006016	186.9997756002693
193.91944800002966	186.9997756002693
194.24030800000764	186.9997756002693
194.56133399996907	186.9997756002693
194.8827169999713	186.9997756002693
195.20335099997465	186.9997756002693
195.52445699996315	186.9997756002693
195.84580500004813	186.9997756002693
196.16652800003067	186.9997756002693
196.4867249999661	186.9997756002693
196.8079030000372	186.9997756002693
197.12964599998668	186.9997756002693
197.44911000004504	186.9997756002693
197.77121899998747	186.9997756002693
198.09126899996772	186.9997756002693
198.41148700006306	186.9997756002693
198.73288699996192	186.9997756002693
199.0537010000553	186.9997756002693
199.3749110000208	186.9997756002693
199.6950609999476	186.9997756002693
200.01526400004514	186.9997756002693
200.33683299995027	186.9997756002693
200.65878099994734	186.9997756002693
200.98033699998632	186.9997756002693
201.30032000003848	186.9997756002693
201.62117900000885	186.9997756002693
201.94105599995237	186.9997756002693
202.26133600005414	186.9997756002693
202.58284100005403	186.9997756002693
202.90411300002597	186.9997756002693
203.224782000063	186.9997756002693
203.54557299998123	186.9997756002693
203.86569200002123	186.9997756002693
204.18748900003266	186.9997756002693
204.5084130000323	186.9997756002693
204.8300070000114	186.9997756002693
205.1503500000108	186.9997756002693
205.47124900005292	186.9997756002693
205.7920119999908	186.9997756002693
206.11179600004107	186.9997756002693
206.43321299995296	186.9997756002693
206.75389499997254	186.9997756002693
207.0743510000175	186.9997756002693
207.39607699995395	186.9997756002693
207.71655500005	186.9997756002693
208.03733199997805	186.9997756002693
208.3590639999602	186.9997756002693
208.67833200003952	186.9997756002693
208.99936699995305	186.9997756002693
209.31991800002288	186.9997756002693
209.64104300003964	186.9997756002693
209.9618199999677	186.9997756002693
210.28365700005088	186.9997756002693
210.60426900000311	186.9997756002693
210.92559100000653	186.9997756002693
211.2453590000514	186.9997756002693
211.56734399998095	186.9997756002693
211.88865800003987	186.9997756002693
212.20801199995913	186.9997756002693
212.52883700001985	186.9997756002693
212.84984899999108	186.9997756002693
213.17026200005785	186.9997756002693
213.49192699999548	186.9997756002693
213.81402499997057	186.9997756002693
214.13347899995279	186.9997756002693
214.45409999997355	186.9997756002693
214.7755210000323	186.9997756002693
215.09758699999657	186.9997756002693
215.41870000003837	186.9997756002693
215.7378889999818	186.9997756002693
216.0600019999547	186.9997756002693
216.38106699998025	186.9997756002693
216.7006650000112	186.9997756002693
217.02122600004077	186.9997756002693
217.34155500005	186.9997756002693
217.66268099995796	186.9997756002693
217.98425500001758	186.9997756002693
218.30425899999682	186.9997756002693
218.62515300000086	186.9997756002693


1.8151099999668077	120.0
2.30833100003656	120.0
2.500872000004165	120.0
3.0007820000173524	120.0
3.500612000003457	120.0
4.000528999953531	120.0
4.500939000048675	120.0
5.000758999958634	120.0
5.502072000061162	120.0
6.000425999984145	120.0
6.500175000051968	120.0
7.000904000014998	120.0
7.5007739999564365	120.0
8.00049200002104	120.0
8.502277999999933	120.0
9.000558000057936	120.0
9.501002000062726	120.0
10.000427999999374	120.0
10.500518999993801	120.0
11.000523000024259	120.0
11.500486999982968	120.0
12.000669999979436	120.0
12.50065199995879	120.0
13.000669999979436	120.0
13.500675000017509	120.0
14.002035000012256	120.0
14.500813000020571	120.0
15.001082999981008	120.0
15.500577999977395	120.0
16.000334999989718	120.0
16.500775999971665	120.0
17.00057100004051	120.0
17.50065599998925	120.0
18.000639999983832	120.0
18.500551000004634	120.0
19.00050199998077	120.0
19.500403000041842	120.0
20.000616000033915	120.0
20.50085399998352	120.0
21.00059399998281	120.0
21.50027700001374	120.0
22.000869999988936	120.0
22.500283999950625	120.0
23.00035700004082	120.0
23.5025570000289	120.0
24.000551000004634	120.0
24.50055700005032	120.0
25.001398000051267	120.0
25.501014000037685	120.0
26.000527000054717	120.0
26.500335999997333	120.0
27.00054799998179	120.0
27.50053299998399	120.0
28.000304999994114	40.0
29.07396399998106	40.0
30.573738000006415	216.99976130026258
30.766706999973394	216.99976130026258
31.042912999982946	216.99976130026258
31.31929100002162	216.99976130026258
31.596718000015244	216.99976130026258
31.872545000049286	216.99976130026258
32.14945899997838	216.99976130026258
32.42674899997655	216.99976130026258
32.70234099996742	216.99976130026258
32.9797719999915	216.99976130026258
33.25512300000992	216.99976130026258
33.53170799999498	20.99999895000005
34.1734980000183	20.99999895000005
37.03047899994999	55.0
37.14931899996009	55.0
38.24072600004729	55.0
39.33153600001242	55.0
40.42281899997033	186.9997756002693
40.70555199997034	186.9997756002693
41.02774799999315	186.9997756002693
41.34717099997215	186.9997756002693
41.668378000031225	126.99998518333506
41.76308199996129	126.99998518333506
42.23666900000535	126.99998518333506
42.707779000047594	126.99998518333506
43.181140000000596	126.99998518333506
43.65357199998107	126.99998518333506
44.12556700001005	126.99998518333506
44.59952599997632	126.99998518333506
45.070128999999724	126.99998518333506
45.54228599998169	59.0
45.625020000035875	59.0
46.64148400002159	59.0
47.65862400003243	201.999798000202
47.82082599995192	201.999798000202
48.116048000054434	201.999798000202
48.41360600001644	201.999798000202
48.710201999987476	201.999798000202
49.00737200002186	201.999798000202
49.3047169999918	201.999798000202
49.600942000048235	201.999798000202
49.89786899997853	201.999798000202
50.1949340000283	201.999798000202
50.4918240000261	201.999798000202
50.789721000008285	201.999798000202
51.08640699996613	201.999798000202
51.38308399997186	201.999798000202
51.680109999957494	171.00009405005173
51.720633000019006	171.00009405005173
52.06971299997531	171.00009405005173
52.42113899998367	171.00009405005173
52.77427199995145	171.00009405005173
53.12275800004136	171.00009405005173
53.47320100001525	171.00009405005173
53.824391999980435	187.99996240000752
54.11175999999978	187.99996240000752
54.43121399998199	187.99996240000752
54.750249000033364	187.99996240000752
55.07055800000671	187.99996240000752
55.39014499995392	187.99996240000752
55.70804900000803	187.99996240000752
56.0278920000419	187.99996240000752
56.34595999994781	187.99996240000752
56.665319000021555	187.99996240000752
56.98438699997496	187.99996240000752
57.303659999975935	187.99996240000752
57.622241999953985	213.00010650005325
57.88734600006137	213.00010650005325
58.16763599996921	213.00010650005325
58.45022999995854	213.00010650005325
58.73101900005713	213.00010650005325
59.01382300001569	213.00010650005325
59.294299000059254	213.00010650005325
59.57743000006303	123.99999173333389
59.652222000062466	123.99999173333389
60.13640800002031	123.99999173333389
60.62000600004103	123.99999173333389
61.104172999970615	123.99999173333389
61.58838400000241	123.99999173333389
62.071697999956086	123.99999173333389
62.55570400005672	123.99999173333389
63.041257999953814	123.99999173333389
63.5238899999531	82.99995020002989
63.54815399996005	82.99995020002989
64.26977100002114	82.99995020002989
64.99290099996142	82.99995020002989
65.71579000004567	131.0
66.08641400001943	131.0
66.54503100004513	131.0
67.00220900005661	131.0
67.46014900004957	131.0
67.9193250000244	131.0
68.3776980000548	131.0
68.83781100006308	131.0
69.29257000004873	131.0
69.75037300004624	198.000198000198
69.96267799998168	198.000198000198
70.26639600005001	198.000198000198
70.56962700001895	198.000198000198
70.87147300003562	198.000198000198
71.1754700000165	198.000198000198
71.47713400004432	198.000198000198
71.7809389999602	213.00010650005325
72.04111300001387	213.00010650005325
72.32326099998318	213.00010650005325
72.60567199997604	213.00010650005325
72.88674700004049	213.00010650005325
73.16964099998586	213.00010650005325
73.45033500005957	213.00010650005325
73.73104400001466	213.00010650005325
74.01322600001004	213.00010650005325
74.29553799994756	213.00010650005325
74.57606700004544	213.00010650005325
74.85962999996264	213.00010650005325
75.13949199998751	213.00010650005325
75.42159299994819	213.00010650005325
75.70349400001578	178.0
75.74646299995948	178.0
76.08375999995042	178.0
76.42087599996012	178.0
76.75807800004259	178.0
77.09562300005928	178.0
77.43229300004896	178.0
77.76921699999366	87.00002175000543
78.06582400004845	87.00002175000543
78.75597399997059	87.00002175000543
79.44577099999879	87.00002175000543
80.1352290000068	87.00002175000543
80.82427199999802	87.00002175000543
81.5139790000394	45.000011250002814
81.53800900001079	45.000011250002814
82.87137299997266	45.000011250002814
84.20519899995998	172.00010320006191
84.37273299996741	172.00010320006191
84.72151000006124	172.00010320006191
85.07061599998269	172.00010320006191
85.42103900003713	172.00010320006191
85.76819800003432	172.00010320006191
86.1177959999768	172.00010320006191
86.466051000054	172.00010320006191
86.81556400004774	172.00010320006191
87.16396799997892	172.00010320006191
87.51180199999362	137.00006393336318
87.5171669999836	137.00006393336318
87.95634999999311	137.00006393336318
88.39307600003667	137.00006393336318
88.8310239999555	137.00006393336318
89.2708809999749	137.00006393336318
89.71179600001778	182.99991765003705
89.98083699995186	182.99991765003705
90.30789299996104	182.99991765003705
90.63738500000909	182.99991765003705
90.964850999997	182.99991765003705
91.29152700002305	182.99991765003705
91.62001299997792	182.99991765003705
91.94736400002148	182.99991765003705
92.27595999999903	182.99991765003705
92.60364600003231	182.99991765003705
92.93063700001221	182.99991765003705
93.25889900000766	182.99991765003705
93.58753000001889	130.00013000013
93.62386399996467	130.00013000013
94.0858780000126	130.00013000013
94.54736900003627	130.00013000013
95.00789799995255	130.00013000013
95.46881700004451	130.00013000013
95.93043399997987	84.0
96.16847399994731	84.0
96.88148900005035	84.0
97.59604500001296	84.0
98.30979800003115	84.0
99.02467099996284	84.0
99.73997200001031	129.00007740004645
100.11996200005524	129.00007740004645
100.58459400001448	129.00007740004645
101.04982099996414	129.00007740004645
101.51615200005472	109.99990833340972
102.06223699997645	109.99990833340972
102.60870300000533	109.99990833340972
103.15344200003892	109.99990833340972
103.69799799995963	109.99990833340972
104.2443960000528	109.99990833340972
104.78940600005444	109.99990833340972
105.33527200005483	109.99990833340972
105.87980700004846	69.0
106.1034829999553	69.0
106.97300999995787	69.0
107.84195000003092	192.0
107.93925399996806	192.0
108.24988200003281	192.0
108.56305500003509	192.0
108.87478399998508	192.0
109.18768099998124	192.0
109.49993100005668	192.0
109.81239700003061	192.0
110.12493599997833	192.0
110.43808999995235	192.0
110.75114399997983	192.0
111.06268900004216	192.0
111.37542399996892	192.0
111.68724600004498	218.00028340036843
111.94204400002491	218.00028340036843
112.21721200004686	218.00028340036843
112.4913500000257	218.00028340036843
112.76766999997199	218.00028340036843
113.04193900001701	218.00028340036843
113.31830299994908	218.00028340036843
113.59230300004128	201.999798000202
113.600361000048	201.999798000202
113.89734100003261	201.999798000202
114.19339300005231	201.999798000202
114.49029099999461	201.999798000202
114.78725499997381	201.999798000202
115.08458000002429	201.999798000202
115.38109399995301	201.999798000202
115.67974499997217	201.999798000202
115.97550000005867	201.999798000202
116.27218099997845	201.999798000202
116.56873900000937	201.999798000202
116.8659429999534	201.999798000202
117.16387000004761	201.999798000202
117.46043900004588	201.999798000202
117.75834800000302	42.00001260000378
118.6909310000483	42.00001260000378
120.11973999999464	116.99988885010559
120.24511300004087	116.99988885010559
120.7585909999907	116.99988885010559
121.2699980000034	116.99988885010559
121.78364599996712	116.99988885010559
122.29686200001743	116.99988885010559
122.808200999978	116.99988885010559
123.32177799998317	116.99988885010559
123.83495599997696	138.9998957500782
124.21721100003924	138.9998957500782
124.64883299998473	138.9998957500782
125.08090399997309	138.9998957500782
125.51078699994832	138.9998957500782
125.94273500004783	169.0
126.22379600000568	169.0
126.5798890000442	169.0
126.93376299994998	169.0
127.28855699999258	169.0
127.64384200004861	169.0
127.99835500004701	169.0
128.35377299995162	169.0
128.71028700005263	169.0
129.06366600003093	169.0
129.41908400005195	169.0
129.77429400000256	112.00005973336519
129.90013099997304	112.00005973336519
130.4368030000478	112.00005973336519
130.97186900000088	112.00005973336519
131.5082499999553	112.00005973336519
132.0433620000258	154.000154000154
132.29264700005297	154.000154000154
132.68223399994895	154.000154000154
133.07194499997422	154.000154000154
133.46166899998207	154.000154000154
133.8512819999596	154.000154000154
134.2412529999856	154.000154000154
134.63021900004242	154.000154000154
135.01941399998032	154.000154000154
135.40953099995386	154.000154000154
135.80006000003777	179.0
136.09817100001965	179.0
136.43284899997525	179.0
136.76697700005025	179.0
137.10224100004416	179.0
137.43954399996437	179.0
137.77382400003262	210.00021000021
138.0244980000425	210.00021000021
138.30943799996749	210.00021000021
138.59596499998588	210.00021000021
138.88124300003983	210.00021000021
139.1666940000141	210.00021000021
139.4531610000413	210.00021000021
139.73845499998424	210.00021000021
140.0242749999743	210.00021000021
140.31162000005133	210.00021000021
140.59622900001705	210.00021000021
140.88098600006197	210.00021000021
141.16683000000194	210.00021000021
141.45325300004333	210.00021000021
141.73917600000277	93.00004185001883
141.99808399996255	93.00004185001883
142.6430270000128	93.00004185001883
143.286764999968	93.00004185001883
143.93320700002369	26.000003466667128
144.9415900000604	26.000003466667128
147.25162999995518	26.000003466667128
149.55594900005963	32.0
150.8681959999958	32.0
152.74292300001252	32.0
154.61706700001378	46.99999060000188
155.55284599994775	46.99999060000188
156.83136800001375	178.0
156.9027889999561	178.0
157.2392890000483	178.0
157.57784499996342	178.0
157.91403400001582	178.0
158.25119600002654	178.0
158.5893680000445	178.0
158.9255800000392	178.0
159.26248799997848	178.0
159.60125599999446	211.00014066676044
159.88034599996172	211.00014066676044
160.1616080000531	211.00014066676044
160.44689400005154	211.00014066676044
160.7309649999952	211.00014066676044
161.01424899999984	211.00014066676044
161.2991420000326	211.00014066676044
161.58399900002405	131.00007641671124
161.59792199998628	131.00007641671124
162.05621299997438	131.00007641671124
162.5142759999726	131.00007641671124
162.9716170000611	131.00007641671124
163.43078000005335	131.00007641671124
163.88815500005148	131.00007641671124
164.345869999961	131.00007641671124
164.80455700005405	131.00007641671124
165.26245599996764	131.00007641671124
165.7197279999964	200.0
165.96556899999268	200.0
166.26721600000747	200.0
166.56557900004555	200.0
166.86529300000984	200.0
167.16549699997995	200.0
167.46652300003916	200.0
167.7667819999624	61.99999586666694
168.2113009999739	61.99999586666694
169.1797990000341	61.99999586666694
170.1471910000546	61.99999586666694
171.11501299997326	61.99999586666694
172.08259100001305	177.00002655000398
172.08597300003748	177.00002655000398
172.42520000005607	177.00002655000398
172.76304999995045	177.00002655000398
173.10291400004644	177.00002655000398
173.44222399999853	177.00002655000398
173.78043200005777	72.00002880001152
174.08955200004857	72.00002880001152
174.92223699996248	72.00002880001152
175.7574200000381	72.00002880001152
176.58973400003742	72.00002880001152
177.4227119999705	72.00002880001152
178.25702999997884	71.00003550001774
178.2661960000405	71.00003550001774
179.1105469999602	71.00003550001774
179.95550599996932	176.00004693334586
180.06845400005113	176.00004693334586
180.40899699996226	176.00004693334586
180.7504300000146	176.00004693334586
181.09118400001898	176.00004693334586
181.43202099995688	176.00004693334586
181.77319099998567	176.00004693334586
182.1165429999819	176.00004693334586
182.45470200001728	176.00004693334586
182.79545700002927	176.00004693334586
183.1362890000455	176.00004693334586
183.47930799995083	176.00004693334586
183.8192000000272	170.0000850000425
183.8264879999915	170.0000850000425
184.18093499995302	170.0000850000425
184.53275100002065	170.0000850000425
184.88616800005548	170.0000850000425
185.23921000002883	170.0000850000425
185.5909560000291	162.0
185.96210400003474	162.0
186.3331949999556	162.0
186.70335700002033	162.0
187.07446599996183	162.0
187.4443270000629	162.0
187.8149530000519	162.0
188.18519999994896	162.0
188.55587599996943	162.0
188.92577900004108	162.0
189.29499500000384	162.0
189.66624799999408	88.00002346667293
189.73722700006329	88.00002346667293
190.41927499999292	88.00002346667293
191.10016000003088	88.00002346667293
191.7823169999756	186.9997756002693
191.99554000003263	186.9997756002693
192.31611600006	186.9997756002693
192.63640199997462	186.9997756002693
192.95911299996078	186.9997756002693
193.27883199998178	186.9997756002693
193.5983080000151	186.9997756002693
193.91971599997487	186.9997756002693
194.2403720000293	186.9997756002693
194.56106400000863	186.9997756002693
194.88237100001425	186.9997756002693
195.20333399996161	186.9997756002693
195.52420600003097	186.9997756002693
195.8448469999712	186.9997756002693
196.16585700004362	186.9997756002693
196.48641799995676	186.9997756002693
196.80752300005406	186.9997756002693
197.12993399996776	186.9997756002693
197.44939800002612	186.9997756002693
197.77151500002947	186.9997756002693
198.09189200005494	186.9997756002693
198.41185100004077	186.9997756002693
198.73257200000808	186.9997756002693
199.0543459999608	186.9997756002693
199.3742949999869	186.9997756002693
199.69436900003348	186.9997756002693
200.01559800002724	186.9997756002693
200.3371220000554	186.9997756002693
200.6591189999599	186.9997756002693
200.9806020000251	186.9997756002693
201.3003800000297	186.9997756002693
201.62122500000987	186.9997756002693
201.94073599996045	186.9997756002693
202.26191300002392	186.9997756002693
202.58253200002946	186.9997756002693
202.9048559999792	186.9997756002693
203.2248430000618	186.9997756002693
203.5453190000262	186.9997756002693
203.86600799998268	186.9997756002693
204.1872339999536	186.9997756002693
204.5086649999721	186.9997756002693
204.8301770000253	186.9997756002693
205.15055400005076	186.9997756002693
205.470869999961	186.9997756002693
205.7913010000484	186.9997756002693
206.11206199997105	186.9997756002693
206.43306199996732	186.9997756002693
206.7541740000015	186.9997756002693
207.07468800002243	186.9997756002693
207.39674600004219	186.9997756002693
207.71687600004952	186.9997756002693
208.03727900004014	186.9997756002693
208.35927200003061	186.9997756002693
208.67866800003685	186.9997756002693
208.99911900004372	186.9997756002693
209.32013799995184	186.9997756002693
209.6411229999503	186.9997756002693
209.9620339999674	186.9997756002693
210.28344899998046	186.9997756002693
210.60426900000311	186.9997756002693
210.9257650000509	186.9997756002693
211.24572500004433	186.9997756002693
211.567435999983	186.9997756002693
211.88881000003312	186.9997756002693
212.20831500005443	186.9997756002693
212.52893400005996	186.9997756002693
212.84984899999108	186.9997756002693
213.17076500004623	186.9997756002693
213.49140699999407	186.9997756002693
213.8135669999756	186.9997756002693
214.13412099995185	186.9997756002693
214.45434599998407	186.9997756002693
214.7758460000623	186.9997756002693
215.09717299998738	186.9997756002693
215.41820299997926	186.9997756002693
215.73760200000834	186.9997756002693
216.05934399995022	186.9997756002693
216.38152699999046	186.9997756002693
216.6998120000353	186.9997756002693
217.0212870000396	186.9997756002693
217.341526000062	186.9997756002693
217.66268099995796	186.9997756002693
217.98431900003925	186.9997756002693
218.3043619999662	186.9997756002693
218.62515300000086	186.9997756002693


3.8179040000541136	120.0
4.308404000010341	120.0
4.500782000017352	120.0
5.00060599995777	120.0
5.501860999967903	120.0
6.0005980000132695	120.0
6.501408000010997	120.0
7.000429000006989	120.0
7.501033999957144	120.0
8.000288999988697	120.0
8.500658000004478	120.0
9.00075700005982	120.0
9.501456000027247	120.0
10.000610999995843	120.0
10.5009269999573	120.0
11.000523000024259	120.0
11.500434000045061	120.0
12.000970000051893	120.0
12.501362000009976	120.0
13.000403000041842	120.0
13.500493000028655	120.0
14.001853000023402	120.0
14.501158999977633	120.0
15.001006999984384	120.0
15.500512000056915	120.0
16.000739000039175	120.0
16.500775999971665	120.0
17.000335999997333	120.0
17.501026000012644	120.0
18.00085599999875	120.0
18.500291000003926	120.0
19.000705000013113	120.0
19.500772999948822	120.0
20.00082499999553	120.0
20.50106100004632	120.0
21.00035999994725	120.0
21.500505000003614	120.0
22.00040999997873	120.0
22.500283999950625	120.0
23.000533999991603	120.0
23.5075600000564	120.0
24.00082700001076	120.0
24.50224800000433	120.0
25.00100399996154	120.0
25.50119400001131	120.0
26.00075700005982	120.0
26.5008229999803	120.0
27.000602000043727	120.0
27.50081700005103	120.0
28.00061700004153	40.0
29.07375400001183	40.0
30.573705999995582	216.99976130026258
30.7666400000453	216.99976130026258
31.0430870000273	216.99976130026258
31.320009000017308	216.99976130026258
31.596940999967046	216.99976130026258
31.872323999996297	216.99976130026258
32.14933399995789	216.99976130026258
32.42700599995442	216.99976130026258
32.70212699996773	216.99976130026258
32.97998399997596	216.99976130026258
33.255402000038885	216.99976130026258
33.531895000021905	21.0
34.173767999978736	21.0
37.03047899994999	55.00000458333371
37.14928799995687	55.00000458333371
38.24024600000121	55.00000458333371
39.33155999996234	55.00000458333371
40.42279800004326	186.9997756002693
40.70538299996406	186.9997756002693
41.02774799999315	186.9997756002693
41.347160000004806	186.9997756002693
41.667753000045195	126.99998518333506
41.76329200004693	126.99998518333506
42.23687100003008	126.99998518333506
42.7080019999994	126.99998518333506
43.18092600000091	126.99998518333506
43.65332599997055	126.99998518333506
44.12534799997229	126.99998518333506
44.600078999996185	126.99998518333506
45.07032099994831	126.99998518333506
45.54228599998169	59.00000885000133
45.62527700001374	59.00000885000133
46.643110000062734	59.00000885000133
47.65888999996241	201.999798000202
47.821057999972254	201.999798000202
48.11626499996055	201.999798000202
48.41340099996887	201.999798000202
48.709986999980174	201.999798000202
49.007580999983475	201.999798000202
49.305254000006244	201.999798000202
49.60132400004659	201.999798000202
49.898336000042036	201.999798000202
50.195184999960475	201.999798000202
50.49202999996487	201.999798000202
50.78943100001197	201.999798000202
51.086215000017546	201.999798000202
51.38290700002108	201.999798000202
51.68061399995349	171.00009405005173
51.72100000001956	171.00009405005173
52.06992399995215	171.00009405005173
52.42096100002527	171.00009405005173
52.77427199995145	171.00009405005173
53.122880000039004	171.00009405005173
53.4734269999899	188.0
53.793040000018664	188.0
54.1118130000541	188.0
54.430992000037804	188.0
54.75051399995573	188.0
55.070382999954745	188.0
55.39035400003195	188.0
55.707844999968074	188.0
56.028093999950215	188.0
56.346375999972224	188.0
56.66569900000468	188.0
56.98417099996004	188.0
57.30381800001487	188.0
57.62244800000917	213.00010650005325
57.887584000010975	213.00010650005325
58.16805199999362	213.00010650005325
58.45068500004709	213.00010650005325
58.73142199998256	213.00010650005325
59.01354499999434	213.00010650005325
59.29486300004646	213.00010650005325
59.57743000006303	123.99999173333389
59.652382000000216	123.99999173333389
60.13616700004786	123.99999173333389
60.62000600004103	123.99999173333389
61.10393099999055	123.99999173333389
61.58867600001395	123.99999173333389
62.07184300001245	123.99999173333389
62.55593699996825	123.99999173333389
63.041257999953814	123.99999173333389
63.523871000041254	83.0
63.54810200002976	83.0
64.26993499998935	83.0
64.9929359999951	83.0
65.71584800002165	131.00007641671124
66.08696400001645	131.00007641671124
66.54382500005886	131.00007641671124
67.00228999997489	131.00007641671124
67.460344000021	131.00007641671124
67.91949000000022	131.00007641671124
68.3776980000548	131.00007641671124
68.83584199997131	131.00007641671124
69.29272200004198	131.00007641671124
69.7501410000259	198.000198000198
69.96230799995828	198.000198000198
70.26661100005731	198.000198000198
70.5695640000049	198.000198000198
70.87124000000767	198.000198000198
71.17571500001941	198.000198000198
71.4792019999586	198.000198000198
71.78117400000338	213.00010650005325
72.04158099996857	213.00010650005325
72.32350599998608	213.00010650005325
72.60549600003287	213.00010650005325
72.8863780000247	213.00010650005325
73.16940400004387	213.00010650005325
73.45079400006216	213.00010650005325
73.73139299999457	213.00010650005325
74.01361999998335	213.00010650005325
74.29598199995235	213.00010650005325
74.57586800004356	213.00010650005325
74.85941799997818	213.00010650005325
75.13928700005636	213.00010650005325
75.42178900004365	213.00010650005325
75.70373499998823	177.99981606685674
75.7462270000251	177.99981606685674
76.0841510000173	177.99981606685674
76.42044600006193	177.99981606685674
76.75764099997468	177.99981606685674
77.0958109999774	177.99981606685674
77.43181600002572	177.99981606685674
77.76943900005426	87.00002175000543
78.0655160000315	87.00002175000543
78.75616200000513	87.00002175000543
79.446202000021	87.00002175000543
80.1354069999652	87.00002175000543
80.82404600002337	87.00002175000543
81.51421799999662	45.000011250002814
81.53827000001911	45.000011250002814
82.87112500006333	45.000011250002814
84.20543400000315	172.0
84.37323699996341	172.0
84.72151000006124	172.0
85.07032099994831	172.0
85.42137200001162	172.0
85.767715999973	172.0
86.1173359999666	172.0
86.46560600004159	172.0
86.81532699998934	172.0
87.1637659999542	172.0
87.51201599999331	137.00006393336318
87.51696899998933	137.00006393336318
87.95594600006007	137.00006393336318
88.3928630000446	137.00006393336318
88.83061000006273	137.00006393336318
89.27067700005136	137.00006393336318
89.71054100000765	182.99991765003705
89.98042599996552	182.99991765003705
90.30812199995853	182.99991765003705
90.63700600003358	182.99991765003705
90.96438999997918	182.99991765003705
91.29114200000186	182.99991765003705
91.61969399999361	182.99991765003705
91.94719099998474	182.99991765003705
92.27619200001936	182.99991765003705
92.60336499998812	182.99991765003705
92.93081799999345	182.99991765003705
93.258702000021	182.99991765003705
93.58736999996472	130.0
93.62403099995572	130.0
94.08608200005256	130.0
94.54736900003627	130.0
95.00757699995302	130.0
95.46907099999953	130.0
95.93044499994721	83.99996640001343
96.16886099998374	83.99996640001343
96.88168500002939	83.99996640001343
97.59559899999294	83.99996640001343
98.30944400001317	83.99996640001343
99.02467099996284	83.99996640001343
99.73970399994869	129.00007740004645
100.12014899996575	129.00007740004645
100.58505100000184	129.00007740004645
101.0500179999508	129.00007740004645
101.51542599999812	109.99990833340972
102.06205900001805	109.99990833340972
102.60839599999599	109.99990833340972
103.1526030000532	109.99990833340972
103.69776899996214	109.99990833340972
104.24374599999283	109.99990833340972
104.78963799995836	109.99990833340972
105.33506800001487	109.99990833340972
105.87980700004846	69.00001725000432
106.10325899999589	69.00001725000432
106.97303300001658	69.00001725000432
107.84177499997895	192.0
107.9390790000325	192.0
108.24940500000957	192.0
108.56260299996939	192.0
108.8743620000314	192.0
109.18749899999239	192.0
109.49955800001044	192.0
109.81267100002151	192.0
110.12469900003634	192.0
110.43763099994976	192.0
110.7513419999741	192.0
111.06225199997425	192.0
111.37525200005621	192.0
111.68743100005668	218.00028340036843
111.94115600001533	218.00028340036843
112.21695799997542	218.00028340036843
112.49187000002712	218.00028340036843
112.76807999995071	218.00028340036843
113.04173499997705	218.00028340036843
113.31794400000945	218.00028340036843
113.59193600004073	202.0
113.60000099998433	202.0
113.8969700000016	202.0
114.19353299995419	202.0
114.4906600000104	202.0
114.78701500000898	202.0
115.08388599997852	202.0
115.3813070000615	202.0
115.67937499994878	202.0
115.97568999999203	202.0
116.27185500005726	202.0
116.56895900005475	202.0
116.86643699998967	202.0
117.16398399998434	202.0
117.46065899997484	202.0
117.7581019999925	42.00001260000378
118.69071100000292	42.00001260000378
120.11937600001693	116.99988885010559
120.24494600004982	116.99988885010559
120.75818100001197	116.99988885010559
121.26980200002436	116.99988885010559
121.7834809999913	116.99988885010559
122.29644599999301	116.99988885010559
122.80841199995484	116.99988885010559
123.32125200005248	116.99988885010559
123.83448099996895	139.0
124.216866999981	139.0
124.64903199998662	139.0
125.08113199996296	139.0
125.51101500005461	139.0
125.94254199997522	168.99980283356336
126.22382800001651	168.99980283356336
126.57985400001053	168.99980283356336
126.93351600004826	168.99980283356336
127.28896200004965	168.99980283356336
127.64407300006133	168.99980283356336
127.99859500001185	168.99980283356336
128.35402700002305	168.99980283356336
128.70983800000977	168.99980283356336
129.06327299994882	168.99980283356336
129.41929700004403	168.99980283356336
129.7745860000141	112.00005973336519
129.90049999998882	112.00005973336519
130.43723000003956	112.00005973336519
130.9715520000318	112.00005973336519
131.50794399995357	112.00005973336519
132.04274499998428	154.000154000154
132.29264700005297	154.000154000154
132.6819179999875	154.000154000154
133.07183300005272	154.000154000154
133.4609300000593	154.000154000154
133.85100899997633	154.000154000154
134.2409050000133	154.000154000154
134.63021900004242	154.000154000154
135.02039499999955	154.000154000154
135.40919599996414	154.000154000154
135.8000329999486	178.99974940035085
136.09873500000685	178.99974940035085
136.43322100001387	178.99974940035085
136.76720200001728	178.99974940035085
137.10253799997736	178.99974940035085
137.44135600002483	178.99974940035085
137.77366599999368	210.00021000021
138.02447800000664	210.00021000021
138.31040099996608	210.00021000021
138.59500800003298	210.00021000021
138.88121599995065	210.00021000021
139.1668579999823	210.00021000021
139.45318800001405	210.00021000021
139.7381550000282	210.00021000021
140.02500400005374	210.00021000021
140.3111949999584	210.00021000021
140.5962549999822	210.00021000021
140.88130600005388	210.00021000021
141.16688999999315	210.00021000021
141.45325300004333	210.00021000021
141.73841700004414	93.00004185001883
141.99839600000996	93.00004185001883
142.6434710000176	93.00004185001883
143.28706000000238	93.00004185001883
143.93289499997627	26.0
144.94189000001643	26.0
147.2512379999971	26.0
149.5564360000426	32.0
150.86786300002132	32.0
152.74308899999596	32.0
154.61770599999	47.0
155.55260199995246	47.0
156.83083999995142	177.99981606685674
156.90281300002243	177.99981606685674
157.2392890000483	177.99981606685674
157.57721699995454	177.99981606685674
157.91403400001582	177.99981606685674
158.25041900004726	177.99981606685674
158.58749800000805	177.99981606685674
158.92633200006094	177.99981606685674
159.2617330000503	177.99981606685674
159.60093700001016	211.00014066676044
159.8799580000341	211.00014066676044
160.16131600004155	211.00014066676044
160.44662699999753	211.00014066676044
160.7302769999951	211.00014066676044
161.0139059999492	211.00014066676044
161.30255799996667	211.00014066676044
161.5833809999749	131.00007641671124
161.5974939999869	131.00007641671124
162.05621299997438	131.00007641671124
162.5142759999726	131.00007641671124
162.97165900003165	131.00007641671124
163.4302440000465	131.00007641671124
163.8879560000496	131.00007641671124
164.3462630000431	131.00007641671124
164.80495200003497	131.00007641671124
165.26211799995508	131.00007641671124
165.71941899997182	200.0
165.9671490000328	200.0
166.2667819999624	200.0
166.56526599999052	200.0
166.86558800004423	200.0
167.16581699997187	200.0
167.46606400003657	200.0
167.76648300001398	61.99999586666694
168.21100899996236	61.99999586666694
169.18020199995954	61.99999586666694
170.14678099995945	61.99999586666694
171.11473999998998	61.99999586666694
172.0828840000322	177.00002655000398
172.08620999997947	177.00002655000398
172.42553300003055	177.00002655000398
172.76339199999347	177.00002655000398
173.1023030000506	177.00002655000398
173.44181200000457	177.00002655000398
173.7807230000617	72.0
174.09007699997164	72.0
174.92259600001853	72.0
175.75680800003465	72.0
176.59020099998452	72.0
177.42299999995157	72.0
178.25731999997515	71.00003550001774
178.26675299997441	71.00003550001774
179.11020600004122	71.00003550001774
179.95550599996932	176.00004693334586
180.06816599995364	176.00004693334586
180.40847100003157	176.00004693334586
180.74923900002614	176.00004693334586
181.09091999998782	176.00004693334586
181.43140500003938	176.00004693334586
181.7728669999633	176.00004693334586
182.11390999995638	176.00004693334586
182.45468500000425	176.00004693334586
182.79545700002927	176.00004693334586
183.13631600001827	176.00004693334586
183.47881400003098	176.00004693334586
183.81924300000537	170.0
183.82681100000627	170.0
184.18122499994934	170.0
184.53193000005558	170.0
184.8882610000437	170.0
185.2395190000534	170.0
185.5907989999978	170.0
185.94508099998347	162.000162000162
185.96238899999298	162.000162000162
186.3327790000476	162.000162000162
186.70271800004411	162.000162000162
187.0741520000156	162.000162000162
187.44493700005114	162.000162000162
187.81464600004256	162.000162000162
188.18489699997008	162.000162000162
188.55521599994972	162.000162000162
188.92582200001925	162.000162000162
189.29557399998885	162.000162000162
189.66604000004008	88.00002346667293
189.7365770000033	88.00002346667293
190.41841799998656	88.00002346667293
191.1000729999505	88.00002346667293
191.781975000049	186.9997756002693
191.99521299998742	186.9997756002693
192.31643000000622	186.9997756002693
192.6360959999729	186.9997756002693
192.9582759999903	186.9997756002693
193.27759800001513	186.9997756002693
193.59881500003394	186.9997756002693
193.9190739999758	186.9997756002693
194.24146599997766	186.9997756002693
194.56162900000345	186.9997756002693
194.88238800002728	186.9997756002693
195.20398300001398	186.9997756002693
195.52378100005444	186.9997756002693
195.84498499997426	186.9997756002693
196.16592900000978	186.9997756002693
196.4864359999774	186.9997756002693
196.80793999996968	186.9997756002693
197.12964599998668	186.9997756002693
197.44911000004504	186.9997756002693
197.77090400003362	186.9997756002693
198.09158200002275	186.9997756002693
198.4121720000403	186.9997756002693
198.73227300005965	186.9997756002693
199.0540429999819	186.9997756002693
199.37432399997488	186.9997756002693
199.69438800006174	186.9997756002693
200.01583699998446	186.9997756002693
200.3365459999768	186.9997756002693
200.65878099994734	186.9997756002693
200.9802980000386	186.9997756002693
201.29999700002372	186.9997756002693
201.62152899999637	186.9997756002693
201.94040399999358	186.9997756002693
202.26164299994707	186.9997756002693
202.58253200002946	186.9997756002693
202.9046180000296	186.9997756002693
203.2251900000265	186.9997756002693
203.54506300005596	186.9997756002693
203.86591799999587	186.9997756002693
204.18700599996373	186.9997756002693
204.5083820000291	186.9997756002693
204.83001699997112	186.9997756002693
205.15031799999997	186.9997756002693
205.4711360000074	186.9997756002693
205.79151700006332	186.9997756002693
206.11213599995244	186.9997756002693
206.43306199996732	186.9997756002693
206.75441399996635	186.9997756002693
207.0742620000383	186.9997756002693
207.3964299999643	186.9997756002693
207.71725400001742	186.9997756002693
208.03710900002625	186.9997756002693
208.35903000005055	186.9997756002693
208.67833200003952	186.9997756002693
208.99938000005204	186.9997756002693
209.31993700005114	186.9997756002693
209.64088600000832	186.9997756002693
209.9618199999677	186.9997756002693
210.28384699998423	186.9997756002693
210.60451099998318	186.9997756002693
210.92558599996846	186.9997756002693
211.24533399997745	186.9997756002693
211.56727899995167	186.9997756002693
211.88834000006318	186.9997756002693
212.20801199995913	186.9997756002693
212.5291890000226	186.9997756002693
212.85007000004407	186.9997756002693
213.1705269999802	186.9997756002693
213.49164799996652	186.9997756002693
213.81292000005487	186.9997756002693
214.13380700000562	186.9997756002693
214.45384700002614	186.9997756002693
214.7758460000623	186.9997756002693
215.09722999995574	186.9997756002693
215.41820299997926	186.9997756002693
215.73765400005504	186.9997756002693
216.05934399995022	186.9997756002693
216.38108399999328	186.9997756002693
216.70030200004112	186.9997756002693
217.02150400006212	186.9997756002693
217.3418450000463	186.9997756002693
217.66299600002822	186.9997756002693
217.98505400004797	186.9997756002693
218.30452700005844	186.9997756002693
218.62561800004914	186.9997756002693


5.844816999975592	120.0
6.332280999980867	120.0
6.500486999982968	120.0
7.000752000021748	120.0
7.500997000024654	120.0
8.000314000062644	120.0
8.500658000004478	120.0
9.00079600000754	120.0
9.501245000050403	120.0
10.000631000031717	120.0
10.500724000041373	120.0
11.000281000044197	120.0
11.500713999965228	120.0
12.000391999958083	120.0
12.50089200004004	120.0
13.000868999981321	120.0
13.500841000000946	120.0
14.00174400000833	120.0
14.501057000015862	120.0
15.000414000009187	120.0
15.501020999974571	120.0
16.000554000027478	120.0
16.5012229999993	120.0
17.00057100004051	120.0
17.50065599998925	120.0
18.000639999983832	120.0
18.50049400003627	120.0
19.000297000049613	120.0
19.50039000005927	120.0
20.000635999953374	120.0
20.50104200001806	120.0
21.00073600001633	120.0
21.500585000030696	120.0
22.000327000045218	120.0
22.500679000047967	120.0
23.00058600003831	120.0
23.5028460000176	120.0
24.000794999999925	120.0
24.50083200004883	120.0
25.00164799997583	120.0
25.501246999949217	120.0
26.00075700005982	120.0
26.50072300003376	120.0
27.000799000030383	120.0
27.501477999961935	40.0
27.57413299998734	40.0
29.074140000040643	40.0
30.57422900001984	216.99976130026258
30.766844999976456	216.99976130026258
31.042881999979727	216.99976130026258
31.31981400004588	216.99976130026258
31.596910999971442	216.99976130026258
31.872323999996297	216.99976130026258
32.149086000048555	216.99976130026258
32.42721500003245	216.99976130026258
32.701883999980055	216.99976130026258
32.980147000052966	216.99976130026258
33.25532899994869	216.99976130026258
33.531895000021905	20.99999895000005
34.17389600002207	20.99999895000005
37.030937000061385	55.00000458333371
37.14974500006065	55.00000458333371
38.24048000003677	55.00000458333371
39.33126899995841	55.00000458333371
40.42254099994898	186.9997756002693
40.70535199996084	186.9997756002693
41.02753099997062	186.9997756002693
41.34736400004476	186.9997756002693
41.668315000017174	126.99998518333506
41.76308199996129	126.99998518333506
42.23666900000535	126.99998518333506
42.70797999994829	126.99998518333506
43.181248000008054	126.99998518333506
43.65332599997055	126.99998518333506
44.12534799997229	126.99998518333506
44.59955100005027	126.99998518333506
45.069897999987006	126.99998518333506
45.54280000005383	59.00000885000133
45.625218000030145	59.00000885000133
46.64218299998902	59.00000885000133
47.659090999979526	202.0
47.821253999951296	202.0
48.11599299998488	202.0
48.41315399995074	202.0
48.709709999966435	202.0
49.00762399996165	202.0
49.30437000002712	202.0
49.600942000048235	202.0
49.898145999992266	202.0
50.194892999948934	202.0
50.49202000000514	202.0
50.78943100001197	202.0
51.08668800001033	202.0
51.383261000039056	202.0
51.68038799997885	171.00009405005173
51.720833000028506	171.00009405005173
52.07013000000734	171.00009405005173
52.420747000025585	171.00009405005173
52.77404100005515	171.00009405005173
53.12265599996317	171.00009405005173
53.47320100001525	171.00009405005173
53.824391999980435	187.99996240000752
54.11158000002615	187.99996240000752
54.4307470000349	187.99996240000752
54.75073600001633	187.99996240000752
55.070184999960475	187.99996240000752
55.390493000042625	187.99996240000752
55.707844999968074	187.99996240000752
56.02811600000132	187.99996240000752
56.34618400002364	187.99996240000752
56.665618999977596	187.99996240000752
56.98417099996004	187.99996240000752
57.303442000062205	187.99996240000752
57.62201900000218	213.0
57.88708100002259	213.0
58.16763599996921	213.0
58.45073899999261	213.0
58.73101900005713	213.0
59.01329200004693	213.0
59.294630000018515	213.0
59.57768400001805	123.99999173333389
59.652203000034206	123.99999173333389
60.13640800002031	123.99999173333389
60.62026700004935	123.99999173333389
61.10372200002894	123.99999173333389
61.58814400003757	123.99999173333389
62.07148899999447	123.99999173333389
62.55593699996825	123.99999173333389
63.04102200001944	123.99999173333389
63.52363800001331	82.99995020002989
63.54780000005849	82.99995020002989
64.26996599999256	82.99995020002989
64.9932620000327	82.99995020002989
65.71559599996544	131.00007641671124
66.08662099996582	131.00007641671124
66.54449800006114	131.00007641671124
67.00201000005472	131.00007641671124
67.46036400005687	131.00007641671124
67.91906600003131	131.00007641671124
68.37788200005889	131.00007641671124
68.83806800004095	131.00007641671124
69.29277299996465	131.00007641671124
69.7501410000259	198.000198000198
69.96249499998521	198.000198000198
70.26679999998305	198.000198000198
70.5692750000162	198.000198000198
70.87124500004575	198.000198000198
71.17566399998032	198.000198000198
71.47754900006112	198.000198000198
71.78139000001829	213.00010650005325
72.04111300001387	213.00010650005325
72.32329299999401	213.00010650005325
72.60530799999833	213.00010650005325
72.8863780000247	213.00010650005325
73.16967900004238	213.00010650005325
73.45033500005957	213.00010650005325
73.73128099995665	213.00010650005325
74.01347200002056	213.00010650005325
74.295466999989	213.00010650005325
74.57605100004002	213.00010650005325
74.85977600002661	213.00010650005325
75.13951500004623	213.00010650005325
75.42159299994819	213.00010650005325
75.70376599999145	177.99981606685674
75.7462270000251	177.99981606685674
76.08398600004148	177.99981606685674
76.4203930000076	177.99981606685674
76.75761600001715	177.99981606685674
77.09535399999004	177.99981606685674
77.43205800000578	177.99981606685674
77.76965499995276	87.0
78.06578499998432	87.0
78.75597399997059	87.0
79.44577099999879	87.0
80.1352290000068	87.0
80.82383200002369	87.0
81.5142240000423	45.000011250002814
81.53827000001911	45.000011250002814
82.8717689999612	45.000011250002814
84.20564499998	172.00010320006191
84.37294100003783	172.00010320006191
84.72193100000732	172.00010320006191
85.07057800004259	172.00010320006191
85.42170199996326	172.00010320006191
85.767715999973	172.00010320006191
86.11842199997045	172.00010320006191
86.46669999998994	172.00010320006191
86.81580400001258	172.00010320006191
87.16378299996722	172.00010320006191
87.51203500002157	137.0
87.51717600005213	137.0
87.95615300000645	137.0
88.3928630000446	137.0
88.83086500002537	137.0
89.27065700001549	137.0
89.7099510000553	182.99991765003705
89.98005999997258	182.99991765003705
90.3082899999572	182.99991765003705
90.63721600000281	182.99991765003705
90.96461999998428	182.99991765003705
91.2913829999743	182.99991765003705
91.61990100005642	182.99991765003705
91.94697900000028	182.99991765003705
92.27635299996473	182.99991765003705
92.60382099996787	182.99991765003705
92.93106199998874	182.99991765003705
93.25894500000868	182.99991765003705
93.58717900002375	130.00013000013
93.62364000000525	130.00013000013
94.08586700004525	130.00013000013
94.54758999997284	130.00013000013
95.00780999998096	130.00013000013
95.4692689999938	130.00013000013
95.93084899999667	83.99996640001343
96.16815200005658	83.99996640001343
96.88131099997554	83.99996640001343
97.59583999996539	83.99996640001343
98.30941200000234	83.99996640001343
99.02511699998286	83.99996640001343
99.74017300002743	129.00007740004645
100.12020700005814	129.00007740004645
100.58484599995427	129.00007740004645
101.04957599996123	129.00007740004645
101.51520799996797	109.99990833340972
101.5159289999865	109.99990833340972
102.06182000006083	109.99990833340972
102.60817699995823	109.99990833340972
103.1530920000514	109.99990833340972
103.69799799995963	109.99990833340972
104.2443960000528	109.99990833340972
104.78940600005444	109.99990833340972
105.33526099997107	109.99990833340972
105.87952499999665	69.00001725000432
106.10306100000162	69.00001725000432
106.97279899998102	69.00001725000432
107.84197900001891	192.0
107.93886700004805	192.0
108.24965300003532	192.0
108.56284799997229	192.0
108.87458299996797	192.0
109.18729699996766	192.0
109.50012900005095	192.0
109.81221799994819	192.0
110.12444200005848	192.0
110.43789099995047	192.0
110.75091499998234	192.0
111.06248700001743	192.0
111.3757040000055	192.0
111.68694299994968	218.00028340036843
111.94116699998267	218.00028340036843
112.21695799997542	218.00028340036843
112.49161999998614	218.00028340036843
112.767908000038	218.00028340036843
113.04148100002203	218.00028340036843
113.31823299999814	218.00028340036843
113.59215599996969	201.999798000202
113.60018299997319	201.999798000202
113.89718299999367	201.999798000202
114.19314700004179	201.999798000202
114.49052400002256	201.999798000202
114.78708000003826	201.999798000202
115.0842100000009	201.999798000202
115.38128600001801	201.999798000202
115.67936099995859	201.999798000202
115.97521800000686	201.999798000202
116.27208300004713	201.999798000202
116.56871699995827	201.999798000202
116.86589999997523	201.999798000202
117.16379799996503	201.999798000202
117.46043900004588	201.999798000202
117.75829799997155	42.0
118.6909310000483	42.0
120.11959300003946	116.99988885010559
120.24471100000665	116.99988885010559
120.75836900004651	116.99988885010559
121.26958600000944	116.99988885010559
121.78327200002968	116.99988885010559
122.29667099996004	116.99988885010559
122.808200999978	116.99988885010559
123.32163899997249	116.99988885010559
123.83473300002515	138.9998957500782
124.21708299999591	138.9998957500782
124.64875100005884	138.9998957500782
125.08089199999813	138.9998957500782
125.51078699994832	138.9998957500782
125.94280199997593	168.99980283356336
126.22357999999076	168.99980283356336
126.57961000001524	168.99980283356336
126.93373000004794	168.99980283356336
127.28875900001731	168.99980283356336
127.64384200004861	168.99980283356336
127.99811599997338	168.99980283356336
128.35377299995162	168.99980283356336
128.71006700000726	168.99980283356336
129.06403799995314	168.99980283356336
129.41938099998515	168.99980283356336
129.7742670000298	112.00005973336519
129.90049999998882	112.00005973336519
130.4368030000478	112.00005973336519
130.97215699998196	112.00005973336519
131.50795999995898	112.00005973336519
132.04274499998428	154.000154000154
132.29324000002816	154.000154000154
132.6819179999875	154.000154000154
133.07163699995726	154.000154000154
133.4616420000093	154.000154000154
133.85143899999093	154.000154000154
134.240482000052	154.000154000154
134.6308489999501	154.000154000154
135.01941399998032	154.000154000154
135.40981800004374	154.000154000154
135.8005140000023	178.99974940035085
136.09817100001965	178.99974940035085
136.43249599996489	178.99974940035085
136.76723200001288	178.99974940035085
137.10289400001056	178.99974940035085
137.43954399996437	178.99974940035085
137.77324100001715	210.0
138.02489600004628	210.0
138.310112999985	210.0
138.59534500003792	210.0
138.88152599998284	210.0
139.166331000044	210.0
139.45347499998752	210.0
139.7379250000231	210.0
140.0241859999951	210.0
140.3107280000113	210.0
140.59589400002733	210.0
140.88160099997185	210.0
141.16710099997	210.0
141.45292700000573	210.0
141.73841700004414	93.00004185001883
141.99886199994944	93.00004185001883
142.64222000003792	93.00004185001883
143.28738200000953	93.00004185001883
143.9325480000116	26.000003466667128
144.94128400005866	26.000003466667128
147.24945799994748	26.000003466667128
149.55620300001465	32.0
150.86786300002132	32.0
152.74271000002045	32.0
154.617394000059	46.99999060000188
155.55362999998033	46.99999060000188
156.8312960000476	177.99981606685674
156.9031820000382	177.99981606685674
157.23970000003465	177.99981606685674
157.57755299995188	177.99981606685674
157.91446400003042	177.99981606685674
158.2508369999705	177.99981606685674
158.589064000058	177.99981606685674
158.92597900005057	177.99981606685674
159.26210900000297	177.99981606685674
159.60159400000703	211.00014066676044
159.88070300000254	211.00014066676044
160.1610159999691	211.00014066676044
160.44619699998293	211.00014066676044
160.73068200005218	211.00014066676044
161.01424899999984	211.00014066676044
161.2991420000326	211.00014066676044
161.58382299996447	131.00007641671124
161.5979979999829	131.00007641671124
162.0566879999824	131.00007641671124
162.5145949999569	131.00007641671124
162.97125699999742	131.00007641671124
163.43054400000256	131.00007641671124
163.8876450000098	131.00007641671124
164.34663100005127	131.00007641671124
164.80514499999117	131.00007641671124
165.26242899999488	131.00007641671124
165.71963700000197	200.0
165.96592300001066	200.0
166.2673659999855	200.0
166.56557900004555	200.0
166.86526400002185	200.0
167.16549699997995	200.0
167.46609300002456	200.0
167.7657889999682	62.0
168.2106859999476	62.0
169.18020199995954	62.0
170.1472289999947	62.0
171.11472299997695	62.0
172.08259100001305	177.00002655000398
172.08597300003748	177.00002655000398
172.42553300003055	177.00002655000398
172.76350100000855	177.00002655000398
173.10262000001967	177.00002655000398
173.44181200000457	177.00002655000398
173.78043200005777	72.00002880001152
174.08893800002988	72.00002880001152
174.9225800000131	72.00002880001152
175.75715700001456	72.00002880001152
176.59007200005	72.00002880001152
177.4227119999705	72.00002880001152
178.25671800004784	71.0
178.2661229999503	71.0
179.11056399997324	71.0
179.95518399996217	176.00004693334586
180.067836000002	176.00004693334586
180.4090749999741	176.00004693334586
180.74951900006272	176.00004693334586
181.09147099999245	176.00004693334586
181.4317250000313	176.00004693334586
181.772518999991	176.00004693334586
182.11426900001243	176.00004693334586
182.455008000019	176.00004693334586
182.79575399996247	176.00004693334586
183.13661100005265	176.00004693334586
183.4792829999933	176.00004693334586
183.81995499995537	170.0000850000425
183.82709999999497	170.0000850000425
184.1806370000122	170.0000850000425
184.53272699995432	170.0000850000425
184.88688600005116	170.0000850000425
185.23896200000308	170.0000850000425
185.5907989999978	170.0000850000425
185.9451350000454	162.000162000162
185.9620860000141	162.000162000162
186.3327790000476	162.000162000162
186.70304199995007	162.000162000162
187.07382900000084	162.000162000162
187.4443270000629	162.000162000162
187.81432200002018	162.000162000162
188.18489699997008	162.000162000162
188.55521599994972	162.000162000162
188.92546800000127	162.000162000162
189.29526899999473	162.000162000162
189.66574399999809	88.00002346667293
189.7365770000033	88.00002346667293
190.41892900003586	88.00002346667293
191.10086700005922	88.00002346667293
191.7823169999756	186.9997756002693
191.99555700004566	186.9997756002693
192.31579100003	186.9997756002693
192.63642899994738	186.9997756002693
192.95880599995144	186.9997756002693
193.27833899995312	186.9997756002693
193.5983080000151	186.9997756002693
193.9193769999547	186.9997756002693
194.24015199998394	186.9997756002693
194.56136000005063	186.9997756002693
194.8827009999659	186.9997756002693
195.20369100000244	186.9997756002693
195.52384999999776	186.9997756002693
195.84525300003588	186.9997756002693
196.16623600001913	186.9997756002693
196.48601600003894	186.9997756002693
196.80821299995296	186.9997756002693
197.12930300005246	186.9997756002693
197.44879100006074	186.9997756002693
197.77090400003362	186.9997756002693
198.0916079999879	186.9997756002693
198.4118239999516	186.9997756002693
198.73259799997322	186.9997756002693
199.0537010000553	186.9997756002693
199.37466800003313	186.9997756002693
199.69472999998834	186.9997756002693
200.0156689999858	186.9997756002693
200.33656299998984	186.9997756002693
200.6591189999599	186.9997756002693
200.9807280000532	186.9997756002693
201.29999700002372	186.9997756002693
201.62150300003123	186.9997756002693
201.940419999999	186.9997756002693
202.26129000005312	186.9997756002693
202.5831809999654	186.9997756002693
202.90325400000438	186.9997756002693
203.22436300001573	186.9997756002693
203.54587999999058	186.9997756002693
203.8661579999607	186.9997756002693
204.187217000057	186.9997756002693
204.50858599995263	186.9997756002693
204.83023199997842	186.9997756002693
205.15057599998545	186.9997756002693
205.470869999961	186.9997756002693
205.7917460000608	186.9997756002693
206.11196400003973	186.9997756002693
206.4333630000474	186.9997756002693
206.7541740000015	186.9997756002693
207.07458699995186	186.9997756002693
207.3964299999643	186.9997756002693
207.71690899995156	186.9997756002693
208.0371199999936	186.9997756002693
208.35931900003925	186.9997756002693
208.6786569999531	186.9997756002693
208.99911900004372	186.9997756002693
209.32013799995184	186.9997756002693
209.6412550000241	186.9997756002693
209.9620260000229	186.9997756002693
210.28344899998046	186.9997756002693
210.6044380000094	186.9997756002693
210.92583700001705	186.9997756002693
211.24563500005752	186.9997756002693
211.56712699995842	186.9997756002693
211.8883579999674	186.9997756002693
212.20827000006102	186.9997756002693
212.5291890000226	186.9997756002693
212.85007000004407	186.9997756002693
213.17093599995133	186.9997756002693
213.49164799996652	186.9997756002693
213.81294299999718	186.9997756002693
214.13347899995279	186.9997756002693
214.45369700004812	186.9997756002693
214.77616100001615	186.9997756002693
215.09789600002114	186.9997756002693
215.41899000003468	186.9997756002693
215.73809200001415	186.9997756002693
216.05968599999323	186.9997756002693
216.38149199995678	186.9997756002693
216.6998120000353	186.9997756002693
217.02090500004124	186.9997756002693
217.34213999996427	186.9997756002693
217.6623589999508	186.9997756002693
217.98471999994945	186.9997756002693
218.30396299995482	186.9997756002693
218.62539199995808	186.9997756002693


7.86036100005731	120.0
8.353404000052251	120.0
8.500847000046633	120.0
9.000929999980144	120.0
9.50101300003007	120.0
10.000427999999374	120.0
10.500499999965541	120.0
11.000726999947801	120.0
11.500683999969624	120.0
12.001228000037372	120.0
12.50111700000707	120.0
13.000630000024103	120.0
13.500731999985874	120.0
14.002049000002444	120.0
14.500910000060685	120.0
15.000462000025436	120.0
15.500758999958634	120.0
16.000334999989718	120.0
16.501017999951728	120.0
17.000773999956436	120.0
17.50085199996829	120.0
18.001018999959342	120.0
18.500681000063196	120.0
19.000512000056915	120.0
19.50063400005456	120.0
20.000847000046633	120.0
20.500843000016175	120.0
21.00034799997229	120.0
21.50036199996248	120.0
22.00059800001327	120.0
22.500495000043884	120.0
23.0007190000033	120.0
23.506750000058673	120.0
24.001019999966957	120.0
24.502971000038087	120.0
25.00075000000652	120.0
25.50136500003282	120.0
26.00095500005409	120.0
26.500335999997333	120.0
27.001046000048518	120.0
27.50363799999468	120.0
28.000756000052206	40.0
29.07375400001183	40.0
30.574278000043705	216.99976130026258
30.766489999950863	216.99976130026258
31.0430870000273	216.99976130026258
31.319545999984257	216.99976130026258
31.59708600002341	216.99976130026258
31.873406999977306	216.99976130026258
32.14929299999494	216.99976130026258
32.42700599995442	216.99976130026258
32.70211600000039	216.99976130026258
32.97996599995531	216.99976130026258
33.25554799998645	216.99976130026258
33.532044999999925	20.99999895000005
34.1737059999723	20.99999895000005
37.03071500000078	55.00000458333371
37.14953599998262	55.00000458333371
38.24023999995552	55.00000458333371
39.33178200002294	55.00000458333371
40.42302300001029	186.9997756002693
40.70558299997356	186.9997756002693
41.02753099997062	186.9997756002693
41.346911999979056	186.9997756002693
41.66811800003052	127.0
41.76345900003798	127.0
42.23703399999067	127.0
42.70817100000568	127.0
43.180903000058606	127.0
43.6537150000222	127.0
44.1256229999708	127.0
44.59976200002711	127.0
45.070128999999724	127.0
45.542582000023685	59.00000885000133
45.62471799994819	59.00000885000133
46.64148400002159	59.00000885000133
47.65862400003243	201.999798000202
47.821057999972254	201.999798000202
48.11648399999831	201.999798000202
48.41315399995074	201.999798000202
48.709709999966435	201.999798000202
49.00774699996691	201.999798000202
49.304793999996036	201.999798000202
49.60115500004031	201.999798000202
49.89811299997382	201.999798000202
50.19543399999384	201.999798000202
50.49180299998261	201.999798000202
50.78992300003301	201.999798000202
51.08605000004172	201.999798000202
51.38311299995985	201.999798000202
51.680109999957494	171.0
51.72061499999836	171.0
52.06994399998803	171.0
52.42096100002527	171.0
52.77448599995114	171.0
53.122516000061296	171.0
53.47338900004979	171.0
53.824582000030205	187.99996240000752
54.11158000002615	187.99996240000752
54.4307470000349	187.99996240000752
54.75057200004812	187.99996240000752
55.07039899996016	187.99996240000752
55.39030900003854	187.99996240000752
55.70802899997216	187.99996240000752
56.0278920000419	187.99996240000752
56.34598600002937	187.99996240000752
56.665348000009544	187.99996240000752
56.983927999972366	187.99996240000752
57.30363600002602	187.99996240000752
57.622241999953985	213.00010650005325
57.88737200002652	213.00010650005325
58.16785600001458	213.00010650005325
58.45056300004944	213.00010650005325
58.73125199996866	213.00010650005325
59.01354499999434	213.00010650005325
59.294299000059254	213.00010650005325
59.577917000046	123.99999173333389
59.652543000061996	123.99999173333389
60.13661799998954	123.99999173333389
60.62038700003177	123.99999173333389
61.10368699999526	123.99999173333389
61.588157000020146	123.99999173333389
62.0716760000214	123.99999173333389
62.5561470000539	123.99999173333389
63.04102200001944	123.99999173333389
63.52408100001048	82.99995020002989
63.54833200003486	82.99995020002989
64.27205400005914	82.99995020002989
64.99353900004644	82.99995020002989
65.7159700000193	131.00007641671124
66.08621600002516	131.00007641671124
66.54472799994983	131.00007641671124
67.00237300002482	131.00007641671124
67.46055099996738	131.00007641671124
67.91905499994755	131.00007641671124
68.37808299995959	131.00007641671124
68.83750999998301	131.00007641671124
69.29289699997753	131.00007641671124
69.75037300004624	198.000198000198
69.96253599994816	198.000198000198
70.26639600005001	198.000198000198
70.5692750000162	198.000198000198
70.87168199999724	198.000198000198
71.1754700000165	198.000198000198
71.47827700001653	198.000198000198
71.78095000004396	213.0
72.0413529999787	213.0
72.32350599998608	213.0
72.6055570000317	213.0
72.88657299999613	213.0
73.16940400004387	213.0
73.45058399997652	213.0
73.73104400001466	213.0
74.01323300006334	213.0
74.29604399995878	213.0
74.57589099998586	213.0
74.85961000004318	213.0
75.13967199996114	213.0
75.42196599999443	213.0
75.70393900002819	177.99981606685674
75.74668800004292	177.99981606685674
76.08396499999799	177.99981606685674
76.42066800000612	177.99981606685674
76.7578790000407	177.99981606685674
77.09536499995738	177.99981606685674
77.43232000002172	177.99981606685674
77.76938399998471	87.00002175000543
78.06555199995637	87.00002175000543
78.75633400003426	87.00002175000543
79.44600300001912	87.00002175000543
80.13501099997666	87.00002175000543
80.82440699997824	87.00002175000543
81.51444399997126	45.0
81.53843099996448	45.0
82.87139600003138	45.0
84.20543400000315	172.00010320006191
84.3724579999689	172.00010320006191
84.72175000002608	172.00010320006191
85.07081099995412	172.00010320006191
85.42172900005244	172.00010320006191
85.76795600005426	172.00010320006191
86.11759000003804	172.00010320006191
86.46583600004669	172.00010320006191
86.81580400001258	172.00010320006191
87.16353200003505	172.00010320006191
87.51217500003986	137.00006393336318
87.51733299996704	137.00006393336318
87.95617300004233	137.00006393336318
88.39259199996013	137.00006393336318
88.83083200000692	137.00006393336318
89.27107100002468	137.00006393336318
89.70945199998096	182.99991765003705
89.98058600001968	182.99991765003705
90.30812199995853	182.99991765003705
90.6371939999517	182.99991765003705
90.96461999998428	182.99991765003705
91.29114200000186	182.99991765003705
91.6198550000554	182.99991765003705
91.94721600005869	182.99991765003705
92.27595999999903	182.99991765003705
92.60364600003231	182.99991765003705
92.9308289999608	182.99991765003705
93.25871199998073	182.99991765003705
93.58739100000821	130.00013000013
93.62384200002998	130.00013000013
94.08562300004996	130.00013000013
94.54780800000299	130.00013000013
95.00801500002854	130.00013000013
95.46881700004451	130.00013000013
95.93066900002304	83.99996640001343
96.16847399994731	83.99996640001343
96.8815079999622	83.99996640001343
97.59559299994726	83.99996640001343
98.30960699997377	83.99996640001343
99.02490299998317	83.99996640001343
99.73970799997915	129.00007740004645
100.12032999994699	129.00007740004645
100.5848700000206	129.00007740004645
101.04982099996414	129.00007740004645
101.51565800001845	110.0
102.06205900001805	110.0
102.6081669999985	110.0
103.1526030000532	110.0
103.69776899996214	110.0
104.24467899999581	110.0
104.78963799995836	110.0
105.33506800001487	110.0
105.87952499999665	69.00001725000432
106.10306100000162	69.00001725000432
106.97278800001368	69.00001725000432
107.84210799995344	192.0
107.93886700004805	192.0
108.24940500000957	192.0
108.56260299996939	192.0
108.87438100005966	192.0
109.18729699996766	192.0
109.49952399998438	192.0
109.8121739999624	192.0
110.12444200005848	192.0
110.43763099994976	192.0
110.75091499998234	192.0
111.06248700001743	192.0
111.37525200005621	192.0
111.68721400003415	218.0
111.94142699998338	218.0
112.21721200004686	218.0
112.49161999998614	218.0
112.76809000002686	218.0
113.04149199998938	218.0
113.31791400001384	218.0
113.59193600004073	201.999798000202
113.60002999997232	201.999798000202
113.8969700000016	201.999798000202
114.19333599996753	201.999798000202
114.4902749999892	201.999798000202
114.78746999998111	201.999798000202
115.08361800003331	201.999798000202
115.38109399995301	201.999798000202
115.67956800002139	201.999798000202
115.97522999998182	201.999798000202
116.2718439999735	201.999798000202
116.56895900005475	201.999798000202
116.86617000005208	201.999798000202
117.16364699997939	201.999798000202
117.46018399996683	201.999798000202
117.7581019999925	42.00001260000378
118.69071100000292	42.00001260000378
120.11937600001693	116.99988885010559
120.2449229999911	116.99988885010559
120.75818100001197	116.99988885010559
121.269820000045	116.99988885010559
121.78327200002968	116.99988885010559
122.29660500003956	116.99988885010559
122.80839200003538	116.99988885010559
123.3215420000488	116.99988885010559
123.83473300002515	138.9998957500782
124.216866999981	138.9998957500782
124.64926600002218	138.9998957500782
125.08133800001815	138.9998957500782
125.5110740000382	138.9998957500782
125.94254199997522	168.99980283356336
126.22399500000756	168.99980283356336
126.5796290000435	168.99980283356336
126.93351600004826	168.99980283356336
127.2887800000608	168.99980283356336
127.64407300006133	168.99980283356336
127.9981469999766	168.99980283356336
128.35402700002305	168.99980283356336
128.71010200004093	168.99980283356336
129.0631969999522	168.99980283356336
129.4191390000051	168.99980283356336
129.7745860000141	112.00005973336519
129.90020300005563	112.00005973336519
130.43713400000706	112.00005973336519
130.97156800003722	112.00005973336519
131.5082930000499	112.00005973336519
132.0430580000393	154.0
132.29295699996874	154.0
132.68255799997132	154.0
133.07135300000664	154.0
133.46095700003207	154.0
133.85095200000796	154.0
134.2409050000133	154.0
134.6305370000191	154.0
135.02034200006165	154.0
135.40921199996956	154.0
135.80037099996116	178.99974940035085
136.0988199999556	178.99974940035085
136.43249599996489	178.99974940035085
136.76746000000276	178.99974940035085
137.10275900003035	178.99974940035085
137.43997700000182	178.99974940035085
137.7731840000488	210.00021000021
138.02504199999385	210.00021000021
138.3097790000029	210.00021000021
138.59563400002662	210.00021000021
138.88091199996416	210.00021000021
139.16661600000225	210.00021000021
139.45284599997103	210.00021000021
139.73781600000802	210.00021000021
140.0246239999542	210.00021000021
140.31079000001773	210.00021000021
140.59589400002733	210.00021000021
140.88098600006197	210.00021000021
141.16658099996857	210.00021000021
141.45292700000573	210.00021000021
141.7389780000085	93.0
141.99805699998979	93.0
142.64222000003792	93.0
143.28727700002491	93.0
143.93257599999197	26.000003466667128
144.94154499995057	26.000003466667128
147.2495330000529	26.000003466667128
149.55594900005963	32.0
150.86850400001276	32.0
152.74287900002673	32.0
154.61706700001378	46.99999060000188
155.55290500004776	46.99999060000188
156.83075199997984	177.99981606685674
156.9031820000382	177.99981606685674
157.24019599996973	177.99981606685674
157.57755299995188	177.99981606685674
157.91500599996652	177.99981606685674
158.25085499999113	177.99981606685674
158.5893240000587	177.99981606685674
158.92554199998267	177.99981606685674
159.2617330000503	177.99981606685674
159.60125599999446	211.00014066676044
159.8800930000143	211.00014066676044
160.16130000003614	211.00014066676044
160.4465809999965	211.00014066676044
160.73030699999072	211.00014066676044
161.0139059999492	211.00014066676044
161.29959700000472	211.00014066676044
161.58370900002774	131.0
161.59751099999994	131.0
162.056660000002	131.0
162.51488799997605	131.0
162.9712859999854	131.0
163.430502000032	131.0
163.8880000000354	131.0
164.345869999961	131.0
164.80484100000467	131.0
165.26211799995508	131.0
165.71933999995235	200.0
165.9655849999981	200.0
166.26675399998203	200.0
166.56528300000355	200.0
166.86588000005577	200.0
167.16609600000083	200.0
167.46699800004717	200.0
167.76550900004804	61.99999586666694
168.2106859999476	61.99999586666694
169.18052000005264	61.99999586666694
170.14681800000835	61.99999586666694
171.11440900003072	61.99999586666694
172.08221300004516	177.0
172.0856259999564	177.0
172.42520000005607	177.0
172.76310600002762	177.0
173.10228700004518	177.0
173.44146300002467	177.0
173.7801080000354	72.00002880001152
174.0895849999506	72.00002880001152
174.92221999994945	72.00002880001152
175.75680800003465	72.00002880001152
176.58973400003742	72.00002880001152
177.42238999996334	72.00002880001152
178.25702999997884	71.00003550001774
178.26643900002819	71.00003550001774
179.11088299995754	71.00003550001774
179.95579899998847	176.00004693334586
180.067836000002	176.00004693334586
180.40841200004797	176.00004693334586
180.74927999998908	176.00004693334586
181.09091999998782	176.00004693334586
181.43140500003938	176.00004693334586
181.77253600000404	176.00004693334586
182.1161560000619	176.00004693334586
182.455008000019	176.00004693334586
182.7951340000145	176.00004693334586
183.13661100005265	176.00004693334586
183.47883599996567	176.00004693334586
183.81962800002657	170.0000850000425
183.82689899997786	170.0000850000425
184.18061000003945	170.0000850000425
184.53381900000386	170.0000850000425
184.88581700006034	170.0000850000425
185.2388669999782	170.0000850000425
185.590622000047	170.0000850000425
185.94473300001118	162.000162000162
185.9617599999765	162.000162000162
186.3335659999866	162.000162000162
186.7030879999511	162.000162000162
187.07382900000084	162.000162000162
187.44464100000914	162.000162000162
187.81433900003321	162.000162000162
188.1845729999477	162.000162000162
188.55557199998293	162.000162000162
188.9255150000099	162.000162000162
189.2951540000504	162.000162000162
189.66546499996912	88.00002346667293
189.73690400004853	88.00002346667293
190.41892900003586	88.00002346667293
191.10048599995207	88.00002346667293
191.78261900006328	187.0
191.99584300001152	187.0
192.31611600006	187.0
192.63671300001442	187.0
192.95882299996447	187.0
193.27759800001513	187.0
193.59907600004226	187.0
193.91909099998884	187.0
194.24058400001377	187.0
194.56102000002284	187.0
194.8830120000057	187.0
195.20369100000244	187.0
195.52411700005177	187.0
195.84568999998737	187.0
196.16625200002454	187.0
196.48607099999208	187.0
196.8076369999908	187.0
197.12933000002522	187.0
197.44879100006074	187.0
197.77124400006142	187.0
198.09126899996772	187.0
198.41148700006306	187.0
198.73225600004662	187.0
199.0540429999819	187.0
199.37460300000384	187.0
199.69475999998394	187.0
200.01526400004514	187.0
200.33683299995027	187.0
200.659512000042	187.0
200.98090099997353	187.0
201.3006779999705	187.0
201.6218139999546	187.0
201.94076400005724	187.0
202.2615999999689	187.0
202.58296300005168	187.0
202.9044930000091	187.0
203.22436300001573	187.0
203.54612199997064	187.0
203.865718999994	187.0
204.1870170000475	187.0
204.50875999999698	187.0
204.83034400001634	187.0
205.15076300001238	187.0
205.47106699994765	187.0
205.79201700002886	187.0
206.11181899998337	187.0
206.43326199997682	187.0
206.75393400003668	187.0
207.07448399998248	187.0
207.3960949999746	187.0
207.7165040000109	187.0
208.03742900001816	187.0
208.3594489999814	187.0
208.6788650000235	187.0
208.9995620000409	187.0
209.320326999994	187.0
209.64135499997064	187.0
209.96218799997587	187.0
210.2836890000617	187.0
210.60462999995798	187.0
210.92593100003432	187.0
211.24554799997713	187.0
211.56710400001612	187.0
211.88861400005408	187.0
212.2085220000008	187.0
212.52901599998586	187.0
212.8502579999622	187.0
213.17063299997244	187.0
213.49140699999407	187.0
213.81366700003855	187.0
214.13380700000562	187.0
214.45396800001618	187.0
214.7755210000323	187.0
215.09758699999657	187.0
215.41868300002534	187.0
215.7378889999818	187.0
216.05968599999323	187.0
216.38242899999022	187.0
216.7003610000247	187.0
217.02090500004124	187.0
217.3418450000463	187.0
217.66237599996384	187.0
217.98470200004522	187.0
218.3040350000374	187.0
218.625429000007	187.0