0.006347000016830862	120.0
0.5002849999582395	120.0
1.0004689999623224	120.0
1.5053980000084266	120.0
2.0004079999634996	120.0
2.5008969999616966	120.0
3.0003440000582486	120.0
3.501010000007227	120.0
4.0003969999961555	120.0
4.5002889999886975	120.0
5.000450000050478	120.0
5.500660000019707	120.0
6.000674000009894	120.0
6.500771000050008	120.0
7.0006150000263005	120.0
7.501110999961384	120.0
8.001011000014842	120.0
8.50057699996978	120.0
9.000450000050478	120.0
9.500620000064373	120.0
10.000897999969311	120.0
10.500787000055425	120.0
11.000794999999925	120.0
11.500263000023551	120.0
12.000245000002906	120.0
12.500708000035957	120.0
13.001005999976769	120.0
13.500982000026852	120.0
14.000327000045218	120.0
14.500237999949604	120.0
15.00138200004585	120.0
15.501076000044122	120.0
16.0006000000285	120.0
16.500553000019863	120.0
17.000677000032738	120.0
17.50072300003376	120.0
18.00046700006351	120.0
18.500987000064924	120.0
19.000879000057466	120.0
19.500681000063196	120.0
20.000819999957457	120.0
20.500727000064217	120.0
21.000761999981478	120.0
21.50051300006453	120.0
22.00024800002575	120.0
22.500645000021905	120.0
23.000589999952354	120.0
23.500650999951176	120.0
24.001123000052758	120.0
24.501047000056133	120.0
25.001663999981247	120.0
25.50133600004483	120.0
26.00065199995879	120.0
26.500951000023633	120.0
27.00049000000581	120.0
27.500486999982968	120.0
28.000333999982104	88.0
28.054469999973662	88.0
28.736720000044443	88.0
29.41913900000509	88.0
30.09884700004477	88.0
30.782022000057623	88.0
31.463142000022344	69.00001725000432
31.763628000044264	69.00001725000432
32.63336300000083	69.00001725000432
33.50415399996564	69.00001725000432
34.3736809999682	69.00001725000432
35.24253799999133	98.99993565004183
35.585594000061974	98.99993565004183
36.192871000035666	98.99993565004183
36.79807699995581	98.99993565004183
37.405254999990575	196.0002874670883
37.50836300000083	196.0002874670883
37.81291099998634	196.0002874670883
38.11854199995287	196.0002874670883
38.424387000035495	196.0002874670883
38.73080899997149	196.0002874670883
39.036587000009604	196.0002874670883
39.34416099998634	196.0002874670883
39.648867000010796	196.0002874670883
39.95736500003841	196.0002874670883
40.26156799995806	196.0002874670883
40.56966499995906	196.0002874670883
40.874552999972366	196.0002874670883
41.17972500005271	83.99996640001343
41.52878499997314	83.99996640001343
42.243728999979794	83.99996640001343
42.958688999991864	132.9999468000213
43.19776600005571	132.9999468000213
43.648140000062995	132.9999468000213
44.09943099995144	132.9999468000213
44.55063399998471	132.9999468000213
45.002741000032984	132.9999468000213
45.45440899999812	132.9999468000213
45.90391200000886	132.9999468000213
46.35536599997431	132.9999468000213
46.8079119999893	132.9999468000213
47.259486000053585	154.99990958338608
47.52283599996008	154.99990958338608
47.91318999999203	52.0
47.915676999953575	52.0
49.0694379999768	52.0
50.223798000020906	52.0
51.37738199997693	52.0
52.5321619999595	52.0
53.685037999995984	186.9997756002693
53.725865000043996	186.9997756002693
54.04639499995392	186.9997756002693
54.36815600004047	186.9997756002693
54.68809599999804	186.9997756002693
55.00932199996896	122.0000691333725
55.329166000010446	122.0000691333725
55.82000700000208	122.0000691333725
56.31187299999874	122.0000691333725
56.803990000043996	122.0000691333725
57.29719199996907	122.0000691333725
57.78703999996651	122.0000691333725
58.27934400003869	95.0
58.38372100004926	95.0
59.01524099998642	95.0
59.6474510000553	95.0
60.27985299995635	95.0
60.9100150000304	95.0
61.54244600003585	65.99999340000066
62.02864899998531	65.99999340000066
62.938002999988385	65.99999340000066
63.848177000065334	65.99999340000066
64.75614900002256	135.000135000135
64.783162000007	135.000135000135
65.22859299997799	135.000135000135
65.67186300002504	135.000135000135
66.11796900001355	34.99999416666764
66.61673200002406	34.99999416666764
68.32923499995377	34.99999416666764
70.04432800004724	60.99997255001235
70.98698200006038	60.99997255001235
71.9693729999708	60.99997255001235
72.95319200004451	216.99976130026258
73.06200400006492	216.99976130026258
73.33903799997643	216.99976130026258
73.61453799996525	216.99976130026258
73.8908910000464	216.99976130026258
74.16734499996528	216.99976130026258
74.44358299998567	216.99976130026258
74.72101900004782	216.99976130026258
74.99934600002598	216.99976130026258
75.27395399997476	216.99976130026258
75.55037900002208	216.99976130026258
75.82751800003462	216.99976130026258
76.10352100001182	85.00004250002125
76.33868100005202	85.00004250002125
77.04361100005917	85.00004250002125
77.74890500004403	85.00004250002125
78.45629300002474	24.0
79.72531100001652	24.0
82.22617899999022	75.99996960001216
82.83259899995755	75.99996960001216
83.622005000012	75.99996960001216
84.41187900002114	151.99993920002433
84.58029800001532	151.99993920002433
84.97437199996784	151.99993920002433
85.36913000000641	151.99993920002433
85.76371400000062	151.99993920002433
86.15923099999782	151.99993920002433
86.55328900006134	151.99993920002433
86.9480690000346	151.99993920002433
87.34299499995541	151.99993920002433
87.73785300005693	151.99993920002433
88.13197600003332	152.0
88.52845900005195	152.0
88.92218400002457	152.0
89.31858099997044	152.0
89.71092800004408	152.0
90.10635400004685	75.0
90.25075899995863	75.0
91.0505510000512	75.0
91.85125599999446	75.0
92.6505050000269	75.0
93.45065400004387	75.0
94.25058100000024	190.0002850004275
94.39686300000176	190.0002850004275
94.71148800000083	190.0002850004275
95.02765800000634	190.0002850004275
95.34474199998658	190.0002850004275
95.65916799998377	190.0002850004275
95.97530399996322	190.0002850004275
96.29075399995781	93.99998120000376
96.60952199995518	93.99998120000376
97.24718299997039	93.99998120000376
97.8875339999795	93.99998120000376
98.52368400001433	93.99998120000376
99.16209500003606	93.99998120000376
99.80112700001337	93.99998120000376
100.43848999997135	75.0
100.55949300003704	75.0
101.35836800001562	75.0
102.15771900000982	75.0
102.95829199999571	75.0
103.75788299995475	116.99988885010559
103.80874100001529	116.99988885010559
104.32175200001802	116.99988885010559
104.83409600006416	116.99988885010559
105.34700199996587	116.99988885010559
105.85972499998752	116.99988885010559
106.37245300004724	116.99988885010559
106.8862290000543	116.99988885010559
107.39776099997107	110.9999056500802
107.44812299998011	110.9999056500802
107.98899400001392	110.9999056500802
108.52986700006295	92.0
108.64080199995078	92.0
109.29352099995594	92.0
109.94545999995898	92.0
110.59753499994986	92.0
111.24901100003626	92.0
111.90095699997619	92.0
112.55411100003403	92.0
113.2052009999752	191.00007640003057
113.4594700000016	191.00007640003057
113.77121999999508	191.00007640003057
114.0853819999611	191.00007640003057
114.40046999999322	191.00007640003057
114.71497400000226	191.00007640003057
115.02790400001686	191.00007640003057
115.3419119999744	167.99993280002687
115.45890099997632	167.99993280002687
115.81784699996933	167.99993280002687
116.17463599995244	167.99993280002687
116.53078899998218	167.99993280002687
116.88902999996208	167.99993280002687
117.24474600004032	167.99993280002687
117.60251500003505	167.99993280002687
117.95926699996926	167.99993280002687
118.31631400005426	127.0
118.42148500005715	127.0
118.89355899998918	127.0
119.3680920000188	127.0
119.83828599995468	127.0
120.31047899997793	127.0
120.7829990000464	127.0
121.25569100002758	69.99998833333528
121.87869300006423	69.99998833333528
122.73464799998328	69.99998833333528
123.59194199997	69.99998833333528
124.44904500001576	69.99998833333528
125.30732000002172	196.0002874670883
125.40109499997925	196.0002874670883
125.70675799995661	196.0002874670883
126.01310300000478	196.0002874670883
126.32478599995375	196.0002874670883
126.62536499998532	196.0002874670883
126.9307549999794	196.0002874670883
127.23748999997042	123.99999173333389
127.66612599999644	123.99999173333389
128.14944800001103	123.99999173333389
128.63343799998984	123.99999173333389
129.11924499995075	123.99999173333389
129.60111499996856	123.99999173333389
130.08415000000969	123.99999173333389
130.56827200006228	123.99999173333389
131.05235000001267	62.99999685000016
131.5773030000273	62.99999685000016
132.52970499999356	62.99999685000016
133.4817650000332	90.99995298335763
133.84256100002676	90.99995298335763
134.5013419999741	90.99995298335763
135.16136999998707	90.99995298335763
135.82064200006425	90.99995298335763
136.4801209999714	90.99995298335763
137.1389869999839	120.99994353335968
137.4809200000018	120.99994353335968
137.97698999999557	120.99994353335968
138.47345900000073	158.0
138.74803400004748	158.0
139.1275649999734	158.0
139.5069160000421	158.0
139.8871700000018	158.0
140.2652399999788	158.0
140.64510800002608	158.0
141.02429600001778	158.0
141.40444499999285	158.0
141.78384599997662	158.0
142.16536099999212	67.99999546666697
142.34496300003957	67.99999546666697
143.22654599999078	67.99999546666697
144.10853900003713	218.00028340036843
144.33285200002138	218.00028340036843
144.60980299999937	218.00028340036843
144.88317399995867	218.00028340036843
145.1582509999862	218.00028340036843
145.43535499996506	218.00028340036843
145.70921300002374	218.00028340036843
145.98385800002143	218.00028340036843
146.25940400001127	218.00028340036843
146.5373060000129	218.00028340036843
146.810409000027	218.00028340036843
147.08553399995435	218.00028340036843
147.36125199997332	218.00028340036843
147.63704399997368	218.00028340036843
147.91073100001086	218.00028340036843
148.18659100006334	118.0
148.31504000001587	118.0
148.82348899997305	118.0
149.33113900001626	118.0
149.83940199995413	118.0
150.34778399998322	116.00008506672904
150.3540529999882	116.00008506672904
150.8707449999638	116.00008506672904
151.38841000001412	116.00008506672904
151.90515500004403	116.00008506672904
152.4230979999993	116.00008506672904
152.94000800000504	116.00008506672904
153.4587870000396	116.00008506672904
153.975139999995	116.00008506672904
154.49127200001385	213.99987160007703
154.5637829999905	213.99987160007703
154.8442160000559	213.99987160007703
155.1244820000138	213.99987160007703
155.40565500000957	213.99987160007703
155.68596499995328	213.99987160007703
155.96757400000934	213.99987160007703
156.246576000005	78.9999657666815
156.5978780000005	78.9999657666815
157.3552020000061	78.9999657666815
158.11613099998794	78.9999657666815
158.87409900000785	78.9999657666815
159.63334499998018	78.9999657666815
160.39354199997615	165.99990040005977
160.57021200004965	165.99990040005977
160.93133100005798	165.99990040005977
161.29290600004606	165.99990040005977
161.65536900004372	165.99990040005977
162.01579400000628	165.99990040005977
162.37722699996084	156.000156000156
162.398319000029	156.000156000156
162.78310500003863	156.000156000156
163.1673759999685	156.000156000156
163.5537600000389	156.000156000156
163.9365070000058	156.000156000156
164.32208600000013	156.000156000156
164.70598700002301	156.000156000156
165.09043900005054	156.000156000156
165.4748420000542	156.000156000156
165.85977199999616	156.000156000156
166.24518399999943	210.00021000021
166.47912499995437	210.00021000021
166.7643490000628	210.00021000021
167.05061300005764	210.00021000021
167.3356490000151	210.00021000021
167.62179999996442	210.00021000021
167.90813700004946	210.00021000021
168.1929259999888	58.0
168.58098900003824	58.0
169.61659600003622	58.0
170.64936799998395	58.0
171.6853729999857	58.0
172.7187139999587	40.0
173.01909099996556	40.0
174.5192500000121	38.99998830000351
174.53121499996632	38.99998830000351
176.06995499995537	38.99998830000351
177.60908399999607	38.99998830000351
179.1461839999538	60.0
179.764334000065	60.0
180.7654249999905	185.99979540022505
180.92990400001872	185.99979540022505
181.2518749999581	185.99979540022505
181.57486799999606	185.99979540022505
181.89731699996628	185.99979540022505
182.22021499997936	185.99979540022505
182.54397200001404	185.99979540022505
182.8650749999797	185.99979540022505
183.18756999995094	185.99979540022505
183.5106969999615	185.99979540022505
183.83266600000206	185.99979540022505
184.1551520000212	185.99979540022505
184.47855100000743	185.99979540022505
184.80048900004476	185.99979540022505
185.1229179999791	177.99981606685674
185.14981199998874	177.99981606685674
185.48550599999726	177.99981606685674
185.82388999999966	177.99981606685674
186.16006100003142	177.99981606685674
186.4970350000076	177.99981606685674
186.83493300003465	177.99981606685674
187.1710299999686	107.99991360006912
187.5682520000264	107.99991360006912
188.12425600003917	107.99991360006912
188.67978799995035	107.99991360006912
189.23463299998548	107.99991360006912
189.7908939999761	107.99991360006912
190.34707400004845	107.99991360006912
190.9025599999586	107.99991360006912
191.45922099996824	100.0
191.5278620000463	100.0
192.1288390000118	100.0
192.72816800000146	100.0
193.3319040000206	165.000165000165
193.39327000000048	165.000165000165
193.75694099999964	165.000165000165
194.12049500003923	165.000165000165
194.48383200005628	165.000165000165
194.84886999998707	165.000165000165
195.21112500003073	165.000165000165
195.5765169999795	165.000165000165
195.93888100003824	165.000165000165
196.30213199998252	165.000165000165
196.66623199998867	165.000165000165
197.029634000035	165.000165000165
197.39323899999727	165.000165000165
197.7584430000279	165.000165000165
198.12058800004888	165.000165000165
198.48461599997245	165.000165000165
198.84752599999774	165.000165000165
199.2120949999662	165.000165000165
199.57516500004567	165.000165000165
199.93876900000032	165.000165000165
200.3023960000137	165.000165000165
200.66574099997524	165.000165000165
201.02994300005957	165.000165000165
201.39470599999186	165.000165000165
201.75878100004047	165.000165000165
202.1205590000609	165.000165000165
202.48394000006374	165.000165000165
202.8474339999957	165.000165000165
203.21232100005727	165.000165000165
203.57932200003415	165.000165000165
203.9388200000394	165.000165000165
204.30234100006055	165.000165000165
204.66752600006294	165.000165000165
205.02943900006358	165.000165000165
205.39435600000434	165.000165000165
205.75899999996182	165.000165000165
206.12112100003287	165.000165000165
206.4855900000548	165.000165000165
206.84786199999508	165.000165000165
207.21237800002564	165.000165000165
207.57552499999292	165.000165000165
207.93870699999388	165.000165000165
208.30363800004125	165.000165000165
208.66701500001363	165.000165000165
209.0298640000401	165.000165000165
209.39411800005473	165.000165000165
209.7579169999808	165.000165000165
210.1202930000145	165.000165000165
210.48562200006563	165.000165000165
210.84750499995425	165.000165000165
211.2113909999607	165.000165000165
211.57500900002196	165.000165000165
211.9397390000522	165.000165000165
212.30227700003888	165.000165000165
212.6659679999575	165.000165000165
213.02946700004395	165.000165000165
213.39319500001147	165.000165000165
213.7564260000363	165.000165000165
214.12068900000304	165.000165000165
214.48473200004082	165.000165000165
214.84770200005732	165.000165000165
215.21250500006136	165.000165000165


2.010800000047311	120.0
2.506495999987237	120.0
3.0005959999980405	120.0
3.5012369999894872	120.0
4.000224999967031	120.0
4.50049200002104	120.0
5.0007019999902695	120.0
5.5004200000548735	120.0
6.0004200000548735	120.0
6.500579999992624	120.0
7.00034200004302	120.0
7.500694000045769	120.0
8.01754000002984	120.0
8.500395999988541	120.0
9.001036999979988	120.0
9.500279000028968	120.0
10.001404999988154	120.0
10.500706000020728	120.0
11.001153000048362	120.0
11.500814000028186	120.0
12.000245000002906	120.0
12.500768000027165	120.0
13.001245000050403	120.0
13.500520000001416	120.0
14.000327000045218	120.0
14.50024800002575	120.0
15.001415999955498	120.0
15.500891000032425	120.0
16.00068000005558	120.0
16.500924000050873	120.0
17.000677000032738	120.0
17.50059399998281	120.0
18.00071199995	120.0
18.50097699998878	120.0
19.000931999995373	120.0
19.50104200001806	120.0
20.00058800005354	120.0
20.500297000049613	120.0
21.00105399999302	120.0
21.50025300006382	120.0
22.00026700005401	120.0
22.501327999983914	120.0
23.000315999961458	120.0
23.50080399995204	120.0
24.00082099996507	120.0
24.50043600006029	120.0
25.000883999979123	120.0
25.500925999949686	120.0
26.00065199995879	120.0
26.501189999980852	120.0
27.00069000001531	120.0
27.500262000015937	120.0
28.000594999990426	88.00002346667293
28.05466400005389	88.00002346667293
28.73650500003714	88.00002346667293
29.418920999974944	88.00002346667293
30.09860500006471	88.00002346667293
30.78251100005582	69.0
30.89426500000991	69.0
31.76380600000266	69.0
32.63358500006143	69.0
33.50365299999248	69.0
34.37382199999411	69.0
35.24213999998756	98.99993565004183
35.585988000035286	98.99993565004183
36.192871000035666	98.99993565004183
36.79804200003855	98.99993565004183
37.405254999990575	196.0002874670883
37.50781300000381	196.0002874670883
37.813427999964915	196.0002874670883
38.11872500006575	196.0002874670883
38.42476500000339	196.0002874670883
38.73058299999684	196.0002874670883
39.037217000033706	196.0002874670883
39.34544900001492	196.0002874670883
39.64890899998136	196.0002874670883
39.957767999963835	196.0002874670883
40.26156799995806	196.0002874670883
40.569863999960944	84.0
40.81595299998298	84.0
41.52878499997314	84.0
42.243728999979794	84.0
42.960151999956	132.9999468000213
43.19809800002258	132.9999468000213
43.64833999995608	132.9999468000213
44.099750000052154	132.9999468000213
44.55078299995512	132.9999468000213
45.0024230000563	132.9999468000213
45.45415300002787	132.9999468000213
45.90370699996129	132.9999468000213
46.355034000007436	132.9999468000213
46.8076890000375	132.9999468000213
47.25976299995091	154.99990958338608
47.52300499996636	154.99990958338608
47.90975900006015	52.000006933334255
47.91586199996527	52.000006933334255
49.069719000020996	52.000006933334255
50.223503999994136	52.000006933334255
51.37760799995158	52.000006933334255
52.53192700003274	52.000006933334255
53.68536000000313	186.9997756002693
53.72553000005428	186.9997756002693
54.04709600005299	186.9997756002693
54.367978999973275	186.9997756002693
54.6885150000453	186.9997756002693
55.00953100004699	122.0000691333725
55.329373999964446	122.0000691333725
55.81976500002202	122.0000691333725
56.311610999982804	122.0000691333725
56.80423200002406	122.0000691333725
57.29746599995997	122.0000691333725
57.787211999995634	122.0000691333725
58.27911000000313	94.99999208333399
58.383880999987014	94.99999208333399
59.01568499999121	94.99999208333399
59.647809999994934	94.99999208333399
60.27940200001467	94.99999208333399
60.9100150000304	66.0
61.1194929999765	66.0
62.02887899999041	66.0
62.93845100002363	66.0
63.848409999976866	66.0
64.75588199996855	135.000135000135
64.78286200005095	135.000135000135
65.22823500004597	135.000135000135
65.67208799999207	135.000135000135
66.11769600003026	34.99999416666764
66.61630999995396	34.99999416666764
68.32886899996083	34.99999416666764
70.04442200006451	61.0
70.98662600002717	61.0
71.96967500005849	61.0
72.95318099996075	216.99976130026258
73.06221500004176	216.99976130026258
73.33935200003907	216.99976130026258
73.6141859999625	216.99976130026258
73.8905879999511	216.99976130026258
74.16700400004629	216.99976130026258
74.44389300001785	216.99976130026258
74.7210770000238	216.99976130026258
74.99927100003697	216.99976130026258
75.27425400004722	216.99976130026258
75.55004400003236	216.99976130026258
75.82705600000918	216.99976130026258
76.10299799998756	85.00004250002125
76.33896299998742	85.00004250002125
77.04336500004865	85.00004250002125
77.74866899999324	85.00004250002125
78.45574600005057	24.0
79.725569000002	24.0
82.22646799997892	75.99996960001216
82.83292700001039	75.99996960001216
83.62175499997102	75.99996960001216
84.41136999998707	151.99993920002433
84.57958799996413	151.99993920002433
84.97418100002687	151.99993920002433
85.36928700003773	151.99993920002433
85.76323499996215	151.99993920002433
86.15970800002106	151.99993920002433
86.55317299999297	151.99993920002433
86.94791700004134	151.99993920002433
87.3430010000011	151.99993920002433
87.73771100002341	151.99993920002433
88.13233900000341	151.99993920002433
88.5287960000569	151.99993920002433
88.92194300005212	151.99993920002433
89.31931200006511	151.99993920002433
89.71114799997304	151.99993920002433
90.1061060000211	75.0
90.25050700001884	75.0
91.05032300006133	75.0
91.85080300003756	75.0
92.6509129999904	75.0
93.45027400006074	75.0
94.25087600003462	190.0002850004275
94.39672099996824	190.0002850004275
94.71185800002422	190.0002850004275
95.02819800004363	190.0002850004275
95.34456100000534	190.0002850004275
95.65970700001344	190.0002850004275
95.97600599995349	190.0002850004275
96.29054299998097	93.99998120000376
96.60904200002551	93.99998120000376
97.24790700001176	93.99998120000376
97.88745699997526	93.99998120000376
98.52352000004612	93.99998120000376
99.16210399998818	93.99998120000376
99.8008550000377	93.99998120000376
100.43868799996562	75.0
100.55919299996458	75.0
101.35796399996616	75.0
102.15812200005166	75.0
102.95799500006251	75.0
103.75781700003427	116.99988885010559
103.80894000001717	116.99988885010559
104.3217949999962	116.99988885010559
104.83391899999697	116.99988885010559
105.34693999995943	116.99988885010559
105.85942400002386	116.99988885010559
106.37284800002817	116.99988885010559
106.88621799997054	116.99988885010559
107.397740000044	110.9999056500802
107.44819000002462	110.9999056500802
107.98951600003056	110.9999056500802
108.52971300005447	91.99998773333498
108.64062099996954	91.99998773333498
109.29356600006577	91.99998773333498
109.94544100004714	91.99998773333498
110.59755499998573	91.99998773333498
111.2487240000628	91.99998773333498
111.90089100005571	91.99998773333498
112.55429200001527	91.99998773333498
113.20541499997489	191.00007640003057
113.4599000000162	191.00007640003057
113.77177600003779	191.00007640003057
114.08533499995247	191.00007640003057
114.39947099995334	191.00007640003057
114.71469799999613	191.00007640003057
115.02815799997188	191.00007640003057
115.34210899996106	167.99993280002687
115.45891299995128	167.99993280002687
115.81796100002248	167.99993280002687
116.1746249999851	167.99993280002687
116.53075400006492	167.99993280002687
116.8890019999817	167.99993280002687
117.24449599999934	167.99993280002687
117.60308300005272	167.99993280002687
117.95979100000113	167.99993280002687
118.3163029999705	126.99998518333506
118.42198300000746	126.99998518333506
118.89379300002474	126.99998518333506
119.36826600006316	126.99998518333506
119.83868699998129	126.99998518333506
120.31091200001538	126.99998518333506
120.78333799995016	70.0
121.02018400002271	70.0
121.87881899997592	70.0
122.7347679999657	70.0
123.59167600004002	70.0
124.44963000004645	70.0
125.30719500000123	196.0002874670883
125.40135399997234	196.0002874670883
125.70624400000088	196.0002874670883
126.01292400003877	196.0002874670883
126.32429400004912	196.0002874670883
126.62549999996554	196.0002874670883
126.93071400001645	196.0002874670883
127.2369320000289	123.99999173333389
127.66805400000885	123.99999173333389
128.1492459999863	123.99999173333389
128.63312000001315	123.99999173333389
129.11884500004817	123.99999173333389
129.60110400000121	123.99999173333389
130.0841739999596	123.99999173333389
130.56828799995128	63.0
130.62569200003054	63.0
131.57696400000714	63.0
132.52922200004105	63.0
133.48153099999763	90.99995298335763
133.84240700001828	90.99995298335763
134.5013419999741	90.99995298335763
135.16095900000073	90.99995298335763
135.82087799999863	90.99995298335763
136.48031699995045	90.99995298335763
137.1393940000562	120.99994353335968
137.4809200000018	120.99994353335968
137.9775199999567	120.99994353335968
138.47390700003598	157.999931533363
138.747776000062	157.999931533363
139.1273270000238	157.999931533363
139.50694900006056	157.999931533363
139.8871999999974	157.999931533363
140.26514400006272	157.999931533363
140.6446200000355	157.999931533363
141.02455099998042	157.999931533363
141.40453900001012	157.999931533363
141.7837849999778	157.999931533363
142.1656189999776	67.99999546666697
142.34438500006218	67.99999546666697
143.22630600002594	67.99999546666697
144.10880000004545	218.00028340036843
144.3330380000407	218.00028340036843
144.60960600001272	218.00028340036843
144.88288299995475	218.00028340036843
145.1585630000336	218.00028340036843
145.4352769999532	218.00028340036843
145.70937100006267	218.00028340036843
145.9841070000548	218.00028340036843
146.25925500004087	218.00028340036843
146.53701299999375	218.00028340036843
146.8101569999708	218.00028340036843
147.0853140000254	218.00028340036843
147.36055099999066	218.00028340036843
147.63728300004732	218.00028340036843
147.91092900000513	218.00028340036843
148.1867210000055	117.99990166674861
148.31553599995095	117.99990166674861
148.8232850000495	117.99990166674861
149.33157599996775	117.99990166674861
149.83986299997196	117.99990166674861
150.34817700006533	116.0
150.35436600004323	116.0
150.8709980000276	116.0
151.38821000000462	116.0
151.90478400001302	116.0
152.4233340000501	116.0
152.93984000000637	116.0
153.4590849999804	116.0
153.97464000002947	116.0
154.49153700005263	213.99987160007703
154.5641520000063	213.99987160007703
154.84418300003745	213.99987160007703
155.12450499995612	213.99987160007703
155.4052049999591	213.99987160007703
155.68621399998665	213.99987160007703
155.96779799996875	213.99987160007703
156.246026000008	78.9999657666815
156.5978480000049	78.9999657666815
157.3550459999824	78.9999657666815
158.11613099998794	78.9999657666815
158.87409900000785	78.9999657666815
159.63338000001386	78.9999657666815
160.39405999996234	166.0
160.5700590000488	166.0
160.93115700001363	166.0
161.29337199998554	166.0
161.65592299995478	166.0
162.0158989999909	166.0
162.37699500005692	156.000156000156
162.39826399995945	156.000156000156
162.7833030000329	156.000156000156
163.1674049999565	156.000156000156
163.55396399996243	156.000156000156
163.93700400006492	156.000156000156
164.3223279999802	156.000156000156
164.70575199997984	156.000156000156
165.0909990000073	156.000156000156
165.47520700003952	156.000156000156
165.8596560000442	156.000156000156
166.24547399999574	210.00021000021
166.47903699998278	210.00021000021
166.76437600003555	210.00021000021
167.05028099997435	210.00021000021
167.3356490000151	210.00021000021
167.6218120000558	210.00021000021
167.90939699998125	210.00021000021
168.19341299997177	57.999986466669824
168.58069199998863	57.999986466669824
169.61628600000404	57.999986466669824
170.64964199997485	57.999986466669824
171.68513999995776	57.999986466669824
172.71886500006076	40.0
173.01910300005693	40.0
174.51960300002247	38.99998830000351
174.53143400000408	38.99998830000351
176.07023700000718	38.99998830000351
177.60900799999945	38.99998830000351
179.1461839999538	60.0
179.7646759999916	60.0
180.76566799997818	186.0
180.92989200004376	186.0
181.25184699997772	186.0
181.57529800001066	186.0
181.89757100003771	186.0
182.21998100006022	186.0
182.5437389999861	186.0
182.86514500004705	186.0
183.1877970000496	186.0
183.51086300006136	186.0
183.8328759999713	186.0
184.1555449999869	186.0
184.4785629999824	186.0
184.80050500005018	186.0
185.1231240000343	177.99981606685674
185.1496449999977	177.99981606685674
185.48604400001932	177.99981606685674
185.82412800006568	177.99981606685674
186.16052499995567	177.99981606685674
186.49668099998962	177.99981606685674
186.83552099997178	177.99981606685674
187.17070000001695	107.99991360006912
187.56794900004752	107.99991360006912
188.1249560000142	107.99991360006912
188.6793179999804	107.99991360006912
189.23485999996774	107.99991360006912
189.79072499996983	107.99991360006912
190.3472860000329	107.99991360006912
190.9027149999747	100.0
190.92795000004116	100.0
191.5281520000426	100.0
192.12806200003251	100.0
192.72780600003898	100.0
193.33179600001313	165.000165000165
193.39366800000425	165.000165000165
193.75662200001534	165.000165000165
194.12062299996614	165.000165000165
194.48384400003124	165.000165000165
194.8486059999559	165.000165000165
195.21114799997304	165.000165000165
195.57632999995258	165.000165000165
195.9384340000106	165.000165000165
196.3025149999885	165.000165000165
196.66566800000146	165.000165000165
197.0293679999886	165.000165000165
197.39350600005127	165.000165000165
197.75888199999463	165.000165000165
198.1202930000145	165.000165000165
198.4847760000266	165.000165000165
198.84778399998322	165.000165000165
199.2124410000397	165.000165000165
199.57485299999826	165.000165000165
199.938582999981	165.000165000165
200.30263000004925	165.000165000165
200.66600199998356	165.000165000165
201.03016399999615	165.000165000165
201.39508200006094	165.000165000165
201.75855000002775	165.000165000165
202.1207820000127	165.000165000165
202.4841599999927	165.000165000165
202.8478269999614	165.000165000165
203.2120939999586	165.000165000165
203.5796229999978	165.000165000165
203.93901099998038	165.000165000165
204.3024860000005	165.000165000165
204.66640300001018	165.000165000165
205.0298859999748	165.000165000165
205.39437700004783	165.000165000165
205.7589610000141	165.000165000165
206.1208570000017	165.000165000165
206.48599399998784	165.000165000165
206.84758599998895	165.000165000165
207.21212499996182	165.000165000165
207.5757389999926	165.000165000165
207.93847499997355	165.000165000165
208.30330699996557	165.000165000165
208.66726899996866	165.000165000165
209.0296709999675	165.000165000165
209.39442300004885	165.000165000165
209.75775500002783	165.000165000165
210.12026100000367	165.000165000165
210.48571300006006	165.000165000165
210.84771100000944	165.000165000165
211.21148299996275	165.000165000165
211.57537900004536	165.000165000165
211.93889500002842	165.000165000165
212.30225499998778	165.000165000165
212.66607399994973	165.000165000165
213.0294559999602	165.000165000165
213.39311699999962	165.000165000165
213.75727399997413	165.000165000165
214.12044400000013	165.000165000165
214.48487499996554	165.000165000165
214.84779200004414	165.000165000165
215.21238000004087	165.000165000165


4.013428000034764	120.0
4.507800000021234	120.0
5.00042699999176	120.0
5.500441999989562	120.0
6.00029400002677	120.0
6.500579999992624	120.0
7.000269999960437	120.0
7.500953000038862	120.0
8.000350999995135	120.0
8.50042699999176	120.0
9.00076900003478	120.0
9.500286999973468	120.0
10.001132000004873	120.0
10.500466000055894	120.0
11.000977999996394	120.0
11.500483999960124	120.0
12.000452999956906	120.0
12.501183000043966	120.0
13.00120399997104	120.0
13.500552000012249	120.0
14.000516999978572	120.0
14.500393999973312	120.0
15.001151000033133	120.0
15.500640999991447	120.0
16.000312000047415	120.0
16.500468999962322	120.0
17.001147000002675	120.0
17.500889000017196	120.0
18.00046700006351	120.0
18.501181000028737	120.0
19.00048200006131	120.0
19.500681000063196	120.0
20.00093800004106	120.0
20.500273999990895	120.0
21.000761999981478	120.0
21.500491000013426	120.0
22.00066100002732	120.0
22.50157299998682	120.0
23.000564999994822	120.0
23.501014000037685	120.0
24.001267999992706	120.0
24.50055700005032	120.0
25.000316999969073	120.0
25.50127899996005	120.0
26.00113800005056	120.0
26.500960999983363	120.0
27.000262000015937	120.0
27.500456999987364	120.0
28.000857000006363	88.00002346667293
28.054207999957725	88.00002346667293
28.73685700003989	88.00002346667293
29.419276000000536	88.00002346667293
30.098616000032052	88.00002346667293
30.782380999997258	88.00002346667293
31.46318900003098	69.00001725000432
31.76383099996019	69.00001725000432
32.6330869999947	69.00001725000432
33.50399700005073	69.00001725000432
34.37337599997409	69.00001725000432
35.24289500003215	98.99993565004183
35.58611799997743	98.99993565004183
36.193373000016436	98.99993565004183
36.79843500000425	98.99993565004183
37.40558999998029	196.0002874670883
37.50813299999572	196.0002874670883
37.81322100001853	196.0002874670883
38.118297999957576	196.0002874670883
38.424577999976464	196.0002874670883
38.73100599995814	196.0002874670883
39.03708000003826	196.0002874670883
39.345097000012174	196.0002874670883
39.64869499998167	196.0002874670883
39.95640799996909	196.0002874670883
40.2618520000251	196.0002874670883
40.569376999977976	196.0002874670883
40.874745000037365	196.0002874670883
41.179496000055224	83.99996640001343
41.529012999963015	83.99996640001343
42.243967000045814	83.99996640001343
42.96036200004164	133.0
43.198218000005	133.0
43.64810600003693	133.0
44.09938200004399	133.0
44.55061100004241	133.0
45.002408000058495	133.0
45.45456099999137	133.0
45.90407899999991	133.0
46.355034000007436	133.0
46.808161000022665	133.0
47.25973699998576	154.99990958338608
47.52282299997751	154.99990958338608
47.91311500000302	52.000006933334255
47.91561799996998	52.000006933334255
49.06945499998983	52.000006933334255
50.22334300004877	52.000006933334255
51.377179000061005	52.000006933334255
52.53224099997897	187.0
52.76329999999143	187.0
53.084721000050195	187.0
53.40460000000894	187.0
53.725788000039756	187.0
54.04639499995392	187.0
54.36769300000742	187.0
54.688075999962166	187.0
55.009332000045106	122.0000691333725
55.32947100000456	122.0000691333725
55.819957999978215	122.0000691333725
56.311610999982804	122.0000691333725
56.80401099997107	122.0000691333725
57.29743100004271	122.0000691333725
57.78728599997703	122.0000691333725
58.27985000004992	94.99999208333399
58.38391600002069	94.99999208333399
59.015208999975584	94.99999208333399
59.6474510000553	94.99999208333399
60.27939000003971	94.99999208333399
60.91047100001015	94.99999208333399
61.54210099996999	65.99999340000066
62.028945000027306	65.99999340000066
62.93782500002999	65.99999340000066
63.84803999995347	65.99999340000066
64.75614900002256	135.000135000135
64.78340099996421	135.000135000135
65.22871399996802	135.000135000135
65.67217300005723	135.000135000135
66.11734200001229	34.99999416666764
66.61658000003081	34.99999416666764
68.32904600002803	34.99999416666764
70.04450499999803	60.99997255001235
70.98632699996233	60.99997255001235
71.96984999999404	217.0
72.23173999995925	217.0
72.5082649999531	217.0
72.78642500005662	217.0
73.06240100006107	217.0
73.33903799997643	217.0
73.61444000003394	217.0
73.8908910000464	217.0
74.1672130000079	217.0
74.44358299998567	217.0
74.72085000004154	217.0
74.9989699999569	217.0
75.27394600003026	217.0
75.55020800000057	217.0
75.82729599997401	217.0
76.10330600000452	85.00004250002125
76.33927500003483	85.00004250002125
77.04381800000556	85.00004250002125
77.74908500001766	85.00004250002125
78.45610299997497	24.0
79.7256950000301	24.0
82.22648700000718	76.0
82.83259899995755	76.0
83.62206199998036	76.0
84.41164000006393	151.99993920002433
84.57940299995244	151.99993920002433
84.97397299995646	151.99993920002433
85.36890200001653	151.99993920002433
85.76324600004591	151.99993920002433
86.15976199996658	151.99993920002433
86.55282199999783	151.99993920002433
86.94790799997281	151.99993920002433
87.34324499999639	151.99993920002433
87.7376139999833	151.99993920002433
88.13269300002139	151.99993920002433
88.52893100003712	151.99993920002433
88.92226599995047	151.99993920002433
89.31862400006503	151.99993920002433
89.71073000004981	151.99993920002433
90.10613800003193	75.0
90.25046999996994	75.0
91.05072800000198	75.0
91.85082299995702	75.0
92.65049599995837	75.0
93.45230400003493	75.0
94.25055999995675	190.0002850004275
94.3969470000593	190.0002850004275
94.71148800000083	190.0002850004275
95.02798400004394	190.0002850004275
95.34477700002026	190.0002850004275
95.65941299998667	190.0002850004275
95.97530399996322	190.0002850004275
96.29101799998898	93.99998120000376
96.60928099998273	93.99998120000376
97.24750000005588	93.99998120000376
97.8870520000346	93.99998120000376
98.52352000004612	93.99998120000376
99.1619199999841	93.99998120000376
99.80065700004343	93.99998120000376
100.43867900001351	75.0
100.55965599999763	75.0
101.35811000003014	75.0
102.15836500003934	75.0
102.95846700004768	117.0
103.29597400000785	117.0
103.8092239999678	117.0
104.32197100005578	117.0
104.8337060000049	117.0
105.3473229999654	117.0
105.85942400002386	117.0
106.37261800002307	117.0
106.88644799997564	117.0
107.39798100001644	110.9999056500802
107.44787599996198	110.9999056500802
107.98827299999539	110.9999056500802
108.52943600004073	91.99998773333498
108.64085900003556	91.99998773333498
109.29371600004379	91.99998773333498
109.94571500003804	91.99998773333498
110.59782300004736	91.99998773333498
111.24919100000989	91.99998773333498
111.90117800002918	91.99998773333498
112.55405599996448	191.0
112.82903599995188	191.0
113.14300599996932	191.0
113.45968600001652	191.0
113.77146700001322	191.0
114.0865230000345	191.0
114.40035300003365	191.0
114.71472299995366	191.0
115.0281810000306	167.99993280002687
115.10171700001229	167.99993280002687
115.45910900004674	167.99993280002687
115.81831999996211	167.99993280002687
116.17488199996296	167.99993280002687
116.53093300003093	167.99993280002687
116.8892019999912	167.99993280002687
117.24474600004032	167.99993280002687
117.6024880000623	167.99993280002687
117.95927800005302	167.99993280002687
118.31654899998102	126.99998518333506
118.4218010000186	126.99998518333506
118.893219999969	126.99998518333506
119.36786899995059	126.99998518333506
119.8382279999787	126.99998518333506
120.31045999994967	126.99998518333506
120.78301799995825	126.99998518333506
121.25575700006448	69.99998833333528
121.87905500002671	69.99998833333528
122.73454299999867	69.99998833333528
123.59188099997118	69.99998833333528
124.44932400004473	69.99998833333528
125.30679399997462	196.0002874670883
125.40135399997234	196.0002874670883
125.70653900003526	196.0002874670883
126.01311100006569	196.0002874670883
126.3238409999758	196.0002874670883
126.6249629999511	196.0002874670883
126.93103199999314	196.0002874670883
127.23777999996673	123.99999173333389
127.66709800006356	123.99999173333389
128.14969300001394	123.99999173333389
128.6336209999863	123.99999173333389
129.1189299999969	123.99999173333389
129.6014590000268	123.99999173333389
130.0844700000016	123.99999173333389
130.56803099997342	123.99999173333389
131.05212899995968	62.99999685000016
131.57696400000714	62.99999685000016
132.52927599998657	91.0
133.18268399999943	91.0
133.84280300000682	91.0
134.50163499999326	91.0
135.16094700002577	91.0
135.8210970000364	91.0
136.47987200005446	91.0
137.13993199996185	120.99994353335968
137.48114599997643	120.99994353335968
137.9769780000206	120.99994353335968
138.473731999984	157.999931533363
138.74775600002613	157.999931533363
139.12705600005575	157.999931533363
139.5071389999939	157.999931533363
139.88692299998365	157.999931533363
140.2650320000248	157.999931533363
140.6446200000355	157.999931533363
141.02429600001778	157.999931533363
141.40434700006153	157.999931533363
141.78420900006313	157.999931533363
142.16507200000342	68.0
142.34487599995919	68.0
143.2265780000016	68.0
144.10863899998367	218.00028340036843
144.33285899995826	218.00028340036843
144.60939300002065	218.00028340036843
144.88288299995475	218.00028340036843
145.15855100005865	218.00028340036843
145.43491900002118	218.00028340036843
145.70887199998833	218.00028340036843
145.9841070000548	218.00028340036843
146.25923900003545	218.00028340036843
146.53689400001895	218.00028340036843
146.8101869999664	218.00028340036843
147.08508200000506	218.00028340036843
147.36063100001775	218.00028340036843
147.63664899999276	218.00028340036843
147.91044899995904	218.00028340036843
148.18651000002865	117.99990166674861
148.31535599997733	117.99990166674861
148.82304200006183	117.99990166674861
149.33113900001626	117.99990166674861
149.83963299996685	117.99990166674861
150.34801499999594	116.00008506672904
150.35400399996433	116.00008506672904
150.8707680000225	116.00008506672904
151.38841000001412	116.00008506672904
151.90498700004537	116.00008506672904
152.42307200003415	116.00008506672904
152.93984000000637	116.00008506672904
153.45876800001133	116.00008506672904
153.9749089999823	116.00008506672904
154.49160499998834	213.99987160007703
154.56401800003368	213.99987160007703
154.84452100005	213.99987160007703
155.12471300002653	213.99987160007703
155.40546699997503	213.99987160007703
155.68621399998665	213.99987160007703
155.96734600001946	213.99987160007703
156.24640000006184	78.9999657666815
156.59751200000755	78.9999657666815
157.35485800006427	78.9999657666815
158.11639300000388	78.9999657666815
158.8738509999821	78.9999657666815
159.63361600006465	78.9999657666815
160.3938639999833	165.99990040005977
160.56990899995435	165.99990040005977
160.93115700001363	165.99990040005977
161.29290600004606	165.99990040005977
161.65560699999332	165.99990040005977
162.01537100004498	165.99990040005977
162.3772609999869	156.0
162.39799600001425	156.0
162.78313700004946	156.0
163.167235000059	156.0
163.55295499996282	156.0
163.9365070000058	156.0
164.32186699996237	156.0
164.70550999999978	156.0
165.09043900005054	156.0
165.47488400002476	156.0
165.8593889999902	156.0
166.24518399999943	210.00021000021
166.47883999999613	210.00021000021
166.76421100005973	210.00021000021
167.05000899999868	210.00021000021
167.3359679999994	210.00021000021
167.62205300002825	210.00021000021
167.90886099997442	210.00021000021
168.19295399996918	57.999986466669824
168.58042000001296	57.999986466669824
169.61673999996856	57.999986466669824
170.64936799998395	57.999986466669824
171.68545999994967	57.999986466669824
172.71869999996852	40.0
173.0196790000191	40.0
174.5197380000027	38.99998830000351
174.531621000031	38.99998830000351
176.06993600004353	38.99998830000351
177.60928299999796	38.99998830000351
179.14672900002915	60.0
179.76484099996742	60.0
180.76569499995094	185.99979540022505
180.93010800005868	185.99979540022505
181.2522170000011	185.99979540022505
181.57516200002283	185.99979540022505
181.89757100003771	185.99979540022505
182.2197060000617	185.99979540022505
182.54346900002565	185.99979540022505
182.86496000003535	185.99979540022505
183.18812499998603	185.99979540022505
183.51046000001952	185.99979540022505
183.83265800005756	185.99979540022505
184.15546200005338	185.99979540022505
184.47833600000013	185.99979540022505
184.80068200000096	185.99979540022505
185.1231319999788	177.99981606685674
185.14976099994965	177.99981606685674
185.48548599996138	177.99981606685674
185.82385100005195	177.99981606685674
186.16005000006407	177.99981606685674
186.49706600001082	177.99981606685674
186.83523900003638	177.99981606685674
187.1706890000496	107.99991360006912
187.5679249999812	107.99991360006912
188.12419300002512	107.99991360006912
188.6797250000527	107.99991360006912
189.23457900003996	107.99991360006912
189.79074800002854	107.99991360006912
190.34706499997992	107.99991360006912
190.902543000062	107.99991360006912
191.4591889999574	100.0
191.52795600006357	100.0
192.12828099995386	100.0
192.72803999995813	165.0
193.02940100000706	165.0
193.3934489999665	165.0
193.75718700001016	165.0
194.1202559999656	165.0
194.48426599998493	165.0
194.84909599996172	165.0
195.2113740000641	165.0
195.57603300001938	165.0
195.93871400004718	165.0
196.30221300001722	165.0
196.66611999995075	165.0
197.02965399995446	165.0
197.3932270000223	165.0
197.75843200006057	165.0
198.12059599999338	165.0
198.48460800002795	165.0
198.84775299998	165.0
199.2126050000079	165.0
199.57500199996866	165.0
199.93894000002183	165.0
200.3023960000137	165.0
200.66600199998356	165.0
201.03016399999615	165.0
201.39515100000426	165.0
201.7588870000327	165.0
202.12054799997713	165.0
202.4839810000267	165.0
202.8474339999957	165.0
203.2123460000148	165.0
203.57996800006367	165.0
203.93925199995283	165.0
204.30257900001016	165.0
204.66734399995767	165.0
205.02943900006358	165.0
205.39485399995465	165.0
205.7594729999546	165.0
206.12047700001858	165.0
206.48577499995008	165.0
206.84801800001878	165.0
207.21237800002564	165.0
207.57559200003743	165.0
207.93865200004075	165.0
208.30355800001416	165.0
208.66734499996528	165.0
209.02963200001977	165.0
209.39433399995323	165.0
209.7579749999568	165.0
210.12064600002486	165.0
210.48544700001366	165.0
210.84755800000858	165.0
211.21121500001755	165.0
211.57518000004347	165.0
211.9393520000158	165.0
212.30198600003496	165.0
212.66587500006426	165.0
213.029709000024	165.0
213.39335799997207	165.0
213.75701800000388	165.0
214.12067500001285	165.0
214.48515800002497	165.0
214.84749700000975	165.0
215.21218699996825	165.0


6.059308000025339	120.0
6.536170999985188	120.0
7.000510000041686	120.0
7.500694000045769	120.0
8.00127899996005	120.0
8.500752000021748	120.0
9.00076900003478	120.0
9.50054200005252	120.0
10.000709000043571	120.0
10.500452000065707	120.0
11.00078600004781	120.0
11.500538000022061	120.0
12.000452999956906	120.0
12.501001000055112	120.0
13.001027000020258	120.0
13.500698999967426	120.0
14.000525000039488	120.0
14.500383000005968	120.0
15.001151000033133	120.0
15.500696999952197	120.0
16.00034400005825	120.0
16.50087099999655	120.0
17.000971000059508	120.0
17.501060000038706	120.0
18.000650999951176	120.0
18.501279999967664	120.0
19.000594999990426	120.0
19.500862000044435	120.0
20.0010300000431	120.0
20.50052899995353	120.0
21.000486999982968	120.0
21.500291000003926	120.0
22.00046700006351	120.0
22.50104400003329	120.0
23.000403000041842	120.0
23.500924000050873	120.0
24.00082099996507	120.0
24.500789999961853	120.0
25.001214000047185	120.0
25.501079999958165	120.0
26.000989999971353	120.0
26.501407000003383	120.0
27.000522000016645	120.0
27.500262000015937	120.0
28.000669999979436	88.00002346667293
28.05418199999258	88.00002346667293
28.736791000002995	88.00002346667293
29.418870000052266	88.00002346667293
30.09887400001753	88.00002346667293
30.780213000020012	88.00002346667293
31.463438000064343	69.00001725000432
31.763619999983348	69.00001725000432
32.63327700004447	69.00001725000432
33.50368099997286	69.00001725000432
34.37361500004772	69.00001725000432
35.24232399999164	99.0
35.58564900001511	99.0
36.19318900001235	99.0
36.798239000025205	99.0
37.40555500006303	196.0002874670883
37.50781300000381	196.0002874670883
37.81323299999349	196.0002874670883
38.11839199997485	196.0002874670883
38.424387000035495	196.0002874670883
38.73055099998601	196.0002874670883
39.03695099998731	196.0002874670883
39.34486399998423	196.0002874670883
39.64873999997508	196.0002874670883
39.956071999971755	196.0002874670883
40.26201599999331	196.0002874670883
40.569376999977976	196.0002874670883
40.87451300001703	196.0002874670883
41.179496000055224	83.99996640001343
41.5292190000182	83.99996640001343
42.24395000003278	83.99996640001343
42.959740999969654	132.9999468000213
43.19802200002596	132.9999468000213
43.64850600005593	132.9999468000213
44.09993599995505	132.9999468000213
44.55039400001988	132.9999468000213
45.00284400000237	132.9999468000213
45.45429699996021	132.9999468000213
45.903718000045046	132.9999468000213
46.35554400004912	132.9999468000213
46.807751000043936	132.9999468000213
47.259486000053585	154.99990958338608
47.52319900004659	154.99990958338608
47.91338399995584	52.000006933334255
47.91609199997038	52.000006933334255
49.07003399997484	52.000006933334255
50.224000000045635	52.000006933334255
51.37715900002513	52.000006933334255
52.53234999999404	52.000006933334255
53.68540299998131	186.9997756002693
53.72551600006409	186.9997756002693
54.046637000050396	186.9997756002693
54.36771799996495	186.9997756002693
54.68831899994984	122.0
54.836653999984264	122.0
55.32962600002065	122.0
55.82013999996707	122.0
56.31213400000706	122.0
56.80427399999462	122.0
57.29719199996907	122.0
57.787069999962114	122.0
58.27911000000313	94.99999208333399
58.383736000047065	94.99999208333399
59.0155439999653	94.99999208333399
59.64768000005279	94.99999208333399
60.279620000044815	94.99999208333399
60.9102450000355	94.99999208333399
61.54247700003907	65.99999340000066
62.02863099996466	65.99999340000066
62.93822400004137	65.99999340000066
63.84833299997263	65.99999340000066
64.75589499995112	135.0
64.78287400002591	135.0
65.2282079999568	135.0
65.67184399999678	135.0
66.11769600003026	34.99999416666764
66.61627800005954	34.99999416666764
68.32885200006422	34.99999416666764
70.04410199995618	60.99997255001235
70.98662600002717	60.99997255001235
71.96964599995408	60.99997255001235
72.95293300005142	216.99976130026258
73.06221500004176	216.99976130026258
73.33932699996512	216.99976130026258
73.6143409999786	216.99976130026258
73.8905879999511	216.99976130026258
74.1671900000656	216.99976130026258
74.44381800002884	216.99976130026258
74.72120400005952	216.99976130026258
74.99895899998955	216.99976130026258
75.27424199995585	216.99976130026258
75.55022199999075	216.99976130026258
75.82704200001899	216.99976130026258
76.10335900005884	85.00004250002125
76.3386940000346	85.00004250002125
77.04333300003782	85.00004250002125
77.74888500000816	85.00004250002125
78.45575900003314	24.0
79.72551500005648	24.0
82.22617899999022	75.99996960001216
82.8328319999855	75.99996960001216
83.62175499997102	75.99996960001216
84.41136999998707	152.0
84.57964000001084	152.0
84.97429399995599	152.0
85.36913000000641	152.0
85.76349200005643	152.0
86.15925300004892	152.0
86.55305300001055	152.0
86.94766800000798	152.0
87.34275099996012	152.0
87.73814899998251	152.0
88.13253599999007	151.99993920002433
88.5287079999689	151.99993920002433
88.92240399995353	151.99993920002433
89.319422999979	151.99993920002433
89.71069800003897	151.99993920002433
90.10654199996497	75.0
90.25029300001916	75.0
91.05059500003699	75.0
91.85102800000459	75.0
92.65072999999393	75.0
93.45087399997283	75.0
94.25031000003219	190.0
94.397236000048	190.0
94.71174299996346	190.0
95.02792500006035	190.0
95.34489499998745	190.0
95.65941299998667	190.0
95.97565899998881	190.0
96.29098599997815	93.99998120000376
96.60904200002551	93.99998120000376
97.24767099996097	93.99998120000376
97.88706800004002	93.99998120000376
98.52381000004243	93.99998120000376
99.16226999997161	93.99998120000376
99.8013519999804	93.99998120000376
100.43885300005786	75.0
100.55923400004394	75.0
101.35793499997817	75.0
102.15754399995785	75.0
102.95802100002766	75.0
103.75759900000412	116.99988885010559
103.80845100001898	116.99988885010559
104.3221729999641	116.99988885010559
104.83390900003724	116.99988885010559
105.34759999997914	116.99988885010559
105.8598710000515	116.99988885010559
106.37251999997534	116.99988885010559
106.88652199995704	116.99988885010559
107.39798100001644	110.9999056500802
107.44785700005013	110.9999056500802
107.98934400000144	110.9999056500802
108.5294630000135	91.99998773333498
108.6404099999927	91.99998773333498
109.29331600002479	91.99998773333498
109.94569500000216	91.99998773333498
110.59792199998628	91.99998773333498
111.24898599996231	91.99998773333498
111.90067200001795	91.99998773333498
112.55381199996918	91.99998773333498
113.20515399996657	191.00007640003057
113.45945099997334	191.00007640003057
113.77119400002994	191.00007640003057
114.08588200004306	191.00007640003057
114.40038500004448	191.00007640003057
114.71518100006506	168.0
114.74454600003082	168.0
115.10173600004055	168.0
115.45920100004878	168.0
115.81816400005482	168.0
116.17511099996045	168.0
116.53110000002198	168.0
116.88872699998319	168.0
117.24490900000092	168.0
117.60275199997704	168.0
117.95955499995034	168.0
118.31608100002632	126.99998518333506
118.42146600002889	126.99998518333506
118.89342300000135	126.99998518333506
119.36819299997296	126.99998518333506
119.83846300002187	126.99998518333506
120.31067799997982	126.99998518333506
120.78352699999232	126.99998518333506
121.25544500001706	69.99998833333528
121.87862800003495	69.99998833333528
122.73427799995989	69.99998833333528
123.59207999997307	69.99998833333528
124.44907600001898	69.99998833333528
125.30745099997148	196.0
125.40068800002337	196.0
125.70621400000528	196.0
126.01292400003877	196.0
126.32352299999911	196.0
126.62526300002355	196.0
126.93102200003341	196.0
127.23752299998887	123.99999173333389
127.66806699999142	123.99999173333389
128.14916999998968	123.99999173333389
128.6331319999881	123.99999173333389
129.11935399996582	123.99999173333389
129.6015390000539	123.99999173333389
130.08467300003394	123.99999173333389
130.56849299999885	123.99999173333389
131.05237399996258	62.99999685000016
131.57761699997354	62.99999685000016
132.52954699995462	62.99999685000016
133.4815210000379	90.99995298335763
133.84233999997377	90.99995298335763
134.50180500000715	90.99995298335763
135.16118399996776	90.99995298335763
135.82087799999863	90.99995298335763
136.47987200005446	90.99995298335763
137.14012400002684	120.99994353335968
137.48130500002299	120.99994353335968
137.9772660000017	120.99994353335968
138.47344700002577	157.999931533363
138.74806700006593	157.999931533363
139.12731400004122	157.999931533363
139.5065970000578	157.999931533363
139.88748300005682	157.999931533363
140.2648099999642	157.999931533363
140.64485399995465	157.999931533363
141.02465499995742	157.999931533363
141.40408999996725	157.999931533363
141.78398800001014	157.999931533363
142.1654189999681	67.99999546666697
142.3444250000175	67.99999546666697
143.22630600002594	67.99999546666697
144.10826899996027	218.0
144.3325719999848	218.0
144.60960600001272	218.0
144.8833909999812	218.0
145.15824000001885	218.0
145.4348539999919	218.0
145.70912300003693	218.0
145.98385800002143	218.0
146.25903800001834	218.0
146.5360890000593	218.0
146.80995899997652	218.0
147.0850639999844	218.0
147.36086699995212	218.0
147.6366810000036	218.0
147.9104229999939	218.0
148.18628799996804	117.99990166674861
148.31529900000896	117.99990166674861
148.82304200006183	117.99990166674861
149.33137400005944	117.99990166674861
149.83963299996685	117.99990166674861
150.34801499999594	116.00008506672904
150.35421100002714	116.00008506672904
150.87115699995775	116.00008506672904
151.38860499998555	116.00008506672904
151.90497200004756	116.00008506672904
152.4228230000008	116.00008506672904
152.9396359999664	116.00008506672904
153.45931000006385	116.00008506672904
153.9749620000366	116.00008506672904
154.49129200004973	214.0
154.56395600002725	214.0
154.844446000061	214.0
155.12481199996546	214.0
155.4054940000642	214.0
155.68596499995328	214.0
155.96736899996176	214.0
156.24604600004386	78.9999657666815
156.59744499996305	78.9999657666815
157.35501800000202	78.9999657666815
158.11653300002217	78.9999657666815
158.87381000001915	78.9999657666815
159.63398000004236	78.9999657666815
160.39354199997615	165.99990040005977
160.57012899999972	165.99990040005977
160.93091500003356	165.99990040005977
161.29312000004575	165.99990040005977
161.6553230000427	165.99990040005977
162.01560000004247	165.99990040005977
162.37750399997458	156.000156000156
162.39847600006033	156.000156000156
162.7829240000574	156.000156000156
163.1670569999842	156.000156000156
163.55259500001557	156.000156000156
163.9367360000033	156.000156000156
164.3221429999685	156.000156000156
164.70573100005277	156.000156000156
165.0907489999663	156.000156000156
165.47539300005883	156.000156000156
165.85958799999207	156.000156000156
166.24541400000453	210.00021000021
166.478964000009	210.00021000021
166.76452600001357	210.00021000021
167.05003799998667	210.00021000021
167.33588899997994	210.00021000021
167.62229199998546	210.00021000021
167.90809399995487	210.00021000021
168.19348000001628	57.999986466669824
168.58042000001296	57.999986466669824
169.6165129999863	57.999986466669824
170.64992200001143	57.999986466669824
171.68558900000062	57.999986466669824
172.71843000000808	40.0
173.0193839999847	40.0
174.51948999997694	39.0
174.53149299998768	39.0
176.0696590000298	39.0
177.60875500005204	39.0
179.14651900005993	60.0
179.764645999996	60.0
180.76590400002897	185.99979540022505
180.92964700004086	185.99979540022505
181.25212399999145	185.99979540022505
181.57507400005125	185.99979540022505
181.8978959999513	185.99979540022505
182.21973700006492	185.99979540022505
182.5434580000583	185.99979540022505
182.86474500002805	185.99979540022505
183.1877970000496	185.99979540022505
183.51046000001952	185.99979540022505
183.83247300004587	185.99979540022505
184.15535000001546	185.99979540022505
184.47822100005578	185.99979540022505
184.80030999996234	178.0
184.81158400001004	178.0
185.14940500003286	178.0
185.4857759999577	178.0
185.823618000024	178.0
186.16031800000928	178.0
186.49669000005815	178.0
186.8351600000169	178.0
187.17084799997974	107.99991360006912
187.56814900005702	107.99991360006912
188.12447599996813	107.99991360006912
188.67938800004777	107.99991360006912
189.23565299995244	107.99991360006912
189.7905010000104	107.99991360006912
190.34687200002372	107.99991360006912
190.90234999998938	107.99991360006912
191.45953400002327	100.0
191.52839200000744	100.0
192.1277430000482	100.0
192.72828799998388	100.0
193.33208199997898	165.000165000165
193.39321700006258	165.000165000165
193.75696200004313	165.000165000165
194.12027700000908	165.000165000165
194.4840779999504	165.000165000165
194.84888299996965	165.000165000165
195.2115380000323	165.000165000165
195.5762569999788	165.000165000165
195.93869800004177	165.000165000165
196.3023680000333	165.000165000165
196.66596500005107	165.000165000165
197.02937999996357	165.000165000165
197.39366000005975	165.000165000165
197.75867500004824	165.000165000165
198.12075700005516	165.000165000165
198.48441300005652	165.000165000165
198.84802999999374	165.000165000165
199.21235000004526	165.000165000165
199.5747660000343	165.000165000165
199.93876900000032	165.000165000165
200.30289299995638	165.000165000165
200.66576300002635	165.000165000165
201.030374999973	165.000165000165
201.3944040000206	165.000165000165
201.7587089999579	165.000165000165
202.1203220000025	165.000165000165
202.4837599999737	165.000165000165
202.84766600001603	165.000165000165
203.2125300000189	165.000165000165
203.57899800001178	165.000165000165
203.9387379999971	165.000165000165
204.3021009999793	165.000165000165
204.667146999971	165.000165000165
205.0297080000164	165.000165000165
205.39468400005717	165.000165000165
205.75928600004409	165.000165000165
206.12014000001363	165.000165000165
206.48582399997395	165.000165000165
206.8475979999639	165.000165000165
207.21212499996182	165.000165000165
207.57526800001506	165.000165000165
207.93883100000676	165.000165000165
208.30330699996557	165.000165000165
208.66703799995594	165.000165000165
209.02937999996357	165.000165000165
209.3945460000541	165.000165000165
209.75758700002916	165.000165000165
210.1205159999663	165.000165000165
210.48543899995275	165.000165000165
210.84787699999288	165.000165000165
211.2116199999582	165.000165000165
211.57524599996395	165.000165000165
211.93894200003706	165.000165000165
212.3020709999837	165.000165000165
212.66564699995797	165.000165000165
213.02980899997056	165.000165000165
213.39300799998455	165.000165000165
213.75654700002633	165.000165000165
214.12090300000273	165.000165000165
214.48466700001154	165.000165000165
214.8479019999504	165.000165000165
215.21216900006402	165.000165000165


8.090303000062704	120.0
8.584866999997757	120.0
9.00047299999278	120.0
9.50045399996452	120.0
10.001427000039257	120.0
10.500995000009425	120.0
11.001046000048518	120.0
11.50032300001476	120.0
12.000619000056759	120.0
12.50094800000079	120.0
13.00136300001759	120.0
13.500777999986894	120.0
14.000713999965228	120.0
14.500661000027321	120.0
15.001583999954164	120.0
15.500905000022613	120.0
16.000500999973156	120.0
16.5007040000055	120.0
17.000904000014998	120.0
17.50110999995377	120.0
18.0008150000358	120.0
18.501371999969706	120.0
19.000732999993488	120.0
19.50087500002701	120.0
20.00058800005354	120.0
20.500582000007853	120.0
21.000486999982968	120.0
21.500766000011936	120.0
22.00046700006351	120.0
22.500727000064217	120.0
23.000785000040196	120.0
23.50056900002528	120.0
24.001029000035487	120.0
24.500258999993093	120.0
25.001069999998435	120.0
25.501506000058725	120.0
26.00129200005904	120.0
26.501341999974102	120.0
27.000262000015937	120.0
27.500664000050165	120.0
28.000322000007145	88.00002346667293
28.054450000054203	88.00002346667293
28.73649399995338	88.00002346667293
29.419085000059567	88.00002346667293
30.09904500003904	88.00002346667293
30.782203000038862	88.00002346667293
31.46332700003404	69.00001725000432
31.763998999958858	69.00001725000432
32.633138000033796	69.00001725000432
33.503921000054106	69.00001725000432
34.373418999952264	69.00001725000432
35.24218699999619	98.99993565004183
35.58587900002021	98.99993565004183
36.193112000008114	98.99993565004183
36.79832499998156	196.0
36.89479599997867	196.0
37.199811000027694	196.0
37.50818000000436	196.0
37.81291099998634	196.0
38.11863100004848	196.0
38.424577999976464	196.0
38.73080899997149	196.0
39.036642999970354	196.0
39.34620599995833	196.0
39.649069000035524	196.0
39.95740299997851	196.0
40.2618520000251	196.0
40.56964000000153	196.0
40.87470599997323	196.0
41.179675000021234	83.99996640001343
41.529012999963015	83.99996640001343
42.24413799995091	83.99996640001343
42.95888599997852	132.9999468000213
43.197782000061125	132.9999468000213
43.64838999998756	132.9999468000213
44.09972399997059	132.9999468000213
44.55038000002969	132.9999468000213
45.00264399999287	132.9999468000213
45.4540590000106	132.9999468000213
45.90391200000886	132.9999468000213
46.35533299995586	132.9999468000213
46.807987999985926	155.0
47.13484199997038	155.0
47.52300499996636	155.0
47.90979199996218	52.000006933334255
47.91586199996527	52.000006933334255
49.070054000010714	52.000006933334255
50.223604000057094	52.000006933334255
51.3774310000008	52.000006933334255
52.53200200002175	52.000006933334255
53.68502199999057	186.9997756002693
53.7259919999633	186.9997756002693
54.04668000002857	186.9997756002693
54.367959000053816	186.9997756002693
54.68833200004883	186.9997756002693
55.00953100004699	122.0000691333725
55.329166000010446	122.0000691333725
55.81976500002202	122.0000691333725
56.31187299999874	122.0000691333725
56.80448799999431	122.0000691333725
57.29764700005762	122.0000691333725
57.787400000030175	122.0000691333725
58.279564999975264	94.99999208333399
58.38404100004118	94.99999208333399
59.01547500002198	94.99999208333399
59.64763400005177	94.99999208333399
60.27965200005565	94.99999208333399
60.9102450000355	94.99999208333399
61.54210099996999	65.99999340000066
62.02908400003798	65.99999340000066
62.93829199997708	65.99999340000066
63.847938999999315	65.99999340000066
64.75638499995694	135.000135000135
64.78315000003204	135.000135000135
65.22843200003263	135.000135000135
65.67226400005165	135.000135000135
66.1173659999622	35.0
66.61652599996887	35.0
68.32916399999522	35.0
70.0441250000149	60.99997255001235
70.98632699996233	60.99997255001235
71.9693729999708	60.99997255001235
72.95295399997849	216.99976130026258
73.06200400006492	216.99976130026258
73.33957099996042	216.99976130026258
73.61413500003982	216.99976130026258
73.89109000004828	216.99976130026258
74.16697000002023	216.99976130026258
74.44402299996	216.99976130026258
74.72082299995236	216.99976130026258
74.99918799998704	216.99976130026258
75.27449400001206	216.99976130026258
75.55006699997466	216.99976130026258
75.82730899995659	216.99976130026258
76.10299799998756	85.0
76.33896299998742	85.0
77.04365999996662	85.0
77.74869499995839	85.0
78.45611100003589	24.0
79.72531100001652	24.0
82.22669499996118	75.99996960001216
82.83304399996996	75.99996960001216
83.6222350000171	75.99996960001216
84.411660999991	151.99993920002433
84.58049299998675	151.99993920002433
84.97397299995646	151.99993920002433
85.36889499996323	151.99993920002433
85.76349200005643	151.99993920002433
86.16009300004225	151.99993920002433
86.55283399997279	151.99993920002433
86.9476769999601	151.99993920002433
87.34273899998516	151.99993920002433
87.73797100002412	151.99993920002433
88.13206099998206	151.99993920002433
88.52845900005195	151.99993920002433
88.92192900006194	151.99993920002433
89.31885599996895	151.99993920002433
89.71099499997217	151.99993920002433
90.1064910000423	75.0
90.2502810000442	75.0
91.05032699997537	75.0
91.85113900003489	75.0
92.65070100000594	75.0
93.45087399997283	75.0
94.25031000003219	190.0002850004275
94.39731200004462	190.0002850004275
94.71169000002556	190.0002850004275
95.02765800000634	190.0002850004275
95.34458100004122	190.0002850004275
95.6591480000643	190.0002850004275
95.97756599995773	190.0002850004275
96.29040599998552	94.0
96.60930300003383	94.0
97.24721000005957	94.0
97.88764099997934	94.0
98.52367599995341	94.0
99.1619199999841	94.0
99.80130299995653	94.0
100.4384779999964	75.0
100.55954799999017	75.0
101.35817000002135	75.0
102.15761900006328	75.0
102.95842399995308	75.0
103.75756900000852	116.99988885010559
103.80851500004064	116.99988885010559
104.32203300006222	116.99988885010559
104.83369500003755	116.99988885010559
105.34726299997419	116.99988885010559
105.85967699997127	116.99988885010559
106.37268400005996	116.99988885010559
106.88666199997533	111.0
106.90759399998933	111.0
107.44834300002549	111.0
107.98872899997514	111.0
108.52971300005447	91.99998773333498
108.6404699999839	91.99998773333498
109.29327000002377	91.99998773333498
109.9459209999768	91.99998773333498
110.59806200000457	91.99998773333498
111.2487549999496	91.99998773333498
111.90068500000052	91.99998773333498
112.55380100000184	91.99998773333498
113.2054749999661	191.00007640003057
113.45974199997727	191.00007640003057
113.77146700001322	191.00007640003057
114.08613399998285	191.00007640003057
114.40061400004197	191.00007640003057
114.71495100005995	191.00007640003057
115.02790400001686	191.00007640003057
115.3418969999766	167.99993280002687
115.45932699996047	167.99993280002687
115.81813899998087	167.99993280002687
116.17488199996296	167.99993280002687
116.53101400006562	167.99993280002687
116.88875200005714	167.99993280002687
117.24451200000476	167.99993280002687
117.60279100004118	167.99993280002687
117.95962300000247	167.99993280002687
118.31605300004594	126.99998518333506
118.42172099999152	126.99998518333506
118.89324200002011	126.99998518333506
119.36782299994957	126.99998518333506
119.838635000051	126.99998518333506
120.31083400000352	126.99998518333506
120.78335300006438	126.99998518333506
121.25541199999861	69.99998833333528
121.87890899996273	69.99998833333528
122.73427799995989	69.99998833333528
123.59166499995627	69.99998833333528
124.44939900003374	69.99998833333528
125.30707199999597	196.0002874670883
125.40070600004401	196.0002874670883
125.7065270000603	196.0002874670883
126.01326499995776	196.0002874670883
126.3252189999912	196.0002874670883
126.6250589999836	124.0
126.69703499996103	124.0
127.18138399999589	124.0
127.66779700003099	124.0
128.14946900005452	124.0
128.63340200006496	124.0
129.119114000001	124.0
129.60130800004117	124.0
130.0844700000016	124.0
130.56803099997342	124.0
131.05215100001078	62.99999685000016
131.5773830000544	62.99999685000016
132.52949200000148	62.99999685000016
133.48170400003437	90.99995298335763
133.8427270000102	90.99995298335763
134.50159999995958	90.99995298335763
135.16127000004053	90.99995298335763
135.8206619999837	90.99995298335763
136.48010899999645	90.99995298335763
137.1397649999708	121.0
137.48121400002856	121.0
137.9774739999557	121.0
138.47374000004493	157.999931533363
138.74824200000148	157.999931533363
139.12706900003832	157.999931533363
139.5065600000089	157.999931533363
139.88692299998365	157.999931533363
140.26482200005557	157.999931533363
140.64487399999052	157.999931533363
141.02475800004322	157.999931533363
141.40415099996608	157.999931533363
141.78404900000896	157.999931533363
142.16507200000342	67.99999546666697
142.34470899996813	67.99999546666697
143.2268509999849	67.99999546666697
144.10825699998531	218.00028340036843
144.33256000000983	218.00028340036843
144.60939300002065	218.00028340036843
144.88315000000875	218.00028340036843
145.1588289999636	218.00028340036843
145.4355280000018	218.00028340036843
145.70886000001337	218.00028340036843
145.9844649999868	218.00028340036843
146.25904799997807	218.00028340036843
146.53584899997804	218.00028340036843
146.80995899997652	218.00028340036843
147.08532600000035	218.00028340036843
147.36091100005433	218.00028340036843
147.6370589999715	218.00028340036843
147.9106890000403	218.00028340036843
148.18628799996804	117.99990166674861
148.31504600006156	117.99990166674861
148.8233000000473	117.99990166674861
149.33137400005944	117.99990166674861
149.8393909999868	117.99990166674861
150.3477519999724	116.00008506672904
150.3542000000598	116.00008506672904
150.87097399996128	116.00008506672904
151.3881939999992	116.00008506672904
151.9047680000076	116.00008506672904
152.42279700003564	116.00008506672904
152.93966000003275	116.00008506672904
153.4590849999804	116.00008506672904
153.9746720000403	116.00008506672904
154.4917579999892	213.99987160007703
154.56376499996986	213.99987160007703
154.84465300000738	213.99987160007703
155.12493100005668	213.99987160007703
155.40523799997754	213.99987160007703
155.68647399998736	213.99987160007703
155.96760600002017	213.99987160007703
156.2463099999586	79.0
156.59767499996815	79.0
157.35482899995986	79.0
158.11663599999156	79.0
158.8742959999945	79.0
159.63380399998277	79.0
160.39383299998008	165.99990040005977
160.5698829999892	165.99990040005977
160.93091500003356	165.99990040005977
161.2931910000043	165.99990040005977
161.65567600005306	165.99990040005977
162.01537799998187	165.99990040005977
162.37698199995793	156.000156000156
162.39799600001425	156.000156000156
162.7829240000574	156.000156000156
163.16712800005917	156.000156000156
163.55259500001557	156.000156000156
163.93674799997825	156.000156000156
164.3218549999874	156.000156000156
164.7054960000096	156.000156000156
165.09073799999896	156.000156000156
165.47517500002868	156.000156000156
165.85934399999678	156.000156000156
166.24563200003468	210.0
166.47875500004739	210.0
166.7641730000032	210.0
167.0503220000537	210.0
167.3360480000265	210.0
167.62209700001404	210.0
167.90841100004036	210.0
168.1931480000494	57.999986466669824
168.5811039999826	57.999986466669824
169.61628600000404	57.999986466669824
170.64964199997485	57.999986466669824
171.68520399997942	57.999986466669824
172.71845000004396	40.0
173.01941599999554	40.0
174.51926299999468	38.99998830000351
174.5312270000577	38.99998830000351
176.06967100000475	38.99998830000351
177.60917800001334	38.99998830000351
179.1464430000633	60.0
179.76437600003555	60.0
180.7654249999905	185.99979540022505
180.92964700004086	185.99979540022505
181.2520240000449	185.99979540022505
181.5748770000646	185.99979540022505
181.89731699996628	185.99979540022505
182.21999999997206	185.99979540022505
182.54377300001215	185.99979540022505
182.86471300001722	185.99979540022505
183.1875520000467	185.99979540022505
183.5107840000419	185.99979540022505
183.83247300004587	185.99979540022505
184.15516199998092	185.99979540022505
184.47812099999283	185.99979540022505
184.80031900003087	185.99979540022505
185.1229179999791	177.99981606685674
185.14947199996095	177.99981606685674
185.48578099999577	177.99981606685674
185.82359200005885	177.99981606685674
186.16030600003432	177.99981606685674
186.49726700002793	177.99981606685674
186.8349140000064	108.0
187.0124889999861	108.0
187.56835800001863	108.0
188.1260590000311	108.0
188.67988099996	108.0
189.23537300003227	108.0
189.7905010000104	108.0
190.34687200002372	108.0
190.90234999998938	108.0
191.45964600006118	100.0
191.52809699997306	100.0
192.12805199995637	100.0
192.72780600003898	100.0
193.3315789999906	165.000165000165
193.3935370000545	165.000165000165
193.75662200001534	165.000165000165
194.12071000004653	165.000165000165
194.48414099996444	165.000165000165
194.8486059999559	165.000165000165
195.21134999999776	165.000165000165
195.57603300001938	165.000165000165
195.93845100002363	165.000165000165
196.3025230000494	165.000165000165
196.66566800000146	165.000165000165
197.02980600006413	165.000165000165
197.3937600000063	165.000165000165
197.75877900002524	165.000165000165
198.12026600004174	165.000165000165
198.48439100000542	165.000165000165
198.8475079999771	165.000165000165
199.2121089999564	165.000165000165
199.57520199997816	165.000165000165
199.93856999999844	165.000165000165
200.3026710000122	165.000165000165
200.6662110000616	165.000165000165
201.02994300005957	165.000165000165
201.39493499998935	165.000165000165
201.75896000000648	165.000165000165
202.1203019999666	165.000165000165
202.4837599999737	165.000165000165
202.84766600001603	165.000165000165
203.2120939999586	165.000165000165
203.57633299997542	165.000165000165
203.9390330000315	165.000165000165
204.30206899996847	165.000165000165
204.6664419999579	165.000165000165
205.0296859999653	165.000165000165
205.39460600004531	165.000165000165
205.7592430000659	165.000165000165
206.12012600002345	165.000165000165
206.48544499999844	165.000165000165
206.8478490000125	165.000165000165
207.21261499996763	165.000165000165
207.57533500005957	165.000165000165
207.93842799996492	165.000165000165
208.30392199999187	165.000165000165
208.6675169999944	165.000165000165
209.02937999996357	165.000165000165
209.39411800005473	165.000165000165
209.7575230000075	165.000165000165
210.12048300006427	165.000165000165
210.4857980000088	165.000165000165
210.84768100001384	165.000165000165
211.21111899998505	165.000165000165
211.57546800002456	165.000165000165
211.93981600005645	165.000165000165
212.30254099995364	165.000165000165
212.66565900004935	165.000165000165
213.02991499996278	165.000165000165
213.39376200002152	165.000165000165
213.7572350000264	165.000165000165
214.1204330000328	165.000165000165
214.48501800000668	165.000165000165
214.8474250000436	165.000165000165
215.21235699998215	165.000165000165