0.005474000005051494	120.0
0.5004680000711232	120.0
1.0005070000188425	120.0
1.500380999990739	120.0
2.0002490000333637	120.0
2.500982000026852	120.0
3.0006660000653937	120.0
3.500363999977708	120.0
4.0005090000340715	120.0
4.5003990000113845	120.0
5.000750000006519	120.0
5.500641999999061	120.0
6.0002910000039265	120.0
6.50062499998603	120.0
7.00117499998305	120.0
7.500862000044435	120.0
8.003277000039816	120.0
8.500600000028498	120.0
9.001005999976769	120.0
9.501247000065632	120.0
10.00028400006704	120.0
10.50045599997975	120.0
11.000216000014916	120.0
11.500449000042863	120.0
12.000360000063665	120.0
12.50033299997449	120.0
13.000331999966875	120.0
13.503064000047743	120.0
14.000678000040352	120.0
14.500204000039957	120.0
15.000771000050008	120.0
15.500515999970958	120.0
16.001023999997415	120.0
16.501229000044987	120.0
17.000516999978572	120.0
17.503739000065252	120.0
18.000913999974728	120.0
18.500268000061624	120.0
19.00100399996154	120.0
19.50076700001955	120.0
20.00064400001429	120.0
20.50060500006657	120.0
21.00029200001154	120.0
21.500616000033915	120.0
22.00095000001602	120.0
22.500276000006124	120.0
23.001637000008486	120.0
23.508873000042513	120.0
24.00051300006453	120.0
24.501104000024498	120.0
25.000387000036426	120.0
25.50058600003831	120.0
26.000319999991916	120.0
26.500639999983832	120.0
27.000353000010364	120.0
27.501086000003852	120.0
28.001023999997415	120.0
28.501110999961384	174.0
28.77375499997288	174.0
29.117805000045337	174.0
29.462572999997064	174.0
29.809880999964662	174.0
30.152946999995038	174.0
30.497549999970943	174.0
30.841929999995045	145.9999659333413
30.9535320000723	145.9999659333413
31.363631000043824	145.9999659333413
31.77446800004691	145.9999659333413
32.18529699998908	145.9999659333413
32.596487000002526	145.9999659333413
33.00828499998897	145.9999659333413
33.4182949999813	145.9999659333413
33.829214000026695	145.9999659333413
34.240679000038654	145.9999659333413
34.651076999958605	156.000156000156
35.02177600003779	156.000156000156
35.4073540000245	156.000156000156
35.7915600000415	156.000156000156
36.17572800000198	156.000156000156
36.56032599997707	156.000156000156
36.94603900006041	182.000182000182
37.248657000018284	182.000182000182
37.57845200004522	182.000182000182
37.91021400003228	182.000182000182
38.237369999988005	182.000182000182
38.56728600000497	182.000182000182
38.89839700004086	182.000182000182
39.22667600004934	182.000182000182
39.55642599996645	182.000182000182
39.88637900003232	182.000182000182
40.21646799996961	182.000182000182
40.545064000063576	182.000182000182
40.87562700000126	182.000182000182
41.206264000036754	71.00003550001774
41.87890899996273	71.00003550001774
42.72324399999343	71.00003550001774
43.60651800001506	160.99991681670966
43.870805000071414	160.99991681670966
44.24322599999141	160.99991681670966
44.61586100002751	160.99991681670966
44.989719000062905	160.99991681670966
45.362415999989025	160.99991681670966
45.73526200000197	160.99991681670966
46.10706399998162	160.99991681670966
46.47914000006858	160.99991681670966
46.8519409999717	160.99991681670966
47.224540999974124	183.99997546666995
47.54009300004691	183.99997546666995
47.8614940000698	183.99997546666995
48.18774299998768	183.99997546666995
48.51371900003869	183.99997546666995
48.83985400001984	208.0
49.12010499997996	208.0
49.409225999959745	208.0
49.6978250000393	208.0
49.988165999995545	208.0
50.274119000067	208.0
50.56440300005488	208.0
50.85190100001637	208.0
51.13936500006821	208.0
51.430570999975316	208.0
51.7178230000427	208.0
52.00994300004095	208.0
52.29378900001757	208.0
52.58321000006981	208.0
52.87222100002691	208.0
53.16881100006867	177.00002655000398
53.22337999998126	177.00002655000398
53.519563999958336	177.00002655000398
53.88254600006621	177.00002655000398
54.20059200003743	177.00002655000398
54.53991599997971	177.00002655000398
54.87591499998234	177.00002655000398
55.22343200002797	177.00002655000398
55.554596000001766	67.99999546666697
56.165838000015356	67.99999546666697
57.04688799998257	67.99999546666697
57.928582999971695	67.99999546666697
58.81097900005989	52.0
59.966191000072286	52.0
61.11924899998121	52.0
62.272728999960236	80.99997165000993
62.50803300004918	80.99997165000993
63.24937900004443	80.99997165000993
63.98920299997553	80.99997165000993
64.73067299998365	80.99997165000993
65.47070000006352	140.00014000014
65.64073700003792	140.00014000014
66.0693110000575	140.00014000014
66.49786999996286	140.00014000014
66.92875299998559	160.0
67.29354099999182	160.0
67.66858900000807	160.0
68.04370400006883	160.0
68.41841499996372	160.0
68.79447900003288	160.0
69.16880300000776	160.0
69.54377900005784	160.0
69.91860199999064	160.0
70.2934130000649	160.0
70.6683020000346	160.0
71.04369700001553	97.9999836666694
71.1534700000193	97.9999836666694
71.76521400001366	97.9999836666694
72.37765799998306	97.9999836666694
72.98950000002515	73.99998273333736
73.01083599997219	73.99998273333736
73.8213720000349	73.99998273333736
74.6320340000093	73.99998273333736
75.4423840000527	73.99998273333736
76.2549369999906	73.99998273333736
77.06475400005002	204.9999487500128
77.2711470000213	204.9999487500128
77.56398500001524	204.9999487500128
77.8566179999616	204.9999487500128
78.15015600004699	204.9999487500128
78.44195600005332	204.9999487500128
78.73419800004922	204.9999487500128
79.02648600004613	202.0
79.02784300001804	202.0
79.32573499996215	202.0
79.62184300005902	202.0
79.91927700000815	202.0
80.21754600002896	202.0
80.513208999997	202.0
80.81026499997824	202.0
81.10745000001043	202.0
81.40424800000619	202.0
81.701345999958	202.0
82.00058400002308	202.0
82.29515700007323	202.0
82.59225600003265	202.0
82.88915599999018	202.0
83.18740299995989	89.00004005001803
83.50779199996032	89.00004005001803
84.18399900000077	89.00004005001803
84.85714300000109	89.00004005001803
85.53302800003439	116.99988885010559
85.90587400004733	116.99988885010559
86.41992700006813	116.99988885010559
86.93222600000445	116.99988885010559
87.44370900001377	116.99988885010559
87.9577650000574	116.99988885010559
88.46995699999388	116.99988885010559
88.98358600004576	139.0
89.40930299996398	139.0
89.8410079999594	139.0
90.27328800002579	139.0
90.70483499998227	139.0
91.13593400001992	206.0000961333782
91.36858000000939	206.0000961333782
91.65841300005559	206.0000961333782
91.95003299997188	206.0000961333782
92.24086300004274	206.0000961333782
92.53278000000864	206.0000961333782
92.82390600000508	206.0000961333782
93.11470000003465	206.0000961333782
93.40810700005386	206.0000961333782
93.69744300004095	206.0000961333782
93.9891040000366	206.0000961333782
94.28006000001915	206.0000961333782
94.57225700002164	206.0000961333782
94.86280999996234	206.0000961333782
95.15387999999803	126.99998518333506
95.28051700000651	126.99998518333506
95.75251600006595	126.99998518333506
96.22473700006958	126.99998518333506
96.69693099998403	126.99998518333506
97.16918600001372	36.99999136666868
97.69585000001825	36.99999136666868
99.31975999998394	36.99999136666868
100.93914000003133	36.99999136666868
102.56072700000368	183.99997546666995
102.5821719999658	183.99997546666995
102.90864699997474	183.99997546666995
103.23737900005654	120.0
103.38417400000617	120.0
103.88454400002956	120.0
104.38343300006818	120.0
104.88367100001778	120.0
105.38423099997453	120.0
105.88452299998607	120.0
106.3835909999907	120.0
106.8832209999673	120.0
107.38413000002038	152.99994645001874
107.68496900005266	152.99994645001874
108.07841600000393	152.99994645001874
108.46859900001436	152.99994645001874
108.861465999973	152.99994645001874
109.25296800001524	194.0
109.5013340000296	194.0
109.81074500002433	194.0
110.12018500000704	194.0
110.4297980000265	194.0
110.73929000005592	194.0
111.04794099996798	194.0
111.35701100004371	194.0
111.66664000006858	194.0
111.97632400004659	194.0
112.28507700003684	194.0
112.59387800004333	194.0
112.92697899998166	194.0
113.21343100001104	113.99995440001824
113.37994999997318	113.99995440001824
113.90706100000534	113.99995440001824
114.43308500002604	113.99995440001824
114.96146200003568	113.99995440001824
115.48547600000165	167.00020318358054
115.68064899998717	167.00020318358054
116.0394920000108	167.00020318358054
116.39872100006323	167.00020318358054
116.75861500005703	167.00020318358054
117.11857900000177	167.00020318358054
117.47871799999848	167.00020318358054
117.83629999996629	167.00020318358054
118.19638300000224	167.00020318358054
118.55489100003615	167.00020318358054
118.91406300000381	167.00020318358054
119.27406600001268	198.0
119.52956299996004	198.0
119.83439500001259	198.0
120.13737500004936	198.0
120.43888400006108	198.0
120.74199600005522	198.0
121.04598399996758	198.0
121.34842799999751	198.0
121.65098200005013	198.0
121.95428399997763	109.99990833340972
122.07829400000628	109.99990833340972
122.62359800003469	109.99990833340972
123.16854300000705	109.99990833340972
123.71514099999331	109.99990833340972
124.25950000004377	109.99990833340972
124.805280999979	109.99990833340972
125.350257000071	56.99997720000912
125.56173299998045	56.99997720000912
126.61456899996847	56.99997720000912
127.66731499996968	150.99999748333337
127.7262950000586	150.99999748333337
128.12298800004646	150.99999748333337
128.52088399999775	150.99999748333337
128.91700300003868	150.99999748333337
129.3146930000512	150.99999748333337
129.7119070000481	150.99999748333337
130.11031899997033	150.99999748333337
130.50747700000647	150.99999748333337
130.9036700000288	150.99999748333337
131.30140700004995	218.99968245046045
131.52170699997805	218.99968245046045
131.796949999989	218.99968245046045
132.0696079999907	218.99968245046045
132.34458500007167	218.99968245046045
132.61790900002234	218.99968245046045
132.89178599999286	218.99968245046045
133.16746300004888	218.99968245046045
133.43981100001838	218.99968245046045
133.71340700006112	108.99994368336243
134.01376999996137	108.99994368336243
134.56413499999326	108.99994368336243
135.1164910000516	108.99994368336243
135.6661970000714	108.99994368336243
136.21727699995972	108.99994368336243
136.76743000000715	108.99994368336243
137.31648200005293	108.99994368336243
137.86731000000145	107.99991360006912
137.8729540000204	107.99991360006912
138.42768800002523	107.99991360006912
138.9834040000569	107.99991360006912
139.5389280000236	81.0
139.67413299996406	81.0
140.4145509999944	81.0
141.1542940000072	81.0
141.89637800003402	81.0
142.63588600000367	81.0
143.37661100004334	195.000195000195
143.54370000003837	195.000195000195
143.85108599998057	195.000195000195
144.15887100005057	195.000195000195
144.4684230000712	195.000195000195
144.77420300000813	195.000195000195
145.08258599997498	195.000195000195
145.3912850000197	177.00002655000398
145.41523400007281	177.00002655000398
145.7553440000629	177.00002655000398
146.09315800003242	177.00002655000398
146.431852000067	177.00002655000398
146.77221299998928	177.00002655000398
147.1109080000315	177.00002655000398
147.44939900003374	177.00002655000398
147.788247999968	177.00002655000398
148.12690799997654	177.00002655000398
148.46591999998782	177.00002655000398
148.806317999959	177.00002655000398
149.1446200000355	99.0
149.14875299995765	99.0
149.75585800001863	99.0
150.36133300000802	99.0
150.96980500000063	99.0
151.57331800006796	148.000148000148
151.8374799999874	148.000148000148
152.24194400000852	148.000148000148
152.64839600003324	148.000148000148
153.0525299999863	148.000148000148
153.45742700004485	148.000148000148
153.86285500007216	148.000148000148
154.2682649999624	148.000148000148
154.67429600004107	148.000148000148
155.07877500005998	148.000148000148
155.4845460000215	113.99995440001824
155.58505100000184	113.99995440001824
156.1117030000314	113.99995440001824
156.63795300002676	113.99995440001824
157.1644180000294	138.9998957500782
157.59221899998374	138.9998957500782
158.02409399999306	138.9998957500782
158.45503499999177	138.9998957500782
158.8877649999922	138.9998957500782
159.3190670000622	138.9998957500782
159.75016100006178	138.9998957500782
160.18225000007078	138.9998957500782
160.613302999991	138.9998957500782
161.04652900004294	138.9998957500782
161.47651599999517	22.999996933333744
163.13709900004324	22.999996933333744
165.74413100001402	210.00021000021
166.00355200003833	210.00021000021
166.29045199998654	210.00021000021
166.57493600004818	210.00021000021
166.86062499997206	210.00021000021
167.14680800004862	210.00021000021
167.4319110000506	117.99990166674861
167.64915099996142	117.99990166674861
168.15733399998862	117.99990166674861
168.66667700000107	117.99990166674861
169.17505900003016	171.0
169.51983600005042	171.0
169.86894299997948	171.0
170.21987799997441	171.0
170.5707359999651	171.0
170.92121100006625	171.0
171.27236499998253	171.0
171.6236280000303	171.0
171.9753170000622	171.0
172.32573200005572	171.0
172.67596300004516	171.0
173.02646500000264	171.0
173.37961900001392	32.99999670000033
174.33279600006063	32.99999670000033
176.1500160000287	98.99993565004183
176.7006570000667	98.99993565004183
177.3065620000707	98.99993565004183
177.910978000029	98.99993565004183
178.51902999996673	98.99993565004183
179.1235690000467	98.99993565004183
179.72913800005335	58.0
180.13658100005705	58.0
181.17091400001664	58.0
182.20566400000826	132.000132000132
182.5263940000441	132.000132000132
182.98153400002047	132.000132000132
183.43533800006844	132.000132000132
183.89013099996373	132.000132000132
184.34474600001704	132.000132000132
184.8010030000005	132.000132000132
185.2551809999859	129.00007740004645
185.2558770000469	129.00007740004645
185.72128800000064	129.00007740004645
186.18599699996412	129.00007740004645
186.6514329999918	129.00007740004645
187.1181360000046	129.00007740004645
187.58137799997348	116.00008506672904
187.62852999998722	116.00008506672904
188.14651200000662	116.00008506672904
188.6633279999951	116.00008506672904
189.18086399999447	116.00008506672904
189.6977360000601	116.00008506672904
190.21524799999315	116.00008506672904
190.7331730000442	116.00008506672904
191.24958199996036	116.00008506672904
191.76721700001508	173.99979120025057
191.91205599997193	173.99979120025057
192.2592420000583	173.99979120025057
192.60190899996087	173.99979120025057
192.9471360000316	173.99979120025057
193.2916930000065	173.99979120025057
193.6361920000054	48.9999918333347
194.8284360000398	48.9999918333347
196.0531160000246	48.9999918333347
197.2775590000674	48.9999918333347
198.50203299999703	48.9999918333347
199.72635100001935	48.9999918333347
200.95162100007292	48.9999918333347
202.1763150000479	48.9999918333347
203.40014499996323	48.9999918333347
204.62431199999992	48.9999918333347
205.84913400001824	48.9999918333347
207.07397999998648	48.9999918333347
208.29907800001092	48.9999918333347
209.52264800004195	48.9999918333347
210.74703700002283	48.9999918333347
211.97222200001124	48.9999918333347
213.19650800002273	48.9999918333347
214.45085999998264	48.9999918333347


1.9872929999837652	120.0
2.476247000042349	120.0
2.500761999981478	120.0
3.000406000064686	120.0
3.5006360000697896	120.0
4.000683999969624	120.0
4.500722000026144	120.0
5.000995000009425	120.0
5.500897999969311	120.0
6.000581000000238	120.0
6.500413000001572	120.0
7.000866999966092	120.0
7.500612000003457	120.0
8.001771999988705	120.0
8.50061700004153	120.0
9.000751000014134	120.0
9.502042000065558	120.0
10.000361999962479	120.0
10.500620000064373	120.0
11.000203000032343	120.0
11.500222000060603	120.0
12.002791000064462	120.0
12.50066500005778	120.0
13.000771000050008	120.0
13.503585000056773	120.0
14.000698999967426	120.0
14.500720000010915	120.0
15.00065399997402	120.0
15.50026500003878	120.0
16.000503999996	120.0
16.50072100001853	120.0
17.000763999996707	120.0
17.50074799999129	120.0
18.000343000050634	120.0
18.500686999992467	120.0
19.001147000002675	120.0
19.501012000022456	120.0
20.000254000071436	120.0
20.50085199996829	120.0
21.000505000003614	120.0
21.500348999979906	120.0
22.00105399999302	120.0
22.508910999982618	120.0
23.00148099998478	120.0
23.50320899998769	120.0
24.00064400001429	120.0
24.50115000002552	120.0
25.000387000036426	120.0
25.501402999972925	120.0
26.0008150000358	120.0
26.5008229999803	120.0
27.001341999974102	120.0
27.501918000052683	120.0
28.000488999998197	120.0
28.50083400006406	173.99979120025057
28.77350899996236	173.99979120025057
29.118574999971315	173.99979120025057
29.462572999997064	173.99979120025057
29.809633000055328	173.99979120025057
30.152946999995038	173.99979120025057
30.497549999970943	173.99979120025057
30.8419119999744	145.9999659333413
30.953447000007145	145.9999659333413
31.363665000069886	145.9999659333413
31.77435299998615	145.9999659333413
32.18528900004458	145.9999659333413
32.596716000000015	145.9999659333413
33.00802099995781	145.9999659333413
33.41857199999504	145.9999659333413
33.829843000043184	145.9999659333413
34.240679000038654	145.9999659333413
34.651076999958605	156.000156000156
35.02224199997727	156.000156000156
35.407669999985956	156.000156000156
35.791291999979876	156.000156000156
36.175798999960534	156.000156000156
36.56029200006742	156.000156000156
36.94603900006041	182.0
37.248729999992065	182.0
37.578685000073165	182.0
37.90988499997184	182.0
38.23733500007074	182.0
38.5683030000655	182.0
38.89826799998991	182.0
39.226463000057265	182.0
39.5564589999849	182.0
39.88572300004307	182.0
40.21669999998994	182.0
40.54530700005125	182.0
40.87658599996939	182.0
41.209361999994144	71.00003550001774
41.878677000058815	71.00003550001774
42.723479000036605	71.00003550001774
43.609547000029124	160.99991681670966
43.87115600006655	160.99991681670966
44.24341800005641	160.99991681670966
44.61586100002751	160.99991681670966
44.98947699996643	160.99991681670966
45.36271500005387	160.99991681670966
45.73440199997276	160.99991681670966
46.107183999964036	160.99991681670966
46.479372999980114	160.99991681670966
46.851909999968484	160.99991681670966
47.22687600005884	184.0
47.539472999982536	184.0
47.86254999996163	184.0
48.18746699998155	184.0
48.513141000061296	184.0
48.84028600004967	207.99966720053249
49.12034899997525	207.99966720053249
49.40876100002788	207.99966720053249
49.697524999966845	207.99966720053249
49.987854000064544	207.99966720053249
50.27392900001723	207.99966720053249
50.56461100000888	207.99966720053249
50.8521030000411	207.99966720053249
51.14026899996679	207.99966720053249
51.428725000005215	207.99966720053249
51.71807199995965	207.99966720053249
52.00902500003576	207.99966720053249
52.29440799995791	207.99966720053249
52.58295499999076	207.99966720053249
52.871797000057995	207.99966720053249
53.17428699997254	177.00002655000398
53.19388599996455	177.00002655000398
53.5198279999895	177.00002655000398
53.88232600002084	177.00002655000398
54.20025700004771	177.00002655000398
54.539484999957494	177.00002655000398
54.87617199996021	177.00002655000398
55.22046500002034	177.00002655000398
55.55399699998088	67.99999546666697
56.16613899997901	67.99999546666697
57.04734499996994	67.99999546666697
57.928206000011414	67.99999546666697
58.81062700005714	67.99999546666697
59.693650000030175	52.000006933334255
59.966203000047244	52.000006933334255
61.11954600003082	80.99997165000993
61.76650200004224	80.99997165000993
62.507863000035286	80.99997165000993
63.248903000028804	80.99997165000993
63.98867800005246	80.99997165000993
64.7305130000459	80.99997165000993
65.47030300006736	140.00014000014
65.64078200003132	140.00014000014
66.0693110000575	140.00014000014
66.49782699998468	140.00014000014
66.92804799997248	160.0
67.2939170000609	160.0
67.66896300006192	160.0
68.04390499996953	160.0
68.4183980000671	160.0
68.79424700001255	160.0
69.16880300000776	160.0
69.54423800006043	160.0
69.91916399996262	160.0
70.29393899999559	160.0
70.66868200001772	160.0
71.04337900003884	97.9999836666694
71.15250800002832	97.9999836666694
71.76506400003564	97.9999836666694
72.37766300002113	97.9999836666694
72.98934199998621	73.99998273333736
73.01060100004543	73.99998273333736
73.8215499999933	73.99998273333736
74.63186700001825	73.99998273333736
75.4423840000527	73.99998273333736
76.25481600000057	73.99998273333736
77.06443100003526	205.0
77.27093500003684	205.0
77.56330100004561	205.0
77.85570499999449	205.0
78.14985599997453	205.0
78.44195600005332	205.0
78.73398400004953	205.0
79.02667300007306	201.999798000202
79.02802099997643	201.999798000202
79.32611799996812	201.999798000202
79.62180600001011	201.999798000202
79.91889600001741	201.999798000202
80.21743600000627	201.999798000202
80.51293299999088	201.999798000202
80.81077600002754	201.999798000202
81.10730100004002	201.999798000202
81.4044040000299	201.999798000202
81.70131999999285	201.999798000202
82.00103200005833	201.999798000202
82.29539700003807	201.999798000202
82.59237600001507	201.999798000202
82.88916600006633	201.999798000202
83.18689500004984	89.00004005001803
83.50828099995852	89.00004005001803
84.18426400003955	89.00004005001803
84.85743199998979	89.00004005001803
85.53279800002929	116.99988885010559
85.90612699999474	116.99988885010559
86.41982499998994	116.99988885010559
86.93154200003482	116.99988885010559
87.44447200000286	116.99988885010559
87.95678800006863	116.99988885010559
88.4703809999628	116.99988885010559
88.98256300005596	116.99988885010559
89.4948110000696	138.9998957500782
89.8419119999744	138.9998957500782
90.2727479999885	138.9998957500782
90.70465299999341	138.9998957500782
91.13612699997611	206.0000961333782
91.36872000002768	206.0000961333782
91.65870599995833	206.0000961333782
91.95001400006004	206.0000961333782
92.24112200003583	206.0000961333782
92.5331920000026	206.0000961333782
92.82375300000422	206.0000961333782
93.11513799999375	206.0000961333782
93.40778800006956	206.0000961333782
93.69766399997752	206.0000961333782
93.98873199999798	206.0000961333782
94.28092599997763	206.0000961333782
94.57239400001708	206.0000961333782
94.86256599996705	206.0000961333782
95.15360299998429	126.99998518333506
95.28029699996114	126.99998518333506
95.75233100005426	126.99998518333506
96.22448400000576	126.99998518333506
96.69669500004966	126.99998518333506
97.16951999999583	37.0
97.69613100006245	37.0
99.31954200007021	37.0
100.9393680000212	37.0
102.56095600000117	183.99997546666995
102.58238100004382	183.99997546666995
102.90884699998423	183.99997546666995
103.23608000006061	120.0
103.38395100005437	120.0
103.88424300006591	120.0
104.38318700005766	120.0
104.8838870000327	120.0
105.3837680000579	120.0
105.88484299997799	120.0
106.38405300001614	120.0
106.8837240000721	120.0
107.38428800005931	153.0
107.68504400004167	153.0
108.07797099999152	153.0
108.46841700002551	153.0
108.86122600000817	153.0
109.25280000001658	194.00021986691584
109.50115300004836	194.00021986691584
109.81056000001263	194.00021986691584
110.12171300000045	194.00021986691584
110.42954899999313	194.00021986691584
110.73813599999994	194.00021986691584
111.04755500005558	194.00021986691584
111.35677800001577	194.00021986691584
111.66644399997313	194.00021986691584
111.97657499997877	194.00021986691584
112.2848450000165	194.00021986691584
112.59367099998053	194.00021986691584
112.93281200004276	194.00021986691584
113.2137090000324	113.99995440001824
113.37971800006926	113.99995440001824
113.90685599995777	113.99995440001824
114.43270300002769	113.99995440001824
114.95978599996306	113.99995440001824
115.48506199999247	167.00020318358054
115.68085700005759	167.00020318358054
116.03959800000302	167.00020318358054
116.39937999995891	167.00020318358054
116.75857100007124	167.00020318358054
117.11834899999667	167.00020318358054
117.4784370000707	167.00020318358054
117.83629999996629	167.00020318358054
118.19582999998238	167.00020318358054
118.55449000000954	167.00020318358054
118.91430199996103	167.00020318358054
119.27441000007093	198.000198000198
119.53005900001153	198.000198000198
119.83393500000238	198.000198000198
120.13737500004936	198.000198000198
120.43910700001288	198.000198000198
120.7417279999936	198.000198000198
121.04602400003932	198.000198000198
121.3481750000501	198.000198000198
121.65129599999636	198.000198000198
121.9540440000128	109.99990833340972
122.0777620000299	109.99990833340972
122.62381500005722	109.99990833340972
123.16882600006647	109.99990833340972
123.71537800005171	109.99990833340972
124.26020500005689	109.99990833340972
124.80550700007007	109.99990833340972
125.35032800002955	56.99997720000912
125.5612690000562	56.99997720000912
126.61404600006063	56.99997720000912
127.66665300005116	151.0
127.72617599996738	151.0
128.12275300000329	151.0
128.520428000018	151.0
128.91676200006623	151.0
129.3149759999942	151.0
129.71224400005303	151.0
130.11068100004923	151.0
130.50772900006268	151.0
130.9037069999613	151.0
131.3012340000132	218.99968245046045
131.52192199998535	218.99968245046045
131.79674400005024	218.99968245046045
132.06935700005852	218.99968245046045
132.34483499999624	218.99968245046045
132.61764800001401	218.99968245046045
132.89149000006728	218.99968245046045
133.16770700004417	218.99968245046045
133.4393449999625	218.99968245046045
133.7132210000418	108.99994368336243
134.01398399996106	108.99994368336243
134.56413499999326	108.99994368336243
135.1164379999973	108.99994368336243
135.66629099997226	108.99994368336243
136.2170669999905	108.99994368336243
136.76793500001077	108.99994368336243
137.31658800004516	108.99994368336243
137.86712399998214	108.0
137.87312600004952	108.0
138.42787799995858	108.0
138.9830540000694	108.0
139.53868900006637	80.99997165000993
139.67388000001665	80.99997165000993
140.4137950000586	80.99997165000993
141.15403199999128	80.99997165000993
141.89610899996478	80.99997165000993
142.63610000000335	80.99997165000993
143.37682899995707	195.000195000195
143.54385300003923	195.000195000195
143.8513629999943	195.000195000195
144.15851400000975	195.000195000195
144.46778800000902	195.000195000195
144.77441000007093	195.000195000195
145.08276300004218	195.000195000195
145.39074599999003	177.00002655000398
145.41556100000162	177.00002655000398
145.75488200003747	177.00002655000398
146.093378999969	177.00002655000398
146.43207300000358	177.00002655000398
146.77126399998087	177.00002655000398
147.11031300004106	177.00002655000398
147.44892600004096	177.00002655000398
147.78816100000404	177.00002655000398
148.1268890000647	177.00002655000398
148.46612100000493	177.00002655000398
148.80575000005774	177.00002655000398
149.14402800006792	177.00002655000398
149.48434800002724	98.99993565004183
149.75580200005788	98.99993565004183
150.3611469999887	98.99993565004183
150.96753600006923	98.99993565004183
151.57386100001168	148.000148000148
151.83703000005335	148.000148000148
152.2409650000045	148.000148000148
152.6481419999618	148.000148000148
153.05299900006503	148.000148000148
153.45757700002287	148.000148000148
153.8627100000158	148.000148000148
154.26879900007043	148.000148000148
154.67453399999067	148.000148000148
155.07923899998423	148.000148000148
155.4850260000676	113.99995440001824
155.5852250000462	113.99995440001824
156.1116059999913	113.99995440001824
156.63847400003579	113.99995440001824
157.16415600001346	139.0
157.59172799997032	139.0
158.02388600003906	139.0
158.45483499998227	139.0
158.88766800006852	139.0
159.31962800002657	139.0
159.75010299996939	139.0
160.18266300007235	139.0
160.61352200002875	139.0
161.04684900003485	139.0
161.47675599996	22.999996933333744
163.13682600005995	22.999996933333744
165.7442710000323	210.00021000021
166.00341400003526	210.00021000021
166.29012000001967	210.00021000021
166.57519500004128	210.00021000021
166.86023800005205	210.00021000021
167.14647699997295	210.00021000021
167.43207800004166	118.0
167.64866299997084	118.0
168.1577629999956	118.0
168.66701600002125	118.0
169.17457000003196	118.0
169.68254700000398	171.00009405005173
169.86865199997555	171.00009405005173
170.21962700004224	171.00009405005173
170.57048700004816	171.00009405005173
170.92143600003328	171.00009405005173
171.27216399996541	171.00009405005173
171.62384799995925	171.00009405005173
171.97552700003143	171.00009405005173
172.3259750000434	171.00009405005173
172.6757660000585	171.00009405005173
173.02666500001214	171.00009405005173
173.37928200000897	32.99999670000033
174.3324090000242	32.99999670000033
176.14977799996268	98.99993565004183
176.70110499998555	98.99993565004183
177.30680300004315	98.99993565004183
177.91136500006542	98.99993565004183
178.51924000005238	98.99993565004183
179.12320200004615	98.99993565004183
179.72938899998553	57.999986466669824
180.13635000004433	57.999986466669824
181.1712899999693	57.999986466669824
182.2054449999705	132.000132000132
182.52667300007306	132.000132000132
182.98180499998853	132.000132000132
183.43556799995713	132.000132000132
183.89033800002653	132.000132000132
184.34492399997544	132.000132000132
184.80079000000842	132.000132000132
185.25486600003205	129.00007740004645
185.255707000033	129.00007740004645
185.72096399997827	129.00007740004645
186.18637899996247	129.00007740004645
186.65119000000414	129.00007740004645
187.11850300000515	129.00007740004645
187.58161700004712	116.0
187.62871800002176	116.0
188.1459830000531	116.0
188.66302800003905	116.0
189.18113599997014	116.0
189.69748099998105	116.0
190.21507699997164	116.0
190.73288300004788	116.0
191.24938100005966	116.0
191.76721700001508	173.99979120025057
191.91227800003253	173.99979120025057
192.2593989999732	173.99979120025057
192.60186799999792	173.99979120025057
192.94728700001724	173.99979120025057
193.29186900006607	173.99979120025057
193.6364520000061	48.9999918333347
194.82887800002936	48.9999918333347
196.0531160000246	48.9999918333347
197.27817599999253	48.9999918333347
198.50289500004146	48.9999918333347
199.7264959999593	48.9999918333347
200.9517909999704	48.9999918333347
202.17627100006212	48.9999918333347
203.40040699997917	48.9999918333347
204.62474500003736	48.9999918333347
205.84872999996878	48.9999918333347
207.07383600005414	48.9999918333347
208.29898399999365	48.9999918333347
209.52266100002453	48.9999918333347
210.74703700002283	48.9999918333347
211.9718700000085	48.9999918333347
213.19656800001394	48.9999918333347
214.42831900005694	48.9999918333347


4.0255850000539795	120.0
4.51729200000409	120.0
5.000784000032581	120.0
5.50153600005433	120.0
6.000277000013739	120.0
6.500879000057466	120.0
7.0007990000303835	120.0
7.501292000059038	120.0
8.000630000024103	120.0
8.500327000045218	120.0
9.0004070000723	120.0
9.502266000024974	120.0
10.000628000008874	120.0
10.500409999978729	120.0
11.000381999998353	120.0
11.500411999993958	120.0
12.000384000013582	120.0
12.500496000051498	120.0
13.000331999966875	120.0
13.500771000050008	120.0
14.00112899998203	120.0
14.500556000042707	120.0
15.000377999967895	120.0
15.500515999970958	120.0
16.000961999990977	120.0
16.501016000052914	120.0
17.000506000011228	120.0
17.501002000062726	120.0
18.000802000053227	120.0
18.50049000000581	120.0
19.000989999971353	120.0
19.50077699997928	120.0
20.00048499996774	120.0
20.500833000056446	120.0
21.000643000006676	120.0
21.500895000062883	120.0
22.00075700005982	120.0
22.50605700002052	120.0
23.001795000047423	120.0
23.505793999996968	120.0
24.000442999997176	120.0
24.50173200003337	120.0
25.000668999971822	120.0
25.50203600001987	120.0
26.000404000049457	120.0
26.500449000042863	120.0
27.001550000044517	120.0
27.50220700004138	120.0
28.00023800006602	120.0
28.501091000041924	173.99979120025057
28.773960000020452	173.99979120025057
29.118286999990232	173.99979120025057
29.462852000026032	173.99979120025057
29.809880999964662	173.99979120025057
30.153412000043318	173.99979120025057
30.497757000033744	145.9999659333413
30.541916999965906	145.9999659333413
30.953856999985874	145.9999659333413
31.36389300005976	145.9999659333413
31.774667000048794	145.9999659333413
32.18545700004324	145.9999659333413
32.59689799998887	145.9999659333413
33.00798900006339	145.9999659333413
33.41867100005038	145.9999659333413
33.829527999972925	145.9999659333413
34.240892000030726	145.9999659333413
34.65142200002447	156.0
35.021925000008196	156.0
35.40797900001053	156.0
35.791793999960646	156.0
36.17549200006761	156.0
36.56001999997534	156.0
36.94641299999785	182.000182000182
37.24881899997126	182.000182000182
37.5789400000358	182.000182000182
37.91057499998715	182.000182000182
38.23788400006015	182.000182000182
38.56792000005953	182.000182000182
38.89906399999745	182.000182000182
39.2264290000312	182.000182000182
39.55660600005649	182.000182000182
39.88624699995853	182.000182000182
40.21629100001883	182.000182000182
40.54507300001569	182.000182000182
40.876248999964446	71.00003550001774
41.034462000010535	71.00003550001774
41.87758099997882	71.00003550001774
42.72354999999516	71.00003550001774
43.60427400004119	160.99991681670966
43.87051799998153	160.99991681670966
44.24367900006473	160.99991681670966
44.616138000041246	160.99991681670966
44.99067800003104	160.99991681670966
45.36248200002592	160.99991681670966
45.734943000017665	160.99991681670966
46.10731200000737	160.99991681670966
46.47935599996708	160.99991681670966
46.85239100002218	160.99991681670966
47.22614499996416	183.99997546666995
47.54062900005374	183.99997546666995
47.861231000046246	183.99997546666995
48.18796899996232	183.99997546666995
48.51370600005612	183.99997546666995
48.84049700002652	207.99966720053249
49.120132000069134	207.99966720053249
49.408989000017755	207.99966720053249
49.69819100003224	207.99966720053249
49.98566800006665	207.99966720053249
50.274303000071086	207.99966720053249
50.564073999994434	207.99966720053249
50.85168199997861	207.99966720053249
51.140020000049844	207.99966720053249
51.43124299996998	207.99966720053249
51.719781000050716	207.99966720053249
52.01045000005979	207.99966720053249
52.29824999999255	207.99966720053249
52.58251900004689	207.99966720053249
52.87076399999205	207.99966720053249
53.16882300004363	177.00002655000398
53.2115009999834	177.00002655000398
53.51995700004045	177.00002655000398
53.87686199997552	177.00002655000398
54.20098700001836	177.00002655000398
54.53938600001857	177.00002655000398
54.87566700007301	177.00002655000398
55.2230269999709	68.0
55.28234200004954	68.0
56.16475600004196	68.0
57.046458999975584	68.0
57.92834300000686	68.0
58.81058300007135	68.0
59.692825000034645	52.000006933334255
59.96644400001969	52.000006933334255
61.119493999984115	80.99997165000993
61.76651300000958	80.99997165000993
62.507667000056244	80.99997165000993
63.249168000067584	80.99997165000993
63.98872600006871	80.99997165000993
64.73039799998514	80.99997165000993
65.47025700006634	140.0
65.64045900001656	140.0
66.0690750000067	140.0
66.49759400007315	140.0
66.92851700005122	140.0
67.35474400001112	160.0
67.66931899997871	160.0
68.04347100004088	160.0
68.41863199998625	160.0
68.79423500003759	160.0
69.16905699996278	160.0
69.54413799999747	160.0
69.91898099996615	160.0
70.29365000000689	160.0
70.66849099996034	160.0
71.04386099998374	97.9999836666694
71.15373999997973	97.9999836666694
71.7650320000248	97.9999836666694
72.37744399998337	97.9999836666694
72.9892740000505	73.99998273333736
73.0110669999849	73.99998273333736
73.8218170000473	73.99998273333736
74.63235900003929	73.99998273333736
75.44270700006746	73.99998273333736
76.25442000001203	73.99998273333736
77.06419399997685	204.9999487500128
77.27064100001007	204.9999487500128
77.5637679999927	204.9999487500128
77.85604199999943	204.9999487500128
78.15009300003294	204.9999487500128
78.44218899996486	204.9999487500128
78.73398400004953	204.9999487500128
79.02694100001827	201.999798000202
79.02813099999912	201.999798000202
79.32633900002111	201.999798000202
79.62203099997714	201.999798000202
79.91910699999426	201.999798000202
80.21733600005973	201.999798000202
80.51295500004198	201.999798000202
80.81053999997675	201.999798000202
81.1070779999718	201.999798000202
81.40463300002739	201.999798000202
81.7011019999627	201.999798000202
82.0008379999781	201.999798000202
82.29546000005212	201.999798000202
82.59274600003846	201.999798000202
82.88954700005706	201.999798000202
83.18809800001327	89.00004005001803
83.50840100005735	89.00004005001803
84.18259800004307	89.00004005001803
84.85765899997205	89.00004005001803
85.53161499998532	117.0
85.90618699998595	117.0
86.4195910000708	117.0
86.93247800006066	117.0
87.44341800000984	117.0
87.95652300002985	117.0
88.46909200004302	117.0
88.98286700004246	117.0
89.49514000001363	138.9998957500782
89.84097300004214	138.9998957500782
90.27304300002288	138.9998957500782
90.7044219999807	138.9998957500782
91.13638799998444	206.0000961333782
91.36831200006418	206.0000961333782
91.65865500003565	206.0000961333782
91.94954399997368	206.0000961333782
92.24124000000302	206.0000961333782
92.53303200006485	206.0000961333782
92.82351000001654	206.0000961333782
93.11490100005176	206.0000961333782
93.40778800006956	206.0000961333782
93.69723599997815	206.0000961333782
93.98893900006078	206.0000961333782
94.28027900005691	206.0000961333782
94.57325799996033	206.0000961333782
94.86256000003777	206.0000961333782
95.15359000000171	127.0
95.28003500006162	127.0
95.75234899995849	127.0
96.2243020000169	127.0
96.69658400001936	127.0
97.16950499999803	36.99999136666868
97.69634400005452	36.99999136666868
99.31975999998394	36.99999136666868
100.93935800006147	36.99999136666868
102.56100900005549	183.99997546666995
102.58750400005374	183.99997546666995
102.90820199996233	183.99997546666995
103.2392590000527	120.0
103.38358600006904	120.0
103.88451500004157	120.0
104.38319299998693	120.0
104.88406900002155	120.0
105.38399400003254	120.0
105.88428600004409	120.0
106.38383599999361	120.0
106.88350800005719	120.0
107.38393100001849	152.99994645001874
107.68473600002471	152.99994645001874
108.0777620000299	152.99994645001874
108.46865799999796	152.99994645001874
108.8609090000391	152.99994645001874
109.25315999996383	194.00021986691584
109.50139700004365	194.00021986691584
109.81056000001263	194.00021986691584
110.11992399999872	194.00021986691584
110.42954899999313	194.00021986691584
110.73879800003488	194.00021986691584
111.04753900005016	194.00021986691584
111.3572100000456	194.00021986691584
111.6659970000619	194.00021986691584
111.97652400005609	194.00021986691584
112.28445100004319	194.00021986691584
112.59350399998948	194.00021986691584
112.92324799997732	194.00021986691584
113.21668099996168	113.99995440001824
113.37994999997318	113.99995440001824
113.90723600005731	113.99995440001824
114.43292900000233	113.99995440001824
114.95952699996997	113.99995440001824
115.48559699999169	167.0
115.68038799997885	167.0
116.03976800001692	167.0
116.39872100006323	167.0
116.75875899998937	167.0
117.11870800005272	167.0
117.4788089999929	167.0
117.83659399999306	167.0
118.19562000001315	167.0
118.55470600002445	167.0
118.9143219999969	167.0
119.27413000003435	198.000198000198
119.52956299996004	198.000198000198
119.83417499996722	198.000198000198
120.13782599999104	198.000198000198
120.43887299997732	198.000198000198
120.74208500003442	198.000198000198
121.04577199998312	198.000198000198
121.34842799999751	198.000198000198
121.6516919999849	198.000198000198
121.95381900004577	109.99990833340972
122.07797500002198	109.99990833340972
122.62467900000047	109.99990833340972
123.16908300004434	109.99990833340972
123.71490899997298	109.99990833340972
124.2598289999878	109.99990833340972
124.80502199998591	109.99990833340972
125.35046600003261	57.0
125.56124800001271	57.0
126.61430799996015	57.0
127.66698800004087	150.99999748333337
127.72579499997664	150.99999748333337
128.12275300000329	150.99999748333337
128.52081999997608	150.99999748333337
128.91701700002886	150.99999748333337
129.3146930000512	150.99999748333337
129.71238499996252	150.99999748333337
130.1109319999814	150.99999748333337
130.5072490000166	150.99999748333337
130.90343499998562	150.99999748333337
131.30102999997325	218.99968245046045
131.5214799999958	218.99968245046045
131.79705000005197	218.99968245046045
132.06959700002335	218.99968245046045
132.34483499999624	218.99968245046045
132.61738499999046	218.99968245046045
132.89147500006948	218.99968245046045
133.1670500000473	218.99968245046045
133.43964600004256	218.99968245046045
133.71345400006976	108.99994368336243
134.01373300002888	108.99994368336243
134.5643740000669	108.99994368336243
135.11613900004886	108.99994368336243
135.66641399997752	108.99994368336243
136.21683900000062	108.99994368336243
136.76716300006956	108.99994368336243
137.31673600000795	108.99994368336243
137.86712399998214	107.99991360006912
137.87278099998366	107.99991360006912
138.42791800003033	107.99991360006912
138.98304600000847	107.99991360006912
139.53883700002916	80.99997165000993
139.6738680000417	80.99997165000993
140.4143280000426	80.99997165000993
141.15448799997102	80.99997165000993
141.89657300000545	80.99997165000993
142.6356509999605	80.99997165000993
143.37638899998274	195.000195000195
143.54327400005423	195.000195000195
143.85108599998057	195.000195000195
144.15872100007255	195.000195000195
144.46802000002936	195.000195000195
144.7739640000509	195.000195000195
145.08240700000897	195.000195000195
145.3914110000478	177.0
145.41535400005523	177.0
145.7551370000001	177.0
146.0942460000515	177.0
146.4318750000093	177.0
146.77149199997075	177.0
147.11059599998407	177.0
147.44923500006553	177.0
147.7878010000568	177.0
148.12743300001603	177.0
148.4662210000679	177.0
148.80571300000884	177.0
149.1438189999899	177.0
149.48441599996295	98.99993565004183
149.75563400005922	98.99993565004183
150.36150400002953	98.99993565004183
150.96751700004097	98.99993565004183
151.57360100001097	148.000148000148
151.83726900001056	148.000148000148
152.24245200003497	148.000148000148
152.64867200003937	148.000148000148
153.05278000002727	148.000148000148
153.45779600006063	148.000148000148
153.86412400007248	148.000148000148
154.26860199996736	148.000148000148
154.67395299999043	148.000148000148
155.07879499997944	148.000148000148
155.48527599999215	114.0
155.58540900005028	114.0
156.1118359999964	114.0
156.63824900006875	114.0
157.16388800006825	138.9998957500782
157.5919930000091	138.9998957500782
158.0243189999601	138.9998957500782
158.45530599995982	138.9998957500782
158.8878450000193	138.9998957500782
159.31909800006542	138.9998957500782
159.75030800001696	138.9998957500782
160.1825780000072	138.9998957500782
160.61329800006934	138.9998957500782
161.04684900003485	138.9998957500782
161.47651599999517	22.999996933333744
163.13715900003444	22.999996933333744
165.74392599996645	210.00021000021
166.00313700002152	210.00021000021
166.29043299995828	210.00021000021
166.57495899999049	210.00021000021
166.86044099996798	210.00021000021
167.14600199996494	210.00021000021
167.43171999999322	117.99990166674861
167.64894400001504	117.99990166674861
168.15760300005786	117.99990166674861
168.6663960000733	117.99990166674861
169.17492700007278	117.99990166674861
169.6827490000287	171.00009405005173
169.8691370000597	171.00009405005173
170.22016300004907	171.00009405005173
170.5709420000203	171.00009405005173
170.92162000003736	171.00009405005173
171.27257200004533	171.00009405005173
171.6240519999992	171.00009405005173
171.97508500004187	171.00009405005173
172.32625200005714	171.00009405005173
172.67608600005042	171.00009405005173
173.02666500001214	171.00009405005173
173.3793059999589	32.99999670000033
174.33293899998534	32.99999670000033
176.1500670000678	99.0
176.7006570000667	99.0
177.30658099998254	99.0
177.91096999996807	99.0
178.51907799998298	99.0
179.12339600000996	99.0
179.72936600004323	57.999986466669824
180.13677400001325	57.999986466669824
181.17146400001366	57.999986466669824
182.20545500004664	132.000132000132
182.5263940000441	132.000132000132
182.98173100000713	132.000132000132
183.4355800000485	132.000132000132
183.89039700001013	132.000132000132
184.3445129999891	132.000132000132
184.80093899997883	132.000132000132
185.25547900004312	129.0
185.72149600007106	129.0
186.18651500006672	129.0
186.65165999997407	129.0
187.11862099997234	129.0
187.58182500000112	116.00008506672904
187.62889200006612	116.00008506672904
188.14620900002774	116.00008506672904
188.66325700003654	116.00008506672904
189.18090499995742	116.00008506672904
189.69797800004017	116.00008506672904
190.21500099997502	116.00008506672904
190.73343600006774	116.00008506672904
191.24982000002638	173.99979120025057
191.56885799998417	173.99979120025057
191.9122610000195	173.99979120025057
192.25946900004055	173.99979120025057
192.6020359999966	173.99979120025057
192.94749000004958	173.99979120025057
193.2916569999652	48.9999918333347
193.60509199998342	48.9999918333347
194.82864099997096	48.9999918333347
196.05337300000247	48.9999918333347
197.2784489999758	48.9999918333347
198.50238299998455	48.9999918333347
199.72667600004934	48.9999918333347
200.95157799997833	48.9999918333347
202.17680899996776	48.9999918333347
203.4003200000152	48.9999918333347
204.6246899999678	48.9999918333347
205.84874300006777	48.9999918333347
207.07351799996104	48.9999918333347
208.29869500000495	48.9999918333347
209.52291699999478	48.9999918333347
210.74723900004756	48.9999918333347
211.9723590000067	48.9999918333347
213.19682599999942	48.9999918333347
214.4288139999844	48.9999918333347


6.023401999962516	120.0
6.517565999994986	120.0
7.001058000023477	120.0
7.5014789999695495	120.0
8.002451000036672	120.0
8.500327000045218	120.0
9.0004070000723	120.0
9.501725999987684	120.0
10.000712999957614	120.0
10.500671999994665	120.0
11.000690000015311	120.0
11.500621000071988	120.0
12.00281299999915	120.0
12.500318999984302	120.0
13.000555000035092	120.0
13.50054000003729	120.0
14.000908000045456	120.0
14.500264000031166	120.0
15.000855999998748	120.0
15.500742000062019	120.0
16.00079800002277	120.0
16.500799000030383	120.0
17.000789000070654	120.0
17.502565999981016	120.0
18.000401000026613	120.0
18.50049000000581	120.0
19.000808999990113	120.0
19.500517999986187	120.0
20.00045300007332	120.0
20.501083999988623	120.0
21.00029200001154	120.0
21.501149000017904	120.0
22.001265999977477	120.0
22.500553000019863	120.0
23.000756000052206	120.0
23.50763500004541	120.0
24.000821999972686	120.0
24.501479999977164	120.0
25.00076700001955	120.0
25.500895000062883	120.0
26.000587000045925	120.0
26.500449000042863	120.0
27.000685999984853	120.0
27.501889000064693	120.0
28.000741000054404	120.0
28.50134399998933	173.99979120025057
28.77373700006865	173.99979120025057
29.11778199998662	173.99979120025057
29.463012999971397	173.99979120025057
29.81010999996215	173.99979120025057
30.153180000022985	173.99979120025057
30.497993999975733	146.0
30.541978999972343	146.0
30.953753000008874	146.0
31.363400000031106	146.0
31.774795999983326	146.0
32.185631999978796	146.0
32.596716000000015	146.0
33.0076790000312	146.0
33.41850400005933	146.0
33.829877999960445	146.0
34.240450000041164	146.0
34.65125800005626	146.0
35.06296300003305	156.000156000156
35.40778600005433	156.000156000156
35.79130899999291	156.000156000156
36.17594500002451	156.000156000156
36.56052499997895	156.000156000156
36.94651000003796	182.000182000182
37.24890500004403	182.000182000182
37.578427999978885	182.000182000182
37.91012899996713	182.000182000182
38.23761199996807	182.000182000182
38.56865599995945	182.000182000182
38.8992080000462	182.000182000182
39.22676099999808	182.000182000182
39.55664800002705	182.000182000182
39.88612899999134	182.000182000182
40.21744799998123	182.000182000182
40.54563299997244	182.000182000182
40.87576900003478	71.0
41.03431500005536	71.0
41.87758099997882	71.0
42.723706000018865	71.0
43.62790500000119	160.99991681670966
43.87085499998648	160.99991681670966
44.243905000039376	160.99991681670966
44.61638100002892	160.99991681670966
44.99037000001408	160.99991681670966
45.36176700005308	160.99991681670966
45.73464599996805	160.99991681670966
46.10670800006483	160.99991681670966
46.47914000006858	160.99991681670966
46.85217900003772	160.99991681670966
47.2271409999812	160.99991681670966
47.60398100002203	183.99997546666995
47.86555900005624	183.99997546666995
48.18795799999498	183.99997546666995
48.51341100002173	183.99997546666995
48.83962300000712	183.99997546666995
49.1668940000236	207.99966720053249
49.40908600005787	207.99966720053249
49.6977950000437	207.99966720053249
49.98672000004444	207.99966720053249
50.2742080000462	207.99966720053249
50.56432500004303	207.99966720053249
50.85123799997382	207.99966720053249
51.14289799996186	207.99966720053249
51.42917000001762	207.99966720053249
51.71751400001813	207.99966720053249
52.00755500001833	207.99966720053249
52.29864200006705	207.99966720053249
52.58368999999948	207.99966720053249
52.8702780000167	207.99966720053249
53.169447000022046	177.00002655000398
53.194123000022955	177.00002655000398
53.52011400007177	177.00002655000398
53.881321000051685	177.00002655000398
54.20065200002864	177.00002655000398
54.54072000004817	177.00002655000398
54.87566700007301	177.00002655000398
55.21810399997048	177.00002655000398
55.55429100000765	67.99999546666697
56.16976199997589	67.99999546666697
57.04712300002575	67.99999546666697
57.928657999960706	67.99999546666697
58.81091200001538	67.99999546666697
59.69382799998857	52.000006933334255
59.96643300005235	52.000006933334255
61.12397900002543	81.0
61.766781000071205	81.0
62.50792700005695	81.0
63.24895200005267	81.0
63.98893800005317	81.0
64.73083700006828	81.0
65.47048200003337	140.00014000014
65.64093800005503	140.00014000014
66.0695340000093	140.00014000014
66.49808699998539	140.00014000014
66.92857600003481	140.00014000014
67.35482800006866	160.0
67.66862300003413	160.0
68.04347599996254	160.0
68.41883400001097	160.0
68.79449800006114	160.0
69.16926800005604	160.0
69.54365400003735	160.0
69.91864699998405	160.0
70.29338100005407	160.0
70.66831199999433	160.0
71.04337900003884	98.0
71.15431799995713	98.0
71.76484399999026	98.0
72.37744399998337	98.0
72.98915899998974	73.99998273333736
73.0103029999882	73.99998273333736
73.82136299996637	73.99998273333736
74.6321079999907	73.99998273333736
75.44282400002703	73.99998273333736
76.2544329999946	73.99998273333736
77.06420699995942	204.9999487500128
77.27065900003072	204.9999487500128
77.56331300002057	204.9999487500128
77.85575500002597	204.9999487500128
78.15025900001638	204.9999487500128
78.44171300006565	204.9999487500128
78.73374799999874	204.9999487500128
79.02648600004613	201.999798000202
79.02787200000603	201.999798000202
79.32575199997518	201.999798000202
79.62203900003806	201.999798000202
79.91911500005517	201.999798000202
80.2172159999609	201.999798000202
80.51317599997856	201.999798000202
80.81050799996592	201.999798000202
81.10705800005235	201.999798000202
81.40403800003696	201.999798000202
81.70149999996647	201.999798000202
82.00057300005574	201.999798000202
82.29515700007323	201.999798000202
82.5921419999795	201.999798000202
82.88965100003406	201.999798000202
83.18635400000494	89.00004005001803
83.50778400001582	89.00004005001803
84.18331800005399	89.00004005001803
84.85714300000109	89.00004005001803
85.5321910000639	116.99988885010559
85.90638499998022	116.99988885010559
86.41934300004505	116.99988885010559
86.93129800003953	116.99988885010559
87.44422199996188	116.99988885010559
87.95647700002883	116.99988885010559
88.46970000001602	116.99988885010559
88.98254200001247	116.99988885010559
89.49535500002094	138.9998957500782
89.84143999998923	138.9998957500782
90.27309500006959	138.9998957500782
90.70464300003368	138.9998957500782
91.13595799996983	206.0
91.36850099998992	206.0
91.65855799999554	206.0
91.94983800000045	206.0
92.24130700004753	206.0
92.53271699999459	206.0
92.82395600003656	206.0
93.11470999999437	206.0
93.40810700005386	206.0
93.69747200002894	206.0
93.98855899996124	206.0
94.28003899997566	206.0
94.57349099998828	206.0
94.86280999996234	206.0
95.15412399999332	126.99998518333506
95.28005599998869	126.99998518333506
95.7521340000676	126.99998518333506
96.22429100004956	126.99998518333506
96.69710800005123	126.99998518333506
97.1697990000248	36.99999136666868
97.69608200003859	36.99999136666868
99.31998599995859	36.99999136666868
100.93911100004334	36.99999136666868
102.56117200001609	184.0
102.58186500007287	184.0
102.9084220000077	184.0
103.23632200004067	120.0
103.38360699999612	120.0
103.88473699998576	120.0
104.38343899999745	120.0
104.88367100001778	120.0
105.3837680000579	120.0
105.88428600004409	120.0
106.38387300004251	120.0
106.88321100000758	120.0
107.38392299995758	152.99994645001874
107.68483000004198	152.99994645001874
108.07775599998422	152.99994645001874
108.46886200003792	152.99994645001874
108.86064800003078	152.99994645001874
109.25342600001022	194.00021986691584
109.50149499997497	194.00021986691584
109.81032200006302	194.00021986691584
110.1208120000083	194.00021986691584
110.42926600005012	194.00021986691584
110.7396599999629	194.00021986691584
111.04727600002661	194.00021986691584
111.35702200001106	194.00021986691584
111.66604999999981	194.00021986691584
111.9760219999589	194.00021986691584
112.28452500002459	194.00021986691584
112.59391399996821	194.00021986691584
112.92264900007285	194.00021986691584
113.21469000005163	113.99995440001824
113.3831459999783	113.99995440001824
113.90690199995879	113.99995440001824
114.43254499998875	113.99995440001824
114.9595139999874	113.99995440001824
115.48505100002512	167.00020318358054
115.68038799997885	167.00020318358054
116.0396920000203	167.00020318358054
116.39910000003874	167.00020318358054
116.7588280000491	167.00020318358054
117.11832400003914	167.00020318358054
117.47918799996842	167.00020318358054
117.83605699997861	167.00020318358054
118.19535900000483	167.00020318358054
118.55446100002155	167.00020318358054
118.91404399997555	167.00020318358054
119.27441000007093	198.000198000198
119.52989400003571	198.000198000198
119.83389999996871	198.000198000198
120.13761800003704	198.000198000198
120.43910700001288	198.000198000198
120.74223700002767	198.000198000198
121.04575100005604	198.000198000198
121.34816399996635	198.000198000198
121.65138499997556	198.000198000198
121.9540440000128	110.0
122.07772900001146	110.0
122.62354499998037	110.0
123.16854300000705	110.0
123.71487600007094	110.0
124.2597029999597	110.0
124.80526900000405	110.0
125.35071899998002	56.99997720000912
125.56149300001562	56.99997720000912
126.6140290000476	56.99997720000912
127.66727800003719	150.99999748333337
127.72606400004588	150.99999748333337
128.12319700000808	150.99999748333337
128.520428000018	150.99999748333337
128.9167740000412	150.99999748333337
129.31433600001037	150.99999748333337
129.7118860000046	150.99999748333337
130.11031899997033	150.99999748333337
130.50749800004996	150.99999748333337
130.90384400007315	150.99999748333337
131.30109399999492	219.0
131.5217180000618	219.0
131.79661099996883	219.0
132.06935700005852	219.0
132.34458500007167	219.0
132.61775900004432	219.0
132.89178599999286	219.0
133.16760699998122	219.0
133.4393449999625	219.0
133.7132210000418	108.99994368336243
134.0142230000347	108.99994368336243
134.56435500003863	108.99994368336243
135.11616900004447	108.99994368336243
135.66591700003482	108.99994368336243
136.2170669999905	108.99994368336243
136.76672000007238	108.99994368336243
137.31743299996015	108.99994368336243
137.86691099999007	107.99991360006912
137.87297899997793	107.99991360006912
138.42768800002523	107.99991360006912
138.98323799995705	107.99991360006912
139.53862899995875	80.99997165000993
139.67340700002387	80.99997165000993
140.41380800004117	80.99997165000993
141.15405300003476	80.99997165000993
141.89627699996345	80.99997165000993
142.63563200004864	80.99997165000993
143.3763709999621	195.000195000195
143.54329199995846	195.000195000195
143.85133400000632	195.000195000195
144.15853000001516	195.000195000195
144.46802000002936	195.000195000195
144.77398299996275	195.000195000195
145.08241899998393	195.000195000195
145.3907810000237	177.00002655000398
145.41545299999416	177.00002655000398
145.75511699996423	177.00002655000398
146.09331400005613	177.00002655000398
146.4322000000393	177.00002655000398
146.772014999995	177.00002655000398
147.11046700004954	177.00002655000398
147.44888999999966	177.00002655000398
147.7883950000396	177.00002655000398
148.12721900001634	177.00002655000398
148.46586300001945	177.00002655000398
148.8062299999874	177.00002655000398
149.1439539999701	177.00002655000398
149.48408199998084	98.99993565004183
149.75599500001408	98.99993565004183
150.36132500006352	98.99993565004183
150.9678909999784	98.99993565004183
151.57412400003523	148.0
151.837302000029	148.0
152.2426680000499	148.0
152.6483780000126	148.0
153.05252100003418	148.0
153.4571579999756	148.0
153.86253400007263	148.0
154.26829699997324	148.0
154.67429600004107	148.0
155.0790300000226	148.0
155.48424300004262	113.99995440001824
155.5849360000575	113.99995440001824
156.11134199996013	113.99995440001824
156.6379710000474	113.99995440001824
157.16412299999502	138.9998957500782
157.59175200003665	138.9998957500782
158.02386600000318	138.9998957500782
158.45480199996382	138.9998957500782
158.88739499996882	138.9998957500782
159.3197710000677	138.9998957500782
159.7499320000643	138.9998957500782
160.18247200001497	138.9998957500782
160.61374499998055	138.9998957500782
161.04712200001813	138.9998957500782
161.476844000048	23.0
163.13734500005376	23.0
165.74394800001755	210.00021000021
166.00333099998534	210.00021000021
166.29014000005554	210.00021000021
166.57516500004567	210.00021000021
166.86025200004224	210.00021000021
167.14976299996488	210.00021000021
167.43171999999322	117.99990166674861
167.64895399997476	117.99990166674861
168.15760300005786	117.99990166674861
168.6663960000733	117.99990166674861
169.1746310000308	117.99990166674861
169.68254700000398	171.00009405005173
169.86863899999298	171.00009405005173
170.21961400005966	171.00009405005173
170.57096200005617	171.00009405005173
170.9212220000336	171.00009405005173
171.27239699999336	171.00009405005173
171.62361000000965	171.00009405005173
171.97537800006103	171.00009405005173
172.32571800006554	171.00009405005173
172.67590300005395	171.00009405005173
173.02682300005108	171.00009405005173
173.37959000002593	32.99999670000033
174.3324300000677	32.99999670000033
176.15026600006968	98.99993565004183
176.70089900004677	98.99993565004183
177.30632900004275	98.99993565004183
177.91116500005592	98.99993565004183
178.51881499995943	98.99993565004183
179.12338200001977	98.99993565004183
179.72958000004292	57.999986466669824
180.13658100005705	57.999986466669824
181.1708440000657	132.0
181.61715499998536	132.0
182.0719570000656	132.0
182.52689300000202	132.0
182.98150300001726	132.0
183.43579799996223	132.0
183.89062800002284	132.0
184.3445129999891	132.0
184.80114300001878	132.0
185.25486600003205	129.00007740004645
185.2557520000264	129.00007740004645
185.72120000002906	129.00007740004645
186.18602999998257	129.00007740004645
186.65144499996677	129.00007740004645
187.11839800002053	129.00007740004645
187.58160599996336	116.00008506672904
187.6284979999764	116.00008506672904
188.14618999999948	116.00008506672904
188.66344999999274	116.00008506672904
189.18069800001103	116.00008506672904
189.69778399995994	116.00008506672904
190.21478200005367	116.00008506672904
190.7331730000442	116.00008506672904
191.24967499997	174.0
191.56865300005302	174.0
191.91206900007091	174.0
192.25901100004558	174.0
192.60169999999925	174.0
192.94707900006324	174.0
193.29150499997195	174.0
193.63619800005108	48.9999918333347
194.82840100000612	48.9999918333347
196.0528560000239	48.9999918333347
197.27812699996866	48.9999918333347
198.50203299999703	48.9999918333347
199.72688400000334	48.9999918333347
200.9513469999656	48.9999918333347
202.1756840000162	48.9999918333347
203.4000529999612	48.9999918333347
204.62429299997166	48.9999918333347
205.84930000000168	48.9999918333347
207.07348999998067	48.9999918333347
208.2989069999894	48.9999918333347
209.52316900005098	48.9999918333347
210.74680900003295	48.9999918333347
211.9721070000669	48.9999918333347
213.1967660000082	48.9999918333347
214.44398400001228	48.9999918333347


8.155112000065856	120.0
8.646967999986373	120.0
9.000782000017352	120.0
9.501500000013039	120.0
10.00051300006453	120.0
10.500936000025831	120.0
11.000394999980927	120.0
11.500231000012718	120.0
12.00059800001327	120.0
12.500516999978572	120.0
13.00059800001327	120.0
13.503166000009514	120.0
14.000882999971509	120.0
14.500325000029989	120.0
15.001631999970414	120.0
15.500295000034384	120.0
16.000553000019863	120.0
16.50103200005833	120.0
17.001012000022456	120.0
17.501412000041455	120.0
18.000589000061154	120.0
18.500268000061624	120.0
19.000808999990113	120.0
19.500980000011623	120.0
20.000312000047415	120.0
20.50057899998501	120.0
21.00047299999278	120.0
21.501641000038944	120.0
22.000700999982655	120.0
22.50174600002356	120.0
23.001158999977633	120.0
23.507225999957882	120.0
24.000768000027165	120.0
24.501289000036195	120.0
25.000597000005655	120.0
25.501120000029914	120.0
26.000616000033915	120.0
26.500649000052363	120.0
27.00113800005056	120.0
27.50219599995762	120.0
28.000270999968052	120.0
28.50083400006406	173.99979120025057
28.77348700002767	173.99979120025057
29.118371000047773	173.99979120025057
29.462843999965116	173.99979120025057
29.809633000055328	173.99979120025057
30.15319800004363	173.99979120025057
30.497776000062004	145.9999659333413
30.542162999976426	145.9999659333413
30.953662000014447	145.9999659333413
31.363423999981023	145.9999659333413
31.774573000031523	145.9999659333413
32.18545700004324	145.9999659333413
32.596496999962255	145.9999659333413
33.0076790000312	145.9999659333413
33.41836200002581	145.9999659333413
33.83006199996453	145.9999659333413
34.240450000041164	145.9999659333413
34.65127000003122	145.9999659333413
35.062974000000395	156.000156000156
35.40725300007034	156.000156000156
35.791626999969594	156.000156000156
36.17555599997286	156.000156000156
36.56001999997534	156.000156000156
36.94628899998497	182.000182000182
37.248976000002585	182.000182000182
37.578743000049144	182.000182000182
37.909910000045784	182.000182000182
38.237584999995306	182.000182000182
38.56767600006424	182.000182000182
38.89930200006347	182.000182000182
39.22709499998018	182.000182000182
39.55677500006277	182.000182000182
39.885972999967635	182.000182000182
40.21577100001741	182.000182000182
40.54529699997511	182.000182000182
40.87569799995981	71.00003550001774
41.0341339999577	71.00003550001774
41.87778300000355	71.00003550001774
42.72324399999343	71.00003550001774
43.60272800002713	161.0
43.871047000051476	161.0
44.24348900001496	161.0
44.616130999987945	161.0
44.98945100000128	161.0
45.36166699999012	161.0
45.73520200001076	161.0
46.10674099996686	161.0
46.47950999997556	161.0
46.85216800007038	161.0
47.22586200002115	161.0
47.603545999969356	183.99997546666995
47.86173800006509	183.99997546666995
48.18768600001931	183.99997546666995
48.513141000061296	183.99997546666995
48.839351000031456	183.99997546666995
49.16669500002172	207.99966720053249
49.40884100005496	207.99966720053249
49.69753100001253	207.99966720053249
49.98708400002215	207.99966720053249
50.27397700003348	207.99966720053249
50.564696999965236	207.99966720053249
50.85148900002241	207.99966720053249
51.14313400001265	207.99966720053249
51.42938600003254	207.99966720053249
51.720152999972925	207.99966720053249
52.00608399999328	207.99966720053249
52.29471899999771	207.99966720053249
52.583452000049874	207.99966720053249
52.87109400006011	207.99966720053249
53.16934400005266	177.0
53.24469700001646	177.0
53.519681000034325	177.0
53.87961100006942	177.0
54.2003679999616	177.0
54.540253999992274	177.0
54.8758969999617	177.0
55.21833800000604	177.0
55.555367000051774	67.99999546666697
56.16948400007095	67.99999546666697
57.05142200004775	67.99999546666697
57.92844300006982	67.99999546666697
58.81113300006837	67.99999546666697
59.69398800004274	52.000006933334255
59.96664200001396	52.000006933334255
61.1192700000247	80.99997165000993
61.76675000006799	80.99997165000993
62.507653999957256	80.99997165000993
63.249168000067584	80.99997165000993
63.98893800005317	80.99997165000993
64.73069700004999	80.99997165000993
65.47051899996586	140.00014000014
65.6404910000274	140.00014000014
66.0690750000067	140.00014000014
66.49803999997675	140.00014000014
66.92828400002327	140.00014000014
67.35497099999338	160.0
67.66909300000407	160.0
68.04371100000571	160.0
68.41863199998625	160.0
68.794755000039	160.0
69.16904599999543	160.0
69.5438950000098	160.0
69.91885400004685	160.0
70.29365999996662	160.0
70.66851200000383	160.0
71.04362300003413	97.9999836666694
71.1539819999598	97.9999836666694
71.76484399999026	97.9999836666694
72.37781700002961	97.9999836666694
72.98966099997051	74.0
73.01032000000123	74.0
73.82157899998128	74.0
74.63161599996965	74.0
75.44261000002734	74.0
76.25475700001698	74.0
77.06457200006116	204.9999487500128
77.2708949999651	204.9999487500128
77.56372099998407	204.9999487500128
77.85600799997337	204.9999487500128
78.14996700000484	204.9999487500128
78.44171300006565	204.9999487500128
78.73374799999874	204.9999487500128
79.02667300007306	201.999798000202
79.02795999997761	201.999798000202
79.3259900000412	201.999798000202
79.62277700006962	201.999798000202
79.91892600001302	201.999798000202
80.21761900000274	201.999798000202
80.51443099998869	201.999798000202
80.81026499997824	201.999798000202
81.10748899995815	201.999798000202
81.40480300004128	201.999798000202
81.7011019999627	201.999798000202
82.00081800005864	201.999798000202
82.29564699996263	201.999798000202
82.59278700000141	201.999798000202
82.88942600006703	201.999798000202
83.18761699995957	89.0
83.50799299997743	89.0
84.1830380000174	89.0
84.85740900004748	89.0
85.53188699996099	116.99988885010559
85.90590799995698	116.99988885010559
86.41937100002542	116.99988885010559
86.93191300006583	116.99988885010559
87.44395200000145	116.99988885010559
87.95679700002074	116.99988885010559
88.47017200000118	116.99988885010559
88.983871000004	116.99988885010559
89.49491999996826	138.9998957500782
89.84169899998233	138.9998957500782
90.27331600000616	138.9998957500782
90.7044219999807	138.9998957500782
91.1361700000707	206.0000961333782
91.3682770000305	206.0000961333782
91.65833800006658	206.0000961333782
91.94963599997573	206.0000961333782
92.24087400001008	206.0000961333782
92.53296600002795	206.0000961333782
92.82349500001874	206.0000961333782
93.11493200005498	206.0000961333782
93.40840299997944	206.0000961333782
93.69723599997815	206.0000961333782
93.98875600006431	206.0000961333782
94.28058500005864	206.0000961333782
94.57448000006843	206.0000961333782
94.86305399995763	206.0000961333782
95.15395599999465	126.99998518333506
95.28028100007214	126.99998518333506
95.75206400000025	126.99998518333506
96.22465600003488	126.99998518333506
96.69690800004173	126.99998518333506
97.16918600001372	36.99999136666868
97.69583900005091	36.99999136666868
99.31954200007021	36.99999136666868
100.93958600005135	36.99999136666868
102.56072700000368	183.99997546666995
102.58261599997059	183.99997546666995
102.90818300005049	183.99997546666995
103.23653400002513	120.0
103.38400299998466	120.0
103.88424300006591	120.0
104.38363299996126	120.0
104.8838870000327	120.0
105.38402999995742	120.0
105.88455299998168	120.0
106.3835909999907	120.0
106.88347000000067	120.0
107.38413000002038	152.99994645001874
107.68513400002848	152.99994645001874
108.07797800004482	152.99994645001874
108.46841700002551	152.99994645001874
108.86064800003078	152.99994645001874
109.25294699997175	194.00021986691584
109.50116300000809	194.00021986691584
109.81030500005	194.00021986691584
110.11951800005045	194.00021986691584
110.42928499996196	194.00021986691584
110.73851100006141	194.00021986691584
111.0472089999821	194.00021986691584
111.3567879999755	194.00021986691584
111.66569499997422	194.00021986691584
111.97837500006426	194.00021986691584
112.28471999999601	194.00021986691584
112.59367099998053	194.00021986691584
112.92042400001083	194.00021986691584
113.21566099999472	114.0
113.38015500002075	114.0
113.90716299996711	114.0
114.43280900001992	114.0
114.96013000002131	114.0
115.48539300006814	167.00020318358054
115.68064899998717	167.00020318358054
116.03938500001095	167.00020318358054
116.39933699998073	167.00020318358054
116.75895100005437	167.00020318358054
117.11897099995986	167.00020318358054
117.47918799996842	167.00020318358054
117.83604399999604	167.00020318358054
118.19537099997979	167.00020318358054
118.55468100006692	167.00020318358054
118.91450499999337	167.00020318358054
119.2746080000652	198.000198000198
119.52985499997158	198.000198000198
119.83423799998127	198.000198000198
120.13759599998593	198.000198000198
120.43931699998211	198.000198000198
120.7417279999936	198.000198000198
121.0462009999901	198.000198000198
121.34869100002106	198.000198000198
121.65205000003334	198.000198000198
121.95380899996962	109.99990833340972
122.07798599998932	109.99990833340972
122.62381500005722	109.99990833340972
123.16889400000218	109.99990833340972
123.71514099999331	109.99990833340972
124.25946600001771	109.99990833340972
124.80503899999894	109.99990833340972
125.35057899996173	56.99997720000912
125.56164800003171	56.99997720000912
126.61429000005592	56.99997720000912
127.66710099996999	150.99999748333337
127.72595200000796	150.99999748333337
128.12298800004646	150.99999748333337
128.52065600000788	150.99999748333337
128.9173459999729	150.99999748333337
129.31436299998313	150.99999748333337
129.71213600004558	150.99999748333337
130.11071200005244	150.99999748333337
130.5072490000166	150.99999748333337
130.90343499998562	150.99999748333337
131.3013079999946	218.99968245046045
131.52149099996313	218.99968245046045
131.7968450000044	218.99968245046045
132.069822999998	218.99968245046045
132.34505999996327	218.99968245046045
132.61738499999046	218.99968245046045
132.89210100006312	218.99968245046045
133.1670500000473	218.99968245046045
133.43964600004256	109.0
133.46330800000578	109.0
134.01453200005926	109.0
134.56462199997623	109.0
135.11664100002963	109.0
135.66591700003482	109.0
136.21683900000062	109.0
136.76766000001226	109.0
137.3168590000132	109.0
137.86691099999007	107.99991360006912
137.87277200003155	107.99991360006912
138.4281239999691	107.99991360006912
138.98322200006805	107.99991360006912
139.53905000002123	80.99997165000993
139.6730450000614	80.99997165000993
140.41406800004188	80.99997165000993
141.1543900000397	80.99997165000993
141.89653799997177	80.99997165000993
142.63588600000367	80.99997165000993
143.3766300000716	195.0
143.54351099999622	195.0
143.85157900000922	195.0
144.15870100003667	195.0
144.46778800000902	195.0
144.77420300000813	195.0
145.08297500002664	195.0
145.39100000006147	177.00002655000398
145.4156339999754	177.00002655000398
145.75490000005811	177.00002655000398
146.09352500003297	177.00002655000398
146.43204300000798	177.00002655000398
146.77178800001275	177.00002655000398
147.11080799996853	177.00002655000398
147.4491660000058	177.00002655000398
147.78787900006864	177.00002655000398
148.12718099995982	177.00002655000398
148.4664440000197	177.00002655000398
148.80603400000837	177.00002655000398
149.14395900000818	177.00002655000398
149.48421699996106	98.99993565004183
149.75531000003684	98.99993565004183
150.361154000042	98.99993565004183
150.9698240000289	98.99993565004183
151.57391999999527	148.000148000148
151.8370189999696	148.000148000148
152.24160399998073	148.000148000148
152.64815400005318	148.000148000148
153.05281300004572	148.000148000148
153.45717000006698	148.000148000148
153.86258099996485	148.000148000148
154.2685820000479	148.000148000148
154.6739880000241	148.000148000148
155.07906100002583	148.000148000148
155.48424300004262	113.99995440001824
155.58529399998952	113.99995440001824
156.11132100003306	113.99995440001824
156.63829400006216	113.99995440001824
157.16391000000294	138.9998957500782
157.59201200003736	138.9998957500782
158.02412399998866	138.9998957500782
158.4550140000647	138.9998957500782
158.88739499996882	138.9998957500782
159.31856899999548	138.9998957500782
159.74988700007088	138.9998957500782
160.18233700003475	138.9998957500782
160.61358100001235	138.9998957500782
161.04656899999827	138.9998957500782
161.47704100003466	22.999996933333744
163.136858999962	22.999996933333744
165.74410100001842	210.0
166.00364300003275	210.0
166.29067400004715	210.0
166.5753539999714	210.0
166.86049300001469	210.0
167.14960400003474	210.0
167.4319260000484	117.99990166674861
167.64866299997084	117.99990166674861
168.1573400000343	117.99990166674861
168.66674100002274	117.99990166674861
169.17485199996736	117.99990166674861
169.6827490000287	171.00009405005173
169.8688839999959	171.00009405005173
170.22000500001013	171.00009405005173
170.57057300000452	171.00009405005173
170.92143600003328	171.00009405005173
171.2721910000546	171.00009405005173
171.62386000005063	171.00009405005173
171.9750510000158	171.00009405005173
172.32599599997047	171.00009405005173
172.67571099998895	171.00009405005173
173.02648999996018	171.00009405005173
173.3797890000278	33.0
174.33268600003794	33.0
176.14977799996268	98.99993565004183
176.70088700007182	98.99993565004183
177.3063339999644	98.99993565004183
177.91118100006133	98.99993565004183
178.5188039999921	98.99993565004183
179.12320200004615	98.99993565004183
179.72913800005335	57.999986466669824
180.13636100001168	57.999986466669824
181.1711490000598	57.999986466669824
182.20565400004853	132.000132000132
182.52665200002957	132.000132000132
182.98193700006232	132.000132000132
183.43536999996286	132.000132000132
183.89013099996373	132.000132000132
184.34473000001162	132.000132000132
184.8007300000172	132.000132000132
185.25535300001502	129.00007740004645
185.25565299997106	129.00007740004645
185.7209509999957	129.00007740004645
186.18629500002135	129.00007740004645
186.65119000000414	129.00007740004645
187.11815600004047	129.00007740004645
187.58138900005724	116.00008506672904
187.62871800002176	116.00008506672904
188.1459380000597	116.00008506672904
188.6631050000433	116.00008506672904
189.18060900003184	116.00008506672904
189.6974690000061	116.00008506672904
190.2147540000733	116.00008506672904
190.73293399997056	116.00008506672904
191.24936700006947	173.99979120025057
191.56861199997365	173.99979120025057
191.91244099999312	173.99979120025057
192.25899900007062	173.99979120025057
192.60170800006017	173.99979120025057
192.94741200003773	173.99979120025057
193.29148999997415	49.0
193.60523600003216	49.0
194.82869800005574	49.0
196.0528560000239	49.0
197.27793500002008	49.0
198.50245599995833	49.0
199.72658899996895	49.0
200.95135800004937	49.0
202.17554700002074	49.0
203.39995200000703	49.0
204.62455299997237	49.0
205.84895799995866	49.0
207.07373000006191	49.0
208.29866299999412	49.0
209.52291699999478	49.0
210.74680900003295	49.0
211.97196200001054	49.0
213.19622599997092	49.0
214.45159399998374	49.0