0.007123999996110797	120.0
0.5004529999569058	120.0
1.0016459999606013	120.0
1.5009200000204146	120.0
2.000332999974489	120.0
2.5003549999091774	120.0
3.0002409999724478	120.0
3.5003969999961555	120.0
4.000252999947406	120.0
4.502300999942236	120.0
5.001623999909498	120.0
5.500341999926604	120.0
6.0007019999902695	120.0
6.501199999940582	120.0
7.000268999952823	120.0
7.5005919999675825	120.0
8.001571999979205	120.0
8.500307000009343	120.0
9.00089099991601	120.0
9.500325999921188	120.0
10.000689000007696	120.0
10.502300999942236	120.0
11.00115599995479	120.0
11.50281299999915	120.0
12.001352999941446	120.0
12.500579999992624	120.0
13.000314999953844	120.0
13.502187000005506	120.0
14.00097499997355	120.0
14.500479999929667	120.0
15.000724999932572	120.0
15.501455999910831	120.0
16.00147699995432	120.0
16.500961999990977	120.0
17.00061799993273	120.0
17.502353999996558	120.0
18.00054099992849	120.0
18.502543999929912	120.0
19.000554999918677	120.0
19.50075799995102	120.0
20.002592999953777	120.0
20.500311999931	120.0
21.000629999907687	120.0
21.502648999914527	120.0
22.001045999932103	120.0
22.500790999969468	120.0
23.001598999951966	120.0
23.502317999955267	120.0
24.000572999939322	120.0
24.502379999961704	120.0
25.001814999966882	120.0
25.502391999936663	120.0
26.000331999966875	120.0
26.50280399993062	120.0
27.002259999979287	120.0
27.500365999992937	120.0
28.002229999983683	120.0
28.502114999922924	145.9999659333413
28.865149999968708	145.9999659333413
29.277124000014737	145.9999659333413
29.687779999920167	145.9999659333413
30.09771100000944	145.9999659333413
30.510180999990553	28.0
31.842914999928325	28.0
33.985324000008404	28.0
36.12798499991186	50.0
36.49691499990877	105.99995053335641
36.929588999948464	105.99995053335641
37.49422499991488	105.99995053335641
38.061430000001565	105.99995053335641
38.6268539999146	105.99995053335641
39.19359399995301	105.99995053335641
39.7594219999155	105.99995053335641
40.324789999984205	163.0
40.64774199994281	163.0
41.015691999928094	163.0
41.384672999964096	163.0
41.75435999990441	163.0
42.12127599993255	163.0
42.4879559999099	48.9999918333347
42.99758799991105	48.9999918333347
44.222290999954566	48.9999918333347
45.446909999940544	48.9999918333347
46.670662999968044	100.0
47.07079199992586	100.0
47.66922699997667	100.0
48.2703019999899	100.0
48.869267000001855	122.0000691333725
49.25428200000897	122.0000691333725
49.7461159999948	122.0000691333725
50.2389780000085	122.0000691333725
50.72961799998302	122.0000691333725
51.22153199999593	122.0000691333725
51.71473699994385	122.0000691333725
52.204942999989726	122.0000691333725
52.697384999948554	156.000156000156
52.99204599997029	156.000156000156
53.37469199998304	156.000156000156
53.76105099997949	156.000156000156
54.143904999946244	156.000156000156
54.52860600000713	150.99999748333337
54.53868299990427	150.99999748333337
54.93496199999936	150.99999748333337
55.33386499993503	150.99999748333337
55.72985899995547	150.99999748333337
56.1276460000081	150.99999748333337
56.524476999999024	150.99999748333337
56.92379099992104	150.99999748333337
57.3199419999728	150.99999748333337
57.71723299997393	150.99999748333337
58.11393200000748	150.99999748333337
58.51104699994903	148.9998385835082
58.51460399990901	148.9998385835082
58.916778999962844	148.9998385835082
59.31942099996377	148.9998385835082
59.72233599994797	148.9998385835082
60.124835999915376	148.9998385835082
60.52768699999433	93.0
60.71452699997462	93.0
61.3592789999675	93.0
62.004527000011876	93.0
62.6501279999502	93.0
63.29521599994041	93.0
63.941542999935336	93.0
64.58588699996471	59.00000885000133
64.79663300001994	59.00000885000133
65.81277199997567	59.00000885000133
66.82993699994404	57.999986466669824
66.84072999993805	57.999986466669824
67.87467799999285	57.999986466669824
68.91043199994601	57.999986466669824
69.94459600001574	57.999986466669824
70.9789129999699	109.0
71.17708299995866	109.0
71.7272079999093	109.0
72.27896099991631	171.00009405005173
72.61335899995174	171.00009405005173
72.9632429999765	171.00009405005173
73.31476300000213	171.00009405005173
73.66381900000852	171.00009405005173
74.01495300000533	171.00009405005173
74.36566100001801	171.00009405005173
74.71739100001287	171.00009405005173
75.06822499993723	171.00009405005173
75.41770599992014	171.00009405005173
75.7707020000089	171.00009405005173
76.12150999996811	171.00009405005173
76.47052299999632	54.00000540000054
76.98334899998736	54.00000540000054
78.0929199999664	54.00000540000054
79.20405099994969	207.99966720053249
79.34990899998229	207.99966720053249
79.63805499998853	207.99966720053249
79.92723999998998	207.99966720053249
80.21552099997643	207.99966720053249
80.50370399991516	207.99966720053249
80.79402499995194	207.99966720053249
81.08051799994428	207.99966720053249
81.37029599992093	207.99966720053249
81.65724999993108	207.99966720053249
81.9459570000181	207.99966720053249
82.23426299996208	207.99966720053249
82.52297699998599	69.99998833333528
83.08672799996566	69.99998833333528
83.94431299995631	69.99998833333528
84.80188199994154	123.99999173333389
85.03927800001111	123.99999173333389
85.5228590000188	123.99999173333389
86.00687699997798	123.99999173333389
86.49060499994084	123.99999173333389
86.97445099998731	123.99999173333389
87.45846399990842	123.99999173333389
87.94241999997757	123.99999173333389
88.42626699991524	135.000135000135
88.85587799991481	135.000135000135
89.29997499997262	135.000135000135
89.74428799992893	135.000135000135
90.18907700001728	135.000135000135
90.63321599992923	124.0
90.66792799998075	124.0
91.15200599993113	124.0
91.63630299991928	124.0
92.11951499991119	124.0
92.60450199991465	124.0
93.08704699994996	124.0
93.57121299998835	124.0
94.05475999996997	124.0
94.53994799999055	190.0002850004275
94.75281199999154	190.0002850004275
95.06701100000646	190.0002850004275
95.38307599991094	190.0002850004275
95.69996899995022	190.0002850004275
96.01460399990901	190.0002850004275
96.33081099996343	48.0
96.58965599990916	48.0
97.83973499992862	48.0
99.0907400000142	48.0
100.34161000000313	205.0
100.56316599994898	205.0
100.85457700002007	205.0
101.14720899995882	205.0
101.43989999999758	205.0
101.73229099996388	205.0
102.0253939999966	205.0
102.31898899993394	205.0
102.61034399992786	45.99999386666749
103.68325000000186	45.99999386666749
104.98901099991053	45.99999386666749
106.29427600000054	45.99999386666749
107.59615699993446	60.99997255001235
108.26902299991343	60.99997255001235
109.2519649999449	218.00028340036843
109.39159000001382	218.00028340036843
109.66627499996684	218.00028340036843
109.94151399994735	218.00028340036843
110.21661999996286	218.00028340036843
110.49375599995255	218.00028340036843
110.7682789999526	218.00028340036843
111.04284299991559	218.00028340036843
111.31757800001651	218.00028340036843
111.59293099993374	218.00028340036843
111.86805799999274	218.00028340036843
112.14349799999036	218.00028340036843
112.41913900000509	210.00021000021
112.42297600000165	210.00021000021
112.7092849999899	210.00021000021
112.99480300000869	210.00021000021
113.28015899995808	210.00021000021
113.56687799992505	210.00021000021
113.85170699993614	210.00021000021
114.13815000001341	210.00021000021
114.42322200001217	210.00021000021
114.70858199999202	201.0003115504829
114.72659099998418	201.0003115504829
115.0259059999371	201.0003115504829
115.32419199997094	201.0003115504829
115.62207399995532	201.0003115504829
115.92097400000785	201.0003115504829
116.21949099993799	201.0003115504829
116.51832599996123	201.0003115504829
116.8165549999103	201.0003115504829
117.1146599999629	201.0003115504829
117.41436399996746	201.0003115504829
117.71278099995106	201.0003115504829
118.01023000001442	201.0003115504829
118.31057199998759	201.0003115504829
118.60789199999999	218.99968245046045
118.85709399997722	218.99968245046045
119.13100499997381	218.99968245046045
119.40493600000627	218.99968245046045
119.6801470000064	218.99968245046045
119.95328399993014	218.99968245046045
120.22784999990836	218.99968245046045
120.50218199996743	39.0
121.60264699999243	39.0
123.14131899992935	39.0
124.67978899995796	50.0
125.80068400001619	50.0
127.00063199992292	206.0000961333782
127.08253899996635	206.0000961333782
127.37374099995941	206.0000961333782
127.66508800000884	206.0000961333782
127.95731699990574	206.0000961333782
128.2476279999828	206.0000961333782
128.53881599998567	206.0000961333782
128.83001799997874	206.0000961333782
129.12135599995963	206.0000961333782
129.4141739999177	206.0000961333782
129.7038000000175	206.0000961333782
129.9951009999495	206.0000961333782
130.2864169999957	126.0
130.30068300000858	126.0
130.77596299990546	126.0
131.25150199991185	126.0
131.72801299998537	126.0
132.20411599997897	126.0
132.68003499996848	77.99997660000702
132.8891809999477	77.99997660000702
133.65877699991688	77.99997660000702
134.42738799995277	77.99997660000702
135.19606499990914	77.99997660000702
135.96567199996207	77.99997660000702
136.73507099994458	94.99999208333399
137.28816799994092	94.99999208333399
137.91968499997165	94.99999208333399
138.55352199997287	93.99998120000376
138.5538879999658	93.99998120000376
139.19219500001054	93.99998120000376
139.83057399990503	93.99998120000376
140.4704769999953	93.99998120000376
141.1071879999945	93.99998120000376
141.74606099992525	93.99998120000376
142.3839029999217	160.0
142.72513799997978	160.0
143.09935799997766	160.0
143.47446399996988	160.0
143.8510879999958	160.0
144.2247779999161	160.0
144.60092200001236	211.00014066676044
144.80620300001465	211.00014066676044
145.09078799991403	211.00014066676044
145.37471200001892	211.00014066676044
145.66009299992584	211.00014066676044
145.94332299998496	211.00014066676044
146.22891599999275	211.00014066676044
146.51247299998067	211.00014066676044
146.7970969999442	211.00014066676044
147.0830180000048	211.00014066676044
147.36543499992695	211.00014066676044
147.6497569999192	211.00014066676044
147.93396299995948	211.00014066676044
148.218274999992	211.00014066676044
148.50438699999359	148.9998385835082
148.58200699998997	148.9998385835082
148.98322099994402	148.9998385835082
149.3857859999407	148.9998385835082
149.78983599995263	148.9998385835082
150.19337599992286	148.9998385835082
150.59404599992558	171.0
150.90524499991443	171.0
151.25640800001565	171.0
151.60642899991944	171.0
151.9579580000136	171.0
152.3090099999681	171.0
152.6606309999479	171.0
153.01130199991167	171.0
153.3608659999445	171.0
153.71261199994478	171.0
154.06317699991632	171.0
154.41344299993943	112.00005973336519
154.48274399992079	112.00005973336519
155.01828199997544	112.00005973336519
155.55450799991377	112.00005973336519
156.09000899991952	112.00005973336519
156.6259559999453	136.0001450668214
157.01056500000414	136.0001450668214
157.45420399995055	136.0001450668214
157.89332099992316	136.0001450668214
158.33409099990968	136.0001450668214
158.7754539999878	136.0001450668214
159.2171059999382	136.0001450668214
159.65804000000935	136.0001450668214
160.09877699997742	136.0001450668214
160.54019199998584	77.0
160.73322199995164	77.0
161.5129569999408	77.0
162.2912929999875	77.0
163.070209999918	110.9999056500802
163.37312399991788	110.9999056500802
163.91413199994713	110.9999056500802
164.45337499992456	110.9999056500802
164.99459199991543	110.9999056500802
165.53474999999162	110.9999056500802
166.07471299997997	110.9999056500802
166.61562699999195	40.99998975000256
167.16825999994762	40.99998975000256
168.6321319999406	172.99990485005233
168.72375100001227	172.99990485005233
169.07004999998026	172.99990485005233
169.4170939999167	172.99990485005233
169.76369499997236	172.99990485005233
170.11090400000103	172.99990485005233
170.45756999996956	172.99990485005233
170.8045329999877	172.99990485005233
171.15211799996905	172.99990485005233
171.49856699991506	172.99990485005233
171.8451749999076	172.99990485005233
172.19185599999037	172.99990485005233
172.53853399993386	218.00028340036843
172.7637509999331	218.00028340036843
173.03860600001644	218.00028340036843
173.3140049999347	218.00028340036843
173.58883799996693	218.00028340036843
173.86454799992498	218.00028340036843
174.14103099994827	218.00028340036843
174.41461400000844	218.00028340036843
174.69173500000034	163.9998469334762
174.8046130000148	163.9998469334762
175.16959700000007	163.9998469334762
175.53536699991673	163.9998469334762
175.90327599993907	163.9998469334762
176.2682499999646	163.9998469334762
176.6330799999414	163.9998469334762
177.00044799991883	163.9998469334762
177.36563299992122	163.9998469334762
177.7324929999886	163.9998469334762
178.09634899999946	163.9998469334762
178.4650060000131	90.99995298335763
178.5543919999618	90.99995298335763
179.2135690000141	90.99995298335763
179.87464299995918	90.99995298335763
180.5318069999339	34.0
180.9158559999196	34.0
182.6822069999762	34.0
184.44494099996518	34.0
186.20939099998213	88.00002346667293
186.4339729999192	178.99974940035085
186.72762000001967	178.99974940035085
187.0629679999547	178.99974940035085
187.3994829999283	178.99974940035085
187.73407599993516	178.99974940035085
188.06843499990646	178.99974940035085
188.4045009999536	178.99974940035085
188.73887299990747	178.99974940035085
189.07446499995422	178.99974940035085
189.40924999990966	178.99974940035085
189.74458699999377	178.99974940035085
190.08114699996077	178.99974940035085
190.4152549999999	193.0
190.71911099995486	193.0
191.0299609999638	193.0
191.34144999994896	193.0
191.65460000000894	193.0
191.96229299996048	193.0
192.27311499998905	193.0
192.5837210000027	193.0
192.89491599996109	193.0
193.20542000001296	193.0
193.5162779999664	193.0
193.82779999997	193.0
194.13789399992675	193.0
194.44981099991128	193.0
194.75973099994007	193.0
195.07059899996966	193.0
195.38145799993072	193.0
195.6923249999527	193.0
196.00397499999963	193.0
196.31400199991185	193.0
196.62496499996632	193.0
196.93591200001538	193.0
197.2469989999663	193.0
197.55761399993207	193.0
197.86979199992493	193.0
198.17951199994422	193.0
198.4902989999391	193.0
198.80112899991218	193.0
199.11341399990488	193.0
199.42287899996154	193.0
199.73383299994748	193.0
200.04457899997942	193.0
200.35585199994966	193.0
200.66684799990617	193.0
200.97785599995404	193.0
201.28900999994949	193.0
201.5994059999939	193.0
201.9106669999892	193.0
202.22082899999805	193.0
202.53419899998698	193.0
202.84252299997024	193.0
203.15351299999747	193.0
203.46468599990476	193.0
203.77596399991307	193.0
204.08608499995898	193.0
204.3969779999461	193.0
204.70884699991439	193.0
205.0192419999512	193.0
205.3309339999687	193.0
205.64257899997756	193.0
205.95377199992072	193.0
206.26227700000163	193.0
206.57313499995507	193.0
206.88447900000028	193.0
207.197654999909	193.0
207.50572799996007	193.0
207.8174289999297	193.0
208.12754799996037	193.0
208.43954699998721	193.0
208.74926399998367	193.0
209.0609139999142	193.0
209.3719609999098	193.0
209.68427299999166	193.0
209.9928689999506	193.0
210.30427500000224	193.0
210.61505699995905	193.0
210.92606799991336	193.0
211.2364359999774	193.0
211.54715299990494	193.0
211.85807999991812	193.0
212.1695409999229	193.0
212.47997599991504	193.0
212.79229599994142	193.0
213.1032450000057	193.0
213.41258599993307	193.0
213.72342599998228	193.0
214.03470799990464	193.0
214.34608299995307	193.0
214.65737399994396	193.0
214.967445999966	193.0
215.27816599991638	193.0
215.58967699995264	193.0
215.90172600001097	193.0
216.2123689999571	193.0
216.52153599995654	193.0
216.83316999999806	193.0
217.14456699998118	193.0
217.45393700001296	193.0
217.76515499991365	193.0
218.07570399995893	193.0
218.38729499990586	193.0
218.69921799993608	193.0
219.00837499997579	193.0
219.3195350000169	193.0
219.63134299998637	193.0
219.94150800001808	193.0
220.25249300000723	193.0
220.56281999999192	193.0
220.8736870000139	193.0
221.18538199993782	193.0
221.49654700001702	193.0
221.80704099999275	193.0
222.11742999998387	193.0
222.42873499996495	193.0
222.7390819999855	193.0
223.05114899994805	193.0
223.36210699996445	193.0
223.67216899991035	193.0
223.9843529999489	193.0
224.2939029999543	193.0
224.60498499998357	193.0
224.91578499996103	193.0
225.2262969999574	193.0
225.53779099998064	193.0
225.84914399997797	193.0
226.15864899998996	193.0
226.47102099994663	193.0
226.78038100001868	193.0
227.09400699997786	193.0
227.40223499992862	193.0
227.7129609999247	193.0
228.02393699996173	193.0
228.3352259999374	193.0
228.64567799994256	193.0
228.9568529999815	193.0
229.26782900001854	193.0
229.57941999996547	193.0
229.88953699998092	193.0
230.2020059999777	193.0
230.51127000001725	193.0
230.82328999997117	193.0
231.13281799992546	193.0
231.44371599995065	193.0
231.75446899991948	193.0
232.06690500001423	193.0
232.37714300001971	193.0
232.68827399995644	193.0
232.99826299992856	193.0
233.30922199995257	193.0
233.62041699991096	193.0
233.93100599991158	193.0


2.1427119999425486	120.0
2.635494999936782	120.0
3.0002409999724478	120.0
3.500281999935396	120.0
4.000343999941833	120.0
4.502327999914996	120.0
5.001623999909498	120.0
5.500308999908157	120.0
6.000692999921739	120.0
6.501199999940582	120.0
7.000583000015467	120.0
7.500693999929354	120.0
8.001090999925509	120.0
8.500602999934927	120.0
9.000895999954082	120.0
9.500294999917969	120.0
10.00101399992127	120.0
10.501829999964684	120.0
11.00140999990981	120.0
11.502403000020422	120.0
12.001655999920331	120.0
12.500790999969468	120.0
13.000933000002988	120.0
13.502064000000246	120.0
14.000587999937125	120.0
14.506503999931738	120.0
15.00094599998556	120.0
15.501260999939404	120.0
16.00150000001304	120.0
16.50097499997355	120.0
17.000325999921188	120.0
17.50179299991578	120.0
18.0007190000033	120.0
18.502362999948673	120.0
19.000316999969073	120.0
19.50090199999977	120.0
20.00279599998612	120.0
20.500729999970645	120.0
21.000843999907374	120.0
21.502827999996953	120.0
22.001187999965623	120.0
22.50097900000401	120.0
23.001607000012882	120.0
23.50229999993462	120.0
24.00032399990596	120.0
24.502512999926694	120.0
25.001814999966882	120.0
25.502618999918923	120.0
26.000353000010364	120.0
26.502344999928027	120.0
27.001794999931008	120.0
27.500365999992937	120.0
28.002015999983996	120.0
28.5021349999588	145.9999659333413
28.865088999969885	145.9999659333413
29.276745999930426	145.9999659333413
29.687349999905564	145.9999659333413
30.09771100000944	145.9999659333413
30.510403999942355	28.000001866666793
31.842914999928325	28.000001866666793
33.98542699997779	28.000001866666793
36.12755400000606	50.0
36.49700400000438	105.99995053335641
36.92957099992782	105.99995053335641
37.49421499995515	105.99995053335641
38.06117899995297	105.99995053335641
38.626639999914914	105.99995053335641
39.19336199993268	105.99995053335641
39.759505999973044	105.99995053335641
40.32452699996065	163.00007063336395
40.64752699993551	163.00007063336395
41.01602899993304	163.00007063336395
41.38568999990821	163.00007063336395
41.754142999998294	163.00007063336395
42.12159499991685	163.00007063336395
42.488173999940045	48.9999918333347
42.99740899994504	48.9999918333347
44.22201499994844	48.9999918333347
45.44659999990836	48.9999918333347
46.670887999935076	100.0
47.07102799997665	100.0
47.669468999956734	100.0
48.270627000019886	100.0
48.86952800001018	122.0000691333725
49.25452600000426	122.0000691333725
49.74629999999888	122.0000691333725
50.23924999998417	122.0000691333725
50.72985799994785	122.0000691333725
51.22173499991186	122.0000691333725
51.71452399995178	122.0000691333725
52.20507999998517	122.0000691333725
52.69740599999204	156.000156000156
52.99202699994203	156.000156000156
53.374704999965616	156.000156000156
53.76109499996528	156.000156000156
54.143950999947265	156.000156000156
54.528653000015765	151.0
54.53873999998905	151.0
54.934941999963485	151.0
55.33387899992522	151.0
55.72988100000657	151.0
56.127654999960214	151.0
56.524476999999024	151.0
56.92354400001932	151.0
57.3199419999728	151.0
57.71730099990964	151.0
58.11393899994437	151.0
58.51100599998608	148.9998385835082
58.51460399990901	148.9998385835082
58.916968000005	148.9998385835082
59.31961000000592	148.9998385835082
59.72255199996289	148.9998385835082
60.12483099999372	148.9998385835082
60.52771099994425	93.00004185001883
60.714520999928936	93.00004185001883
61.35928400000557	93.00004185001883
62.004527000011876	93.00004185001883
62.64978599990718	93.00004185001883
63.29498199990485	93.00004185001883
63.941242999979295	93.00004185001883
64.58612699992955	59.0
64.79688899999019	59.0
65.81299599993508	59.0
66.83015399996657	57.999986466669824
66.8410229999572	57.999986466669824
67.87443700002041	57.999986466669824
68.91021699993871	57.999986466669824
69.94485699990764	57.999986466669824
70.979067999986	108.99994368336243
71.17724699992687	108.99994368336243
71.7275260000024	108.99994368336243
72.27924599999096	171.00009405005173
72.61314699996728	171.00009405005173
72.96345999999903	171.00009405005173
73.3145389999263	171.00009405005173
73.66402699996252	171.00009405005173
74.01485999999568	171.00009405005173
74.3652239999501	171.00009405005173
74.71718499995768	171.00009405005173
75.06771999993362	171.00009405005173
75.41804299992509	171.00009405005173
75.77023199992254	171.00009405005173
76.12171599990688	171.00009405005173
76.47101400000975	54.00000540000054
76.98340699996334	54.00000540000054
78.09290199994575	54.00000540000054
79.20450899994466	207.99966720053249
79.35022099991329	207.99966720053249
79.63853999995627	207.99966720053249
79.92749499995261	207.99966720053249
80.21524599997792	207.99966720053249
80.50535399990622	207.99966720053249
80.79371599992737	207.99966720053249
81.08032900001854	207.99966720053249
81.37004599999636	207.99966720053249
81.65747999993619	207.99966720053249
81.9459570000181	207.99966720053249
82.23428299999796	207.99966720053249
82.52261699992232	69.99998833333528
83.08655499992892	69.99998833333528
83.94386399991345	69.99998833333528
84.80153900000732	124.0
85.0390559999505	124.0
85.52313699992374	124.0
86.00694499991369	124.0
86.49085499998182	124.0
86.97475699998904	124.0
87.45817899995018	124.0
87.94248699990567	124.0
88.42621499998495	135.000135000135
88.856380000012	135.000135000135
89.29997499997262	135.000135000135
89.74414600001182	135.000135000135
90.18917699996382	135.000135000135
90.63316399999894	123.99999173333389
90.66832699999213	123.99999173333389
91.15255599992815	123.99999173333389
91.6367039999459	123.99999173333389
92.11963299999479	123.99999173333389
92.604468000005	123.99999173333389
93.08726599998772	123.99999173333389
93.57111099991016	123.99999173333389
94.05517299997155	123.99999173333389
94.53998000000138	190.0
94.75265199993737	190.0
95.06704200000968	190.0
95.38263100001495	190.0
95.69973399990704	190.0
96.01409599999897	190.0
96.33099899999797	190.0
96.64603299996816	48.0
97.8400959999999	48.0
99.09028999996372	48.0
100.34147599991411	204.9999487500128
100.5629669999471	204.9999487500128
100.85487699997611	204.9999487500128
101.14722399995662	204.9999487500128
101.43989999999758	204.9999487500128
101.7326409999514	204.9999487500128
102.02538100001402	204.9999487500128
102.31894399994053	204.9999487500128
102.61036499997135	45.99999386666749
103.6832239999203	45.99999386666749
104.98863199993502	45.99999386666749
106.29447500000242	45.99999386666749
107.59615699993446	60.99997255001235
108.26902899995912	60.99997255001235
109.2522839999292	218.00028340036843
109.39138299995102	218.00028340036843
109.66627499996684	218.00028340036843
109.94134199991822	218.00028340036843
110.21659799991176	218.00028340036843
110.49405799992383	218.00028340036843
110.76811800000723	218.00028340036843
111.0424799999455	218.00028340036843
111.31756300001871	218.00028340036843
111.59291799995117	218.00028340036843
111.8681289999513	218.00028340036843
112.14381199993659	218.00028340036843
112.41964899993036	218.00028340036843
112.69383499992546	210.00021000021
112.70963199995458	210.00021000021
112.99479499994777	210.00021000021
113.28014199994504	210.00021000021
113.56689099990763	210.00021000021
113.85134499997366	210.00021000021
114.13814099994488	210.00021000021
114.42322200001217	201.0
114.42820700001903	201.0
114.72662299999502	201.0
115.02623099996708	201.0
115.32395300001372	201.0
115.62228999997023	201.0
115.9212379999226	201.0
116.21941299992613	201.0
116.51828399999067	201.0
116.81653800001368	201.0
117.11465100001078	201.0
117.41462499997579	201.0
117.71261199994478	201.0
118.01023000001442	201.0
118.31086099997628	201.0
118.6082339999266	218.99968245046045
118.85691699991003	218.99968245046045
119.13122500001919	218.99968245046045
119.40494899998885	218.99968245046045
119.6801470000064	218.99968245046045
119.95318999991287	218.99968245046045
120.22784999990836	218.99968245046045
120.50227699999232	38.99998830000351
121.60268399992492	38.99998830000351
123.14142999995966	38.99998830000351
124.68007799994666	50.0
125.8006629999727	50.0
127.00059999991208	206.0000961333782
127.08253899996635	206.0000961333782
127.37374099995941	206.0000961333782
127.6653449999867	206.0000961333782
127.95695599995088	206.0000961333782
128.24788999999873	206.0000961333782
128.5390780000016	206.0000961333782
128.83018099993933	206.0000961333782
129.12157999991905	206.0000961333782
129.41416299995035	206.0000961333782
129.7038000000175	206.0000961333782
129.99509599991143	206.0000961333782
130.28643400000874	126.000126000126
130.3006769999629	126.000126000126
130.77597499999683	126.000126000126
131.25150199991185	126.000126000126
131.7280239999527	126.000126000126
132.2040969999507	126.000126000126
132.6800059999805	77.99997660000702
132.8891959999455	77.99997660000702
133.6587859999854	77.99997660000702
134.4274049999658	77.99997660000702
135.19604399998207	77.99997660000702
135.96623499994166	77.99997660000702
136.73506199999247	94.99999208333399
137.28816799994092	94.99999208333399
137.91970099997707	94.99999208333399
138.55355700000655	93.99998120000376
138.5539259999059	93.99998120000376
139.19219500001054	93.99998120000376
139.83061199996155	93.99998120000376
140.4704769999953	93.99998120000376
141.1071879999945	93.99998120000376
141.7460710000014	93.99998120000376
142.38388400000986	160.0
142.72472699999344	160.0
143.09940800000913	160.0
143.47442499990575	160.0
143.85110899992287	160.0
144.2247779999161	160.0
144.60092200001236	211.0
144.80622499994934	211.0
145.09077999996953	211.0
145.37474599992856	211.0
145.66009299992584	211.0
145.94331499992404	211.0
146.228992999997	211.0
146.51247299998067	211.0
146.79712899995502	211.0
147.08303599990904	211.0
147.36627299990505	211.0
147.64995899994392	211.0
147.93392199999653	211.0
148.2184460000135	211.0
148.50437599990983	148.9998385835082
148.58197800000198	148.9998385835082
148.9831899999408	148.9998385835082
149.38576699991245	148.9998385835082
149.78983599995263	148.9998385835082
150.19337599992286	148.9998385835082
150.59405600000173	171.00009405005173
150.90532099991105	171.00009405005173
151.25641599996015	171.00009405005173
151.60656099999323	171.00009405005173
151.95797899994068	171.00009405005173
152.3089939999627	171.00009405005173
152.6606309999479	171.00009405005173
153.01130199991167	171.00009405005173
153.360886999988	171.00009405005173
153.7126500000013	171.00009405005173
154.06313299993053	171.00009405005173
154.41341899998952	112.0
154.48253799998201	112.0
155.0201849999139	112.0
155.55450799991377	112.0
156.09004199993797	112.0
156.62572999997064	136.0001450668214
157.010554999928	136.0001450668214
157.45449499995448	136.0001450668214
157.8936789999716	136.0001450668214
158.33428999991156	136.0001450668214
158.7756529999897	136.0001450668214
159.2168599999277	136.0001450668214
159.6582519999938	136.0001450668214
160.0990199999651	136.0001450668214
160.54040099994745	76.99997818333952
160.7329080000054	76.99997818333952
161.5129200000083	76.99997818333952
162.29089900001418	76.99997818333952
163.070209999918	110.9999056500802
163.37295300001279	110.9999056500802
163.9139819999691	110.9999056500802
164.45318899990525	110.9999056500802
164.99491100001615	110.9999056500802
165.53401699999813	110.9999056500802
166.0744260000065	110.9999056500802
166.61509400000796	40.99998975000256
167.16857500001788	40.99998975000256
168.6320119999582	172.99990485005233
168.72375100001227	172.99990485005233
169.07027699996252	172.99990485005233
169.41711399995256	172.99990485005233
169.76369499997236	172.99990485005233
170.1105249999091	172.99990485005233
170.45776399993338	172.99990485005233
170.80447400000412	172.99990485005233
171.15213099995162	172.99990485005233
171.49803799996153	172.99990485005233
171.84539399994537	172.99990485005233
172.19222699990496	172.99990485005233
172.5388109999476	218.00028340036843
172.76397099997848	218.00028340036843
173.03885799995624	218.00028340036843
173.31412799993996	218.00028340036843
173.58926299994346	218.00028340036843
173.864785999991	218.00028340036843
174.14104399993084	218.00028340036843
174.41515099990647	164.0
174.43870599998627	164.0
174.80490599991754	164.0
175.1699040000094	164.0
175.53567799995653	164.0
175.90346099995077	164.0
176.26851199998055	164.0
176.63334800000302	164.0
177.0000529999379	164.0
177.3663950000191	164.0
177.73273499996867	164.0
178.09660099993926	164.0
178.46507799997926	90.99995298335763
178.55426899995655	90.99995298335763
179.2132659999188	90.99995298335763
179.87501199997496	90.99995298335763
180.53212699992582	33.99999773333349
180.91589599999133	33.99999773333349
182.6824909999268	33.99999773333349
184.44468600000255	88.0
185.07228600000963	88.0
185.75376499991398	88.0
186.43371199991088	178.99974940035085
186.72792899992783	178.99974940035085
187.0631229999708	178.99974940035085
187.39946999994572	178.99974940035085
187.73373599990737	178.99974940035085
188.06842099991627	178.99974940035085
188.4042780000018	178.99974940035085
188.73886399995536	178.99974940035085
189.0744560000021	178.99974940035085
189.40919899998698	178.99974940035085
189.74478099995758	178.99974940035085
190.08112300001085	178.99974940035085
190.4152549999999	192.99989385005838
190.71913199999835	192.99989385005838
191.0299520000117	192.99989385005838
191.34144999994896	192.99989385005838
191.6546649999218	192.99989385005838
191.96228500001598	192.99989385005838
192.27311499998905	192.99989385005838
192.58374299993739	192.99989385005838
192.89494199992623	192.99989385005838
193.2054389999248	192.99989385005838
193.51619200001005	192.99989385005838
193.82780500000808	192.99989385005838
194.1378819999518	192.99989385005838
194.44981099991128	192.99989385005838
194.75973099994007	192.99989385005838
195.07061900000554	192.99989385005838
195.38148999994155	192.99989385005838
195.69233799993526	192.99989385005838
196.00397499999963	192.99989385005838
196.31401899992488	192.99989385005838
196.62496499996632	192.99989385005838
196.93589700001758	192.99989385005838
197.24703099997714	192.99989385005838
197.55761399993207	192.99989385005838
197.8698049999075	192.99989385005838
198.1794869999867	192.99989385005838
198.49033199995756	192.99989385005838
198.8011449999176	192.99989385005838
199.11332200001925	192.99989385005838
199.42290000000503	192.99989385005838
199.73383299994748	192.99989385005838
200.04454899998382	192.99989385005838
200.35585199994966	192.99989385005838
200.66687299998011	192.99989385005838
200.97783300001174	192.99989385005838
201.2889739999082	192.99989385005838
201.59957899991423	192.99989385005838
201.91070000000764	192.99989385005838
202.22086100000888	192.99989385005838
202.5343789999606	192.99989385005838
202.84252299997024	192.99989385005838
203.1535450000083	192.99989385005838
203.46467199991457	192.99989385005838
203.77591899991967	192.99989385005838
204.0861370000057	192.99989385005838
204.39703899994493	192.99989385005838
204.7088689999655	192.99989385005838
205.0192579999566	192.99989385005838
205.33016699994914	192.99989385005838
205.64261400001124	192.99989385005838
205.95373999990989	192.99989385005838
206.26227700000163	192.99989385005838
206.57312600000296	192.99989385005838
206.88449899991974	192.99989385005838
207.19764199992642	192.99989385005838
207.50572000001557	192.99989385005838
207.81744199991226	192.99989385005838
208.12754799996037	192.99989385005838
208.4395599999698	192.99989385005838
208.74926399998367	192.99989385005838
209.0609449999174	192.99989385005838
209.37194499990437	192.99989385005838
209.68425900000148	192.99989385005838
209.9928470000159	192.99989385005838
210.30422900000121	192.99989385005838
210.61505699995905	192.99989385005838
210.92607399995904	192.99989385005838
211.2364359999774	192.99989385005838
211.547186999931	192.99989385005838
211.85807999991812	192.99989385005838
212.1695409999229	192.99989385005838
212.47997599991504	192.99989385005838
212.79229599994142	192.99989385005838
213.1041649999097	192.99989385005838
213.41283099993598	192.99989385005838
213.7236639999319	192.99989385005838
214.03496099996846	192.99989385005838
214.3457439999329	192.99989385005838
214.65719299996272	192.99989385005838
214.96698099991772	192.99989385005838
215.27797099994496	192.99989385005838
215.58991199999582	192.99989385005838
215.901417999994	192.99989385005838
216.21252199995797	192.99989385005838
216.5220449999906	192.99989385005838
216.83382900001016	192.99989385005838
217.14426600001752	192.99989385005838
217.4542229999788	192.99989385005838
217.76487999991514	192.99989385005838
218.07595799991395	192.99989385005838
218.38763299991842	192.99989385005838
218.69928900001105	192.99989385005838
219.00881799997296	192.99989385005838
219.31950899993535	192.99989385005838
219.63157199998386	192.99989385005838
219.94100799993612	192.99989385005838
220.25264399999287	192.99989385005838
220.56335899990518	192.99989385005838
220.87405699992087	192.99989385005838
221.18568899994716	192.99989385005838
221.49681599996984	192.99989385005838
221.80730200000107	192.99989385005838
222.11765999998897	192.99989385005838
222.42890599998645	192.99989385005838
222.7392370000016	192.99989385005838
223.05076000001281	192.99989385005838
223.36241299996618	192.99989385005838
223.67239099997096	192.99989385005838
223.98405899992213	192.99989385005838
224.29367099993397	192.99989385005838
224.6045129999984	192.99989385005838
224.91578499996103	192.99989385005838
225.2263399999356	192.99989385005838
225.53749499993864	192.99989385005838
225.849397999933	192.99989385005838
226.15871300001163	192.99989385005838
226.47121200000402	192.99989385005838
226.780420999974	192.99989385005838
227.09380399994552	192.99989385005838
227.40262099995743	192.99989385005838
227.71320999995805	192.99989385005838
228.02414399990812	192.99989385005838
228.33515099994838	192.99989385005838
228.6459109999705	192.99989385005838
228.9568529999815	192.99989385005838
229.26781499991193	192.99989385005838
229.5797859999584	192.99989385005838
229.8892549999291	192.99989385005838
230.20196599990595	192.99989385005838
230.51126299996395	192.99989385005838
230.8225959999254	192.99989385005838
231.1331459999783	192.99989385005838
231.4438979999395	192.99989385005838
231.7546709999442	192.99989385005838
232.06692100001965	192.99989385005838
232.3773860000074	192.99989385005838
232.6882939999923	192.99989385005838
232.99805299995933	192.99989385005838
233.30895400000736	192.99989385005838
233.626408000011	192.99989385005838
233.93076699995436	192.99989385005838


4.0646649999544024	120.0
4.559123000013642	120.0
5.001935999956913	120.0
5.5005980000132695	120.0
6.000924999942072	120.0
6.501519999932498	120.0
7.000383000005968	120.0
7.5003929999656975	120.0
8.001929000020027	120.0
8.500294999917969	120.0
9.001063999952748	120.0
9.500771999941207	120.0
10.001163000008091	120.0
10.501969999982975	120.0
11.00144099991303	120.0
11.502662999904715	120.0
12.001337999943644	120.0
12.50064400001429	120.0
13.000302999978885	120.0
13.506384999956936	120.0
14.0009190000128	120.0
14.500375999952666	120.0
15.000900999992155	120.0
15.50105199997779	120.0
16.00122899992857	120.0
16.500648999935947	120.0
17.000298999948427	120.0
17.502183999982662	120.0
18.000242999987677	120.0
18.502145999926142	120.0
19.000554999918677	120.0
19.50052100000903	120.0
20.002381999976933	120.0
20.500546999974176	120.0
21.000931999995373	120.0
21.502760999952443	120.0
22.000647999928333	120.0
22.50156599993352	120.0
23.001852999906987	120.0
23.502504999982193	120.0
24.00079399999231	120.0
24.5031579999486	120.0
25.002158000017516	120.0
25.50263699993957	120.0
26.000753999920562	120.0
26.502594999969006	120.0
27.00206799991429	120.0
27.50062499998603	120.0
28.00198299996555	120.0
28.502427999977954	145.9999659333413
28.865378999966197	145.9999659333413
29.2769659999758	145.9999659333413
29.687556999968365	145.9999659333413
30.09796299994923	145.9999659333413
30.510420999955386	28.000001866666793
31.84318299998995	28.000001866666793
33.98514599993359	28.000001866666793
36.12750599998981	50.0
36.472758999909274	105.99995053335641
36.90410299994983	105.99995053335641
37.47015199996531	105.99995053335641
38.03643999993801	105.99995053335641
38.60218199994415	105.99995053335641
39.16902599995956	105.99995053335641
39.73436999996193	105.99995053335641
40.30057299998589	163.00007063336395
40.62348999991082	163.00007063336395
40.993434999953024	163.00007063336395
41.35964799998328	163.00007063336395
41.72797299991362	163.00007063336395
42.09578699991107	163.00007063336395
42.4646809999831	49.0
42.97423299995717	49.0
44.19751199998427	49.0
45.422824000008404	49.0
46.64662000001408	100.0
47.04529699997511	100.0
47.645106000010855	100.0
48.245176999946125	100.0
48.84533299994655	122.0000691333725
49.23122700001113	122.0000691333725
49.72347699990496	122.0000691333725
50.21373499999754	122.0000691333725
50.7057049999712	122.0000691333725
51.197380999918096	122.0000691333725
51.689383000019006	122.0000691333725
52.18324299994856	122.0000691333725
52.67295099992771	156.0
52.9660009999061	156.0
53.35071699996479	156.0
53.73537100001704	156.0
54.12129799998365	156.0
54.50468599994201	150.99999748333337
54.5133940000087	150.99999748333337
54.9117499999702	150.99999748333337
55.309047999908216	150.99999748333337
55.705572000006214	150.99999748333337
56.10291000001598	150.99999748333337
56.50023999996483	150.99999748333337
56.897506000008434	150.99999748333337
57.29496999992989	150.99999748333337
57.694180999998935	150.99999748333337
58.09124899993185	150.99999748333337
58.487721999990754	148.9998385835082
58.49008799996227	148.9998385835082
58.893914999905974	148.9998385835082
59.295329999993555	148.9998385835082
59.699022999964654	148.9998385835082
60.102136999950744	148.9998385835082
60.50355899997521	93.00004185001883
60.69013200001791	93.00004185001883
61.33557200001087	93.00004185001883
61.98179899994284	93.00004185001883
62.62571599998046	93.00004185001883
63.27085299999453	93.00004185001883
63.916417000000365	93.00004185001883
64.5617299999576	59.00000885000133
64.79666699992958	59.00000885000133
65.81274099997245	59.00000885000133
66.82993699994404	57.999986466669824
66.84066599991638	57.999986466669824
67.87467799999285	57.999986466669824
68.91029899998102	57.999986466669824
69.94459600001574	57.999986466669824
70.97870999993756	108.99994368336243
71.17711899999995	108.99994368336243
71.7274379999144	108.99994368336243
72.27952899993397	171.0
72.61292400001548	171.0
72.96301099995617	171.0
73.31428399996366	171.0
73.66360799991526	171.0
74.01454299991019	171.0
74.3655279999366	171.0
74.71695799997542	171.0
75.06797699991148	171.0
75.41788899991661	171.0
75.77046199992765	171.0
76.12126299994998	171.0
76.47075400000904	54.00000540000054
76.98365199996624	54.00000540000054
78.09315299999435	54.00000540000054
79.20429499994498	207.99966720053249
79.35038499999791	207.99966720053249
79.63831099995878	207.99966720053249
79.92696599999908	207.99966720053249
80.21526500000618	207.99966720053249
80.50336699991021	207.99966720053249
80.79370399995241	207.99966720053249
81.08026600000449	207.99966720053249
81.36995899991598	207.99966720053249
81.65741200000048	207.99966720053249
81.94566199998371	207.99966720053249
82.2339829999255	207.99966720053249
82.52310899994336	70.0
83.08675199991558	70.0
83.94409999996424	70.0
84.80172599991783	123.99999173333389
85.03881499997806	123.99999173333389
85.5226290000137	123.99999173333389
86.00660500000231	123.99999173333389
86.49086599994916	123.99999173333389
86.97509700001683	123.99999173333389
87.45869200001471	123.99999173333389
87.94264199992176	123.99999173333389
88.42662199994083	135.000135000135
88.85613299999386	135.000135000135
89.29974299995229	135.000135000135
89.74407899996731	135.000135000135
90.18886799993925	135.000135000135
90.63291499996558	123.99999173333389
90.66768399998546	123.99999173333389
91.1522549999645	123.99999173333389
91.63656099990476	123.99999173333389
92.119692999986	123.99999173333389
92.60476899996866	123.99999173333389
93.08724799996708	123.99999173333389
93.57087499997579	123.99999173333389
94.05499099998269	123.99999173333389
94.53970099997241	190.0002850004275
94.75258500000928	190.0002850004275
95.06724799994845	190.0002850004275
95.38263100001495	190.0002850004275
95.69975099992007	190.0002850004275
96.01435199996922	190.0002850004275
96.33083300001454	190.0002850004275
96.64599999994971	48.0
97.83993499993812	48.0
99.09050499997102	48.0
100.34117499995045	204.9999487500128
100.56294799991883	204.9999487500128
100.85498499998357	204.9999487500128
101.1469929999439	204.9999487500128
101.43961599993054	204.9999487500128
101.73268000001553	204.9999487500128
102.02502299996559	204.9999487500128
102.31871399993543	46.0
102.37942100001965	46.0
103.68345699994825	46.0
104.9891639999114	46.0
106.29426599992439	46.0
107.59641299990471	60.99997255001235
108.26875599997584	60.99997255001235
109.251986999996	218.00028340036843
109.39163600001484	218.00028340036843
109.66610299993772	218.00028340036843
109.9415469999658	218.00028340036843
110.21695799997542	218.00028340036843
110.49372699996457	218.00028340036843
110.76789199991617	218.00028340036843
111.04278299992438	218.00028340036843
111.31792900001165	218.00028340036843
111.59323999995831	218.00028340036843
111.86844399990514	218.00028340036843
112.1435310000088	218.00028340036843
112.41920599993318	210.0
112.42282999993768	210.0
112.70931999990717	210.0
112.9949669999769	210.0
113.28035199991427	210.0
113.56659399997443	210.0
113.8517259999644	210.0
114.13829399994574	210.0
114.42292399995495	201.0003115504829
114.42832299997099	201.0003115504829
114.72686399996746	201.0003115504829
115.02587499993388	201.0003115504829
115.32425499998499	201.0003115504829
115.6220939999912	201.0003115504829
115.92097400000785	201.0003115504829
116.21924999996554	201.0003115504829
116.5205769999884	201.0003115504829
116.81623999995645	201.0003115504829
117.11488000000827	201.0003115504829
117.41435699991416	201.0003115504829
117.71281499997713	201.0003115504829
118.01062499999534	201.0003115504829
118.31034999992698	201.0003115504829
118.60791299992707	218.99968245046045
118.85709399997722	218.99968245046045
119.1309749999782	218.99968245046045
119.4052349999547	218.99968245046045
119.67983799998183	218.99968245046045
119.95288499991875	218.99968245046045
120.22818400000688	218.99968245046045
120.50184499996249	38.99998830000351
121.6028749999823	38.99998830000351
123.14113799994811	38.99998830000351
124.67975299991667	50.0
125.80091200000606	50.0
127.0008609999204	206.0000961333782
127.05892999994103	206.0000961333782
127.34927699994296	206.0000961333782
127.64040199993178	206.0000961333782
127.93211599998176	206.0000961333782
128.22303999995347	206.0000961333782
128.51432499999646	206.0000961333782
128.8054070000071	206.0000961333782
129.09676499990746	206.0000961333782
129.38904999999795	206.0000961333782
129.6794419999933	206.0000961333782
129.97050900000613	206.0000961333782
130.26197300001513	206.0000961333782
130.55420099990442	126.000126000126
130.75214699993376	126.000126000126
131.226859999937	126.000126000126
131.70297599991318	126.000126000126
132.17987699992955	126.000126000126
132.65538599994034	78.0
132.86375999997836	78.0
133.6328939999221	78.0
134.40235400001984	78.0
135.1714229999343	78.0
135.94212299992796	78.0
136.70988300000317	94.99999208333399
137.2645739999134	94.99999208333399
137.89523099991493	94.99999208333399
138.52723100001458	93.99998120000376
138.52937200001907	93.99998120000376
139.16795999999158	93.99998120000376
139.80607499997132	93.99998120000376
140.444155999925	93.99998120000376
141.08251099998597	93.99998120000376
141.72249499999452	93.99998120000376
142.35919099999592	160.0
142.69976499991026	160.0
143.0747669999255	160.0
143.44977199996356	160.0
143.82472699997015	160.0
144.19972799997777	160.0
144.57484799996018	211.00014066676044
144.7813609999139	211.00014066676044
145.06568999995943	211.00014066676044
145.351072999998	211.00014066676044
145.63433599995915	211.00014066676044
145.9189239999978	211.00014066676044
146.2038219999522	211.00014066676044
146.4874729999574	211.00014066676044
146.7731569999596	211.00014066676044
147.0564229999436	211.00014066676044
147.34105699998327	211.00014066676044
147.62492999993265	211.00014066676044
147.90923999994993	211.00014066676044
148.19364099996164	211.00014066676044
148.4781129999319	148.9998385835082
148.5558589999564	148.9998385835082
148.95859699998982	148.9998385835082
149.3616659999825	148.9998385835082
149.76375499996357	148.9998385835082
150.1668949999148	148.9998385835082
150.57027899997775	171.00009405005173
150.8821529999841	171.00009405005173
151.2317289999919	171.00009405005173
151.5819499999052	171.00009405005173
151.93278999999166	171.00009405005173
152.28346299997065	171.00009405005173
152.6345399999991	171.00009405005173
152.9853690000018	171.00009405005173
153.3363220000174	171.00009405005173
153.68721599993296	171.00009405005173
154.03782899992075	171.00009405005173
154.38883499999065	112.00005973336519
154.4824999999255	112.00005973336519
155.018041000003	112.00005973336519
155.55480199994054	112.00005973336519
156.0902660000138	112.00005973336519
156.62572999997064	136.0001450668214
157.01089999999385	136.0001450668214
157.45418799994513	136.0001450668214
157.89334199996665	136.0001450668214
158.3340989999706	136.0001450668214
158.7754689999856	136.0001450668214
159.21653899992816	136.0001450668214
159.65759600000456	136.0001450668214
160.0990799999563	136.0001450668214
160.5399519999046	76.99997818333952
160.73260200000368	76.99997818333952
161.51321899995673	76.99997818333952
162.29108799993992	111.0
162.8312900000019	111.0
163.37340499996208	111.0
163.91434999997728	111.0
164.45300899993163	111.0
164.99497699993663	111.0
165.53437699994538	111.0
166.0743960000109	111.0
166.6151129999198	40.99998975000256
167.16860999993514	40.99998975000256
168.63178799999878	172.99990485005233
168.72351899999194	172.99990485005233
169.0704970000079	172.99990485005233
169.41737499996088	172.99990485005233
169.7639569999883	172.99990485005233
170.1107689999044	172.99990485005233
170.45756299991626	172.99990485005233
170.80466799996793	172.99990485005233
171.15240699995775	172.99990485005233
171.49798099999316	172.99990485005233
171.84545299992897	172.99990485005233
172.19148399995174	172.99990485005233
172.53828300000168	218.0
172.76356399990618	218.0
173.03906799992546	218.0
173.31373199995141	218.0
173.58908299996983	218.0
173.8642089999048	218.0
174.1412559999153	218.0
174.41487699991558	218.0
174.6916809999384	163.9998469334762
174.80444799992256	163.9998469334762
175.17003999999724	163.9998469334762
175.5353480000049	163.9998469334762
175.90346099995077	163.9998469334762
176.26867099991068	163.9998469334762
176.63306899997406	163.9998469334762
177.00077599997167	163.9998469334762
177.36721199995372	163.9998469334762
177.73304799990728	163.9998469334762
178.09638000000268	163.9998469334762
178.46477099996991	163.9998469334762
178.82923499995377	90.99995298335763
179.2132419999689	90.99995298335763
179.87479699996766	90.99995298335763
180.53234399994835	33.99999773333349
180.9163619999308	33.99999773333349
182.6819789999863	33.99999773333349
184.4449499999173	88.00002346667293
185.07199299999047	88.00002346667293
185.7534829999786	88.00002346667293
186.4093569999095	88.00002346667293
187.09151599998586	178.99974940035085
187.37404099991545	178.99974940035085
187.7101679999614	178.99974940035085
188.044384000008	178.99974940035085
188.37968299991917	178.99974940035085
188.71477899991442	178.99974940035085
189.0508179999888	178.99974940035085
189.38530199998058	178.99974940035085
189.7209899999434	178.99974940035085
190.05548999994062	178.99974940035085
190.3908179999562	192.99989385005838
190.6944679999724	192.99989385005838
191.0050639999099	192.99989385005838
191.31606999994256	192.99989385005838
191.62682799994946	192.99989385005838
191.9394349999493	192.99989385005838
192.24948699993547	192.99989385005838
192.55945800000336	192.99989385005838
192.87070299999323	192.99989385005838
193.18134299991652	192.99989385005838
193.49260100000538	192.99989385005838
193.8029160000151	192.99989385005838
194.11458699998911	192.99989385005838
194.42471199994907	192.99989385005838
194.7355319999624	192.99989385005838
195.04638800001703	192.99989385005838
195.3573959999485	192.99989385005838
195.66863999993075	192.99989385005838
195.97930299991276	192.99989385005838
196.28994099993724	192.99989385005838
196.60084799991455	192.99989385005838
196.9117949999636	192.99989385005838
197.22264299995732	192.99989385005838
197.5335259999847	192.99989385005838
197.8443439999828	192.99989385005838
198.15532599994913	192.99989385005838
198.46618400001898	192.99989385005838
198.7776029999368	192.99989385005838
199.08797100000083	192.99989385005838
199.40005099994596	192.99989385005838
199.70969699998386	192.99989385005838
200.02060799999163	192.99989385005838
200.3314389999723	192.99989385005838
200.64320900000166	192.99989385005838
200.95322599995416	192.99989385005838
201.26461499999277	192.99989385005838
201.57498699997086	192.99989385005838
201.8859109999612	192.99989385005838
202.19675699993968	192.99989385005838
202.50793299998622	192.99989385005838
202.81852400000207	192.99989385005838
203.12933099991642	192.99989385005838
203.44029199995566	192.99989385005838
203.7526979999384	192.99989385005838
204.06210500001907	192.99989385005838
204.37429999990854	192.99989385005838
204.6848089999985	192.99989385005838
204.99460999993607	192.99989385005838
205.30552199995145	192.99989385005838
205.6173959999578	192.99989385005838
205.92736999993213	192.99989385005838
206.23812499991618	192.99989385005838
206.54908999998588	192.99989385005838
206.86111800000072	192.99989385005838
207.17206299991813	192.99989385005838
207.48216199991293	192.99989385005838
207.79263899999205	192.99989385005838
208.10346299991943	192.99989385005838
208.41448699997272	192.99989385005838
208.72525999997742	192.99989385005838
209.03630299994256	192.99989385005838
209.34699899994303	192.99989385005838
209.65797599998768	192.99989385005838
209.96880599996075	192.99989385005838
210.28084099991247	192.99989385005838
210.59137599996757	192.99989385005838
210.90147799998522	192.99989385005838
211.21229199995287	192.99989385005838
211.52459099993575	192.99989385005838
211.83402199996635	192.99989385005838
212.14489200001117	192.99989385005838
212.45605499995872	192.99989385005838
212.766736999969	192.99989385005838
213.07760999992024	192.99989385005838
213.3884829999879	192.99989385005838
213.69937299995217	192.99989385005838
214.01015799993183	192.99989385005838
214.32105099991895	192.99989385005838
214.6338939999696	192.99989385005838
214.65694199991412	192.99989385005838
214.9672299999511	192.99989385005838
215.27776199998334	192.99989385005838
215.58940299996175	192.99989385005838
215.90200699993875	192.99989385005838
216.21219999995083	192.99989385005838
216.52224899991415	192.99989385005838
216.83362900000066	192.99989385005838
217.14418699999806	192.99989385005838
217.45394999999553	192.99989385005838
217.76488999999128	192.99989385005838
218.07600299990736	192.99989385005838
218.38749399990775	192.99989385005838
218.69885199994314	192.99989385005838
219.00859599991236	192.99989385005838
219.31930600001942	192.99989385005838
219.63134299998637	192.99989385005838
219.9411829999881	192.99989385005838
220.2520839999197	192.99989385005838
220.5631019999273	192.99989385005838
220.87388500000816	192.99989385005838
221.18509599997196	192.99989385005838
221.49622199998703	192.99989385005838
221.80753200000618	192.99989385005838
222.1174609999871	192.99989385005838
222.42854399990756	192.99989385005838
222.7388889999129	192.99989385005838
223.05052699998487	192.99989385005838
223.3620949999895	192.99989385005838
223.67264999996405	192.99989385005838
223.9843379999511	192.99989385005838
224.29367099993397	192.99989385005838
224.60473799996544	192.99989385005838
224.91641800000798	192.99989385005838
225.22601999994367	192.99989385005838
225.5380629999563	192.99989385005838
225.84885499998927	192.99989385005838
226.1591049999697	192.99989385005838
226.4713079999201	192.99989385005838
226.78069299994968	192.99989385005838
227.09365099994466	192.99989385005838
227.40209300001152	192.99989385005838
227.71296599996276	192.99989385005838
228.02392299997155	192.99989385005838
228.33537300000899	192.99989385005838
228.64613199990708	192.99989385005838
228.95664499991108	192.99989385005838
229.26751199993305	192.99989385005838
229.57941000000574	192.99989385005838
229.8895659999689	192.99989385005838
230.20259000000078	192.99989385005838
230.51145399990492	192.99989385005838
230.82342399994377	192.99989385005838
231.13284899992868	192.99989385005838
231.4435999999987	192.99989385005838
231.75487999990582	192.99989385005838
232.06627599999774	192.99989385005838
232.37760699994396	192.99989385005838
232.68866899993736	192.99989385005838
232.99805299995933	192.99989385005838
233.30936600000132	192.99989385005838
233.62041699991096	192.99989385005838
233.93117399991024	192.99989385005838


6.004644999979064	120.0
6.496676999959163	120.0
6.501396999927238	120.0
7.000513999955729	120.0
7.500329999951646	120.0
8.003202999942005	120.0
8.500554999918677	120.0
9.000692999921739	120.0
9.50054799998179	120.0
10.000944999977946	120.0
10.501520999940112	120.0
11.00115599995479	120.0
11.502403000020422	120.0
12.00107100000605	120.0
12.500400000018999	120.0
13.000537999905646	120.0
13.526439999928698	120.0
14.001137999934144	120.0
14.500536000006832	120.0
15.000551000004634	120.0
15.501668000011705	120.0
16.001677999971434	120.0
16.50075599993579	120.0
17.000816999934614	120.0
17.501745000015944	120.0
18.00187299994286	120.0
18.502398999989964	120.0
19.000316999969073	120.0
19.5007190000033	120.0
20.002695999923162	120.0
20.500311999931	120.0
21.000640999991447	120.0
21.502457999973558	120.0
22.000893999938853	120.0
22.50124299991876	120.0
23.002259999979287	120.0
23.502070999937132	120.0
24.000572999939322	120.0
24.50291699997615	120.0
25.002042999956757	120.0
25.502391999936663	120.0
26.000679999939166	120.0
26.50267899991013	120.0
27.002165999962017	120.0
27.500689000007696	120.0
28.002321999985725	120.0
28.502348999958485	146.0
28.865378999966197	146.0
29.27700200001709	146.0
29.687588999979198	146.0
30.097876999992877	146.0
30.51062399998773	28.000001866666793
31.84349200001452	28.000001866666793
33.98516899999231	28.000001866666793
36.127796999993734	50.0
36.49667899997439	105.99995053335641
36.929851999972016	105.99995053335641
37.494428999954835	105.99995053335641
38.0361349999439	105.99995053335641
38.60201899998356	105.99995053335641
39.16850799997337	105.99995053335641
39.733966999920085	105.99995053335641
40.30033599992748	163.00007063336395
40.62310899992008	163.00007063336395
40.99321400001645	163.00007063336395
41.35935199994128	163.00007063336395
41.727730999933556	163.00007063336395
42.0955069999909	163.00007063336395
42.46445299999323	48.9999918333347
42.97397099994123	48.9999918333347
44.19721599994227	48.9999918333347
45.42261199990753	48.9999918333347
46.64631099998951	100.0
47.04555799998343	100.0
47.64485699997749	100.0
48.245176999946125	100.0
48.84558399999514	122.0
49.23146999999881	122.0
49.723713999963365	122.0
50.21349699993152	122.0
50.70546099997591	122.0
51.19713599991519	122.0
51.68882299994584	122.0
52.18302799994126	122.0
52.6725940000033	156.000156000156
52.96567499998491	156.000156000156
53.35071699996479	156.000156000156
53.73511599993799	156.000156000156
54.12137900001835	156.000156000156
54.504517999943346	150.99999748333337
54.51314299996011	150.99999748333337
54.911505999974906	150.99999748333337
55.309201999916695	150.99999748333337
55.705466999905184	150.99999748333337
56.10271999996621	150.99999748333337
56.50013499998022	150.99999748333337
56.897506000008434	150.99999748333337
57.29473099997267	150.99999748333337
57.693959999945946	150.99999748333337
58.09100699995179	150.99999748333337
58.48743099998683	149.0
58.489698999910615	149.0
58.894129999913275	149.0
59.2955559999682	149.0
59.69878299999982	149.0
60.10167999996338	149.0
60.50331299996469	93.00004185001883
60.68983599997591	93.00004185001883
61.33573399996385	93.00004185001883
61.98154700000305	93.00004185001883
62.62574299995322	93.00004185001883
63.27047499991022	93.00004185001883
63.91611099999864	93.00004185001883
64.56125699996483	59.00000885000133
64.7730009999359	59.00000885000133
65.78831500001252	59.00000885000133
66.80576699995436	57.999986466669824
66.84098999993876	57.999986466669824
67.87445299990941	57.999986466669824
68.90998799994122	57.999986466669824
69.94484399992507	57.999986466669824
70.97892099991441	108.99994368336243
71.17685399996117	108.99994368336243
71.7272079999093	108.99994368336243
72.27931399992667	171.00009405005173
72.6132290000096	171.00009405005173
72.96325499995146	171.00009405005173
73.3145389999263	171.00009405005173
73.66363999992609	171.00009405005173
74.01478099997621	171.00009405005173
74.36548799998127	171.00009405005173
74.71695799997542	171.00009405005173
75.06803999992553	171.00009405005173
75.41771499998868	171.00009405005173
75.77046199992765	171.00009405005173
76.12125199998263	171.00009405005173
76.47073599998839	54.00000540000054
76.98384499992244	54.00000540000054
78.09333599999081	54.00000540000054
79.20431499998085	208.0
79.35017399990465	208.0
79.63805499998853	208.0
79.92695399990771	208.0
80.21547900000587	208.0
80.50356099999044	208.0
80.79422299994621	208.0
81.08071799995378	208.0
81.37060599995311	208.0
81.65764200000558	208.0
81.94623000000138	208.0
82.23451500001829	208.0
82.52266199991573	69.99998833333528
83.08655000000726	69.99998833333528
83.94424999994226	69.99998833333528
84.80153900000732	123.99999173333389
85.03908399993088	123.99999173333389
85.52268099994399	123.99999173333389
86.00654699990992	123.99999173333389
86.49109199992381	123.99999173333389
86.97477999993134	123.99999173333389
87.45821499999147	123.99999173333389
87.94218899996486	123.99999173333389
88.42666599992663	135.0
88.85587799991481	135.0
89.29974299995229	135.0
89.74439599993639	135.0
90.18897199991625	135.0
90.63291499996558	123.99999173333389
90.66798899997957	123.99999173333389
91.15197699994314	123.99999173333389
91.63625699991826	123.99999173333389
92.11936799995601	123.99999173333389
92.60493999999017	123.99999173333389
93.08742999995593	123.99999173333389
93.57134899997618	123.99999173333389
94.05474399996456	123.99999173333389
94.5401749999728	190.0002850004275
94.75230199994985	190.0002850004275
95.06676600000355	190.0002850004275
95.38286100002006	190.0002850004275
95.69943299994338	190.0002850004275
96.01410399994347	190.0002850004275
96.33049999992363	48.0
96.58942699991167	48.0
97.8397249999689	48.0
99.09023199998774	48.0
100.34140899998602	204.9999487500128
100.56324799999129	204.9999487500128
100.8545569999842	204.9999487500128
101.14697899995372	204.9999487500128
101.43960799998604	204.9999487500128
101.7323069999693	204.9999487500128
102.02504599990789	204.9999487500128
102.31871399993543	204.9999487500128
102.6106059999438	45.99999386666749
103.68342899996787	45.99999386666749
104.98861100000795	45.99999386666749
106.29452899994794	45.99999386666749
107.59641299990471	60.99997255001235
108.26876199990511	60.99997255001235
109.25222899997607	218.0
109.39138299995102	218.0
109.66611099999864	218.0
109.94134199991822	218.0
110.21686599997338	218.0
110.49399400001857	218.0
110.76792699994985	218.0
111.0425019999966	218.0
111.31791599991266	218.0
111.59330700000282	218.0
111.86840699997265	218.0
112.14381199993659	218.0
112.41936599998735	210.00021000021
112.42280499998014	210.00021000021
112.70952999999281	210.00021000021
112.99500300001819	210.00021000021
113.28036400000565	210.00021000021
113.56659399997443	210.00021000021
113.85133999993559	210.00021000021
114.1383209999185	210.00021000021
114.42292399995495	201.0003115504829
114.42822499992326	201.0003115504829
114.7267639999045	201.0003115504829
115.02616100001615	201.0003115504829
115.32396499998868	201.0003115504829
115.6222650000127	201.0003115504829
115.92123300000094	201.0003115504829
116.21924999996554	201.0003115504829
116.51871899992693	201.0003115504829
116.81623999995645	201.0003115504829
117.11488000000827	201.0003115504829
117.41470899991691	201.0003115504829
117.71261199994478	201.0003115504829
118.01062499999534	201.0003115504829
118.31086099997628	201.0003115504829
118.60817799996585	219.0
118.85691699991003	219.0
119.13121099991258	219.0
119.40522600000259	219.0
119.67983799998183	219.0
119.95291100000031	219.0
120.22818400000688	219.0
120.50183299998753	38.99998830000351
121.60286199999973	38.99998830000351
123.14104899996892	38.99998830000351
124.68009499995969	50.0
125.80089899990708	50.0
127.0009419999551	206.0000961333782
127.08277699991595	206.0000961333782
127.37393299990799	206.0000961333782
127.66509399993811	206.0000961333782
127.93237199995201	206.0000961333782
128.2227369999746	206.0000961333782
128.51383599999826	206.0000961333782
128.8050369999837	206.0000961333782
129.09628800000064	206.0000961333782
129.3887939999113	206.0000961333782
129.67927899991628	206.0000961333782
129.97003500000574	206.0000961333782
130.26210599998012	206.0000961333782
130.5544799999334	126.000126000126
130.75208599993493	126.000126000126
131.22627099999227	126.000126000126
131.70246900001075	126.000126000126
132.1800069999881	126.000126000126
132.65492799994536	77.99997660000702
132.8634890000103	77.99997660000702
133.63255999993999	77.99997660000702
134.4022179999156	77.99997660000702
135.17103699990548	77.99997660000702
135.94209199992474	77.99997660000702
136.7094700000016	94.99999208333399
137.26464199996553	94.99999208333399
137.8945919999387	94.99999208333399
138.52722099993844	94.0
138.52928199991584	94.0
139.1679460000014	94.0
139.8054289999418	94.0
140.44411499996204	94.0
141.08211399998982	94.0
141.72250699996948	94.0
142.35864399990533	160.0
142.69998499995563	160.0
143.07422099995892	160.0
143.44931900000665	160.0
143.8243459999794	160.0
144.19941599993035	160.0
144.57484799996018	211.00014066676044
144.78087399993092	211.00014066676044
145.06568200001493	211.00014066676044
145.351072999998	211.00014066676044
145.63396000000648	211.00014066676044
145.91913499997463	211.00014066676044
146.20387099997606	211.00014066676044
146.48700500000268	211.00014066676044
146.77295999997295	211.00014066676044
147.05571699992288	211.00014066676044
147.34105699998327	211.00014066676044
147.6243859999813	211.00014066676044
147.9087109999964	211.00014066676044
148.19309399998747	211.00014066676044
148.47761099995114	149.0
148.5556229999056	149.0
148.95815600000788	149.0
149.36206399998628	149.0
149.764216999989	149.0
150.16715999995358	149.0
150.56972499995027	171.00009405005173
150.88176199991722	171.00009405005173
151.23199899995234	171.00009405005173
151.5812839999562	171.00009405005173
151.93230200000107	171.00009405005173
152.28307699994184	171.00009405005173
152.63456099992618	171.00009405005173
152.98475699999835	171.00009405005173
153.33635100000538	171.00009405005173
153.68670099996962	171.00009405005173
154.03764899994712	171.00009405005173
154.38842199998908	112.00005973336519
154.45798399997875	112.00005973336519
154.99439000000712	112.00005973336519
155.52870299993083	112.00005973336519
156.06429100001696	112.00005973336519
156.60152699996252	136.0001450668214
157.01091599999927	136.0001450668214
157.4545480000088	136.0001450668214
157.89366299996618	136.0001450668214
158.33428099995945	136.0001450668214
158.77561199991032	136.0001450668214
159.21644799993373	136.0001450668214
159.6579549999442	136.0001450668214
160.09922400000505	136.0001450668214
160.54035799996927	76.99997818333952
160.73289699992165	76.99997818333952
161.51340699999128	76.99997818333952
162.29155199998058	76.99997818333952
163.07046499999706	110.9999056500802
163.37323199992534	110.9999056500802
163.91430399997625	110.9999056500802
164.45300099998713	110.9999056500802
164.99463799991645	110.9999056500802
165.53378699999303	110.9999056500802
166.07473200000823	110.9999056500802
166.61533900001086	40.99998975000256
167.16823900002055	40.99998975000256
168.63236199994572	173.0
168.72394799999893	173.0
169.07030299992766	173.0
169.41686899994966	173.0
169.7641580000054	173.0
170.1105530000059	173.0
170.4573349999264	173.0
170.80426100001205	173.0
171.15169299999252	173.0
171.49837099993601	173.0
171.84515299997292	173.0
172.19235799997114	173.0
172.5386629999848	218.00028340036843
172.76572499994654	218.00028340036843
173.04073899996	218.00028340036843
173.31372099998407	218.00028340036843
173.58908299996983	218.00028340036843
173.86447899998166	218.00028340036843
174.1414769999683	218.00028340036843
174.4152039999608	218.00028340036843
174.69140399992466	163.9998469334762
174.80477499996778	163.9998469334762
175.16962800000329	163.9998469334762
175.5355949999066	163.9998469334762
175.9032850000076	163.9998469334762
176.26846299995668	163.9998469334762
176.63329199992586	163.9998469334762
177.0004019999178	163.9998469334762
177.36544299998786	163.9998469334762
177.7324619999854	163.9998469334762
178.09676599991508	163.9998469334762
178.46452099992894	91.0
178.55404800001998	91.0
179.21292600000743	91.0
179.87489599990658	91.0
180.5320509999292	33.99999773333349
180.91615499998443	33.99999773333349
182.6819789999863	33.99999773333349
184.4451949999202	88.00002346667293
185.0718179999385	88.00002346667293
185.75351599999703	88.00002346667293
186.4337729999097	88.00002346667293
187.11528799997177	178.99974940035085
187.39979599998333	178.99974940035085
187.7337819999084	178.99974940035085
188.04384099994786	178.99974940035085
188.37968999997247	178.99974940035085
188.71438799996395	178.99974940035085
189.05078599997796	178.99974940035085
189.38529100001324	178.99974940035085
189.7207509999862	178.99974940035085
190.054984999937	178.99974940035085
190.39041200000793	192.99989385005838
190.69478000001982	192.99989385005838
191.00453199993353	192.99989385005838
191.31546999991406	192.99989385005838
191.62635099992622	192.99989385005838
191.93887700000778	192.99989385005838
192.24895199993625	192.99989385005838
192.55902299995068	192.99989385005838
192.87123599997722	192.99989385005838
193.18108999996912	192.99989385005838
193.49239699996542	192.99989385005838
193.80254999990575	192.99989385005838
194.11439000000246	192.99989385005838
194.42445900000166	192.99989385005838
194.73524499998894	192.99989385005838
195.04638800001703	192.99989385005838
195.35691899992526	192.99989385005838
195.66872899990994	192.99989385005838
195.9786229999736	192.99989385005838
196.28958500002045	192.99989385005838
196.60052799992263	192.99989385005838
196.91130999999586	192.99989385005838
197.222173999995	192.99989385005838
197.53303900000174	192.99989385005838
197.84451500000432	192.99989385005838
198.15505299996585	192.99989385005838
198.4656969999196	192.99989385005838
198.77738599991426	192.99989385005838
199.0875019999221	192.99989385005838
199.4002169999294	192.99989385005838
199.7092339999508	192.99989385005838
200.0200799999293	192.99989385005838
200.33112099999562	192.99989385005838
200.64322500000708	192.99989385005838
200.95280299999285	192.99989385005838
201.26457699993625	192.99989385005838
201.57460299995728	192.99989385005838
201.88535999995656	192.99989385005838
202.19629499991424	192.99989385005838
202.5081459999783	192.99989385005838
202.8180670000147	192.99989385005838
203.12897099996917	192.99989385005838
203.43973599991295	192.99989385005838
203.7527129999362	192.99989385005838
204.0622860000003	192.99989385005838
204.3746510000201	192.99989385005838
204.6845210000174	192.99989385005838
204.99414700001944	192.99989385005838
205.30514599999879	192.99989385005838
205.61702899995726	192.99989385005838
205.92681599990465	192.99989385005838
206.2376659999136	192.99989385005838
206.54863299999852	192.99989385005838
206.86088599998038	192.99989385005838
207.17203599994536	192.99989385005838
207.4826340000145	192.99989385005838
207.79207500000484	192.99989385005838
208.1031339999754	192.99989385005838
208.41417200001888	192.99989385005838
208.7248350000009	192.99989385005838
209.0362159999786	192.99989385005838
209.34647400001995	192.99989385005838
209.65753600001335	192.99989385005838
209.96832599991467	192.99989385005838
210.2805599999847	192.99989385005838
210.59116499999072	192.99989385005838
210.90097800001968	192.99989385005838
211.21194099995773	192.99989385005838
211.52475500002038	192.99989385005838
211.83358500001486	192.99989385005838
212.14441399998032	192.99989385005838
212.45605499995872	192.99989385005838
212.76626699999906	192.99989385005838
213.07712999999058	192.99989385005838
213.38793199998327	192.99989385005838
213.69883199990727	192.99989385005838
214.00983399990946	192.99989385005838
214.3205939999316	192.99989385005838
214.63362599990796	192.99989385005838
214.94407999992836	192.99989385005838
215.2532989999745	192.99989385005838
215.56407299998682	192.99989385005838
215.87499699997716	192.99989385005838
216.18595499999356	192.99989385005838
216.49687499995343	192.99989385005838
216.52180200000294	192.99989385005838
216.8334249999607	192.99989385005838
217.14462399994954	192.99989385005838
217.45429199992213	192.99989385005838
217.76512999995612	192.99989385005838
218.07572099997196	192.99989385005838
218.38727299997117	192.99989385005838
218.6990929999156	192.99989385005838
219.0083539999323	192.99989385005838
219.31971599999815	192.99989385005838
219.63177300000098	192.99989385005838
219.9412289999891	192.99989385005838
220.2523439999204	192.99989385005838
220.56313399993815	192.99989385005838
220.87393100000918	192.99989385005838
221.1854549999116	192.99989385005838
221.49620199995115	192.99989385005838
221.8070529999677	192.99989385005838
222.1178259999724	192.99989385005838
222.4287989999866	192.99989385005838
222.7390749999322	192.99989385005838
223.05085399991367	192.99989385005838
223.36233199993148	192.99989385005838
223.67222900001798	192.99989385005838
223.98405899992213	192.99989385005838
224.2941189999692	192.99989385005838
224.60481900000013	192.99989385005838
224.91602100001182	192.99989385005838
225.2259999999078	192.99989385005838
225.53774699999485	192.99989385005838
225.84916300000623	192.99989385005838
226.15896599995904	192.99989385005838
226.47080799995456	192.99989385005838
226.78074700001162	192.99989385005838
227.09354799997527	192.99989385005838
227.40250299999025	192.99989385005838
227.7131909999298	192.99989385005838
228.02413799997885	192.99989385005838
228.33546199998818	192.99989385005838
228.6459109999705	192.99989385005838
228.95662199996877	192.99989385005838
229.26813400001265	192.99989385005838
229.57963199994992	192.99989385005838
229.8898479999043	192.99989385005838
230.20234399999026	192.99989385005838
230.51106199994683	192.99989385005838
230.82311999995727	192.99989385005838
231.1334199999692	192.99989385005838
231.44414499995764	192.99989385005838
231.75446899991948	192.99989385005838
232.06603099999484	192.99989385005838
232.37716799997725	192.99989385005838
232.68853899999522	192.99989385005838
232.99835399992298	192.99989385005838
233.30915999994613	192.99989385005838
233.62009899993427	192.99989385005838
233.93101099994965	192.99989385005838


8.200502999941818	120.0
8.692573999986053	120.0
9.00068099994678	120.0
9.500675999908708	120.0
10.000689000007696	120.0
10.501494999974966	120.0
11.001622000010684	120.0
11.50265199993737	120.0
12.00108099996578	120.0
12.500353000010364	120.0
13.001141999964602	120.0
13.502325000008568	120.0
14.000587999937125	120.0
14.500239999964833	120.0
15.000391999958083	120.0
15.501018999959342	120.0
16.00122899992857	120.0
16.500525999930687	120.0
17.000664999941364	120.0
17.502145999926142	120.0
18.000260000000708	120.0
18.502145999926142	120.0
19.000751000014134	120.0
19.500545999966562	120.0
20.002355000004172	120.0
20.500541999936104	120.0
21.00104000000283	120.0
21.502423999947496	120.0
22.000674000009894	120.0
22.50107100000605	120.0
23.001852999906987	120.0
23.502070999937132	120.0
24.00030600000173	120.0
24.502703999984078	120.0
25.002379999961704	120.0
25.502975999959745	120.0
26.000564999994822	120.0
26.502344999928027	120.0
27.001760999904945	120.0
27.500845999922603	120.0
28.002421999932267	120.0
28.502561999950558	145.9999659333413
28.865569000015967	145.9999659333413
29.276732999947853	145.9999659333413
29.68733099999372	145.9999659333413
30.0980499999132	145.9999659333413
30.510193999973126	28.000001866666793
31.84317199990619	28.000001866666793
33.98550800001249	28.000001866666793
36.12777499994263	50.0
36.49667899997439	106.0
36.92983899998944	106.0
37.49445299990475	106.0
38.06117899995297	106.0
38.626639999914914	106.0
39.19334999995772	106.0
39.75972400000319	106.0
40.324534000013955	163.00007063336395
40.62335399992298	163.00007063336395
40.993184999912046	163.00007063336395
41.35949099995196	163.00007063336395
41.727742000017315	163.00007063336395
42.09574299992528	163.00007063336395
42.46445299999323	48.9999918333347
42.97397099994123	48.9999918333347
44.19740599999204	48.9999918333347
45.42259899992496	48.9999918333347
46.6464510000078	100.0
47.045289999921806	100.0
47.64513600000646	100.0
48.24536099995021	100.0
48.84535600000527	122.0000691333725
49.23124399990775	122.0000691333725
49.72372899996117	122.0000691333725
50.2136429999955	122.0000691333725
50.70546099997591	122.0000691333725
51.19727299991064	122.0000691333725
51.6891389999073	122.0000691333725
52.18301499995869	122.0000691333725
52.67271199997049	156.000156000156
52.96599099994637	156.000156000156
53.35048199992161	156.000156000156
53.735616000019945	156.000156000156
54.12153499992564	156.000156000156
54.50444199994672	150.99999748333337
54.51338199991733	150.99999748333337
54.911505999974906	150.99999748333337
55.30888699996285	150.99999748333337
55.7057939999504	150.99999748333337
56.102957999915816	150.99999748333337
56.50099699990824	150.99999748333337
56.89774199994281	150.99999748333337
57.294847999932244	150.99999748333337
57.69402399996761	150.99999748333337
58.09101999993436	150.99999748333337
58.48743099998683	148.9998385835082
58.48992099997122	148.9998385835082
58.89388499991037	148.9998385835082
59.2953180000186	148.9998385835082
59.69878299999982	148.9998385835082
60.10159599990584	148.9998385835082
60.50331900001038	93.00004185001883
60.68993200000841	93.00004185001883
61.335392999928445	93.00004185001883
61.98222399991937	93.00004185001883
62.625377999967895	93.00004185001883
63.27068099996541	93.00004185001883
63.91607399994973	93.00004185001883
64.56140399992	59.00000885000133
64.77298799995333	59.00000885000133
65.788647999987	59.00000885000133
66.8057549999794	58.0
66.81552699999884	58.0
67.85005499992985	58.0
68.88469999993686	58.0
68.90998799994122	58.0
69.94513699994422	58.0
70.97870999993756	108.99994368336243
71.17684699990787	108.99994368336243
71.72765399992932	108.99994368336243
72.27903099998366	171.00009405005173
72.61289200000465	171.00009405005173
72.96299999998882	171.00009405005173
73.31427299999632	171.00009405005173
73.66387599997688	171.00009405005173
74.0145570000168	171.00009405005173
74.36520200001542	171.00009405005173
74.71719799994025	171.00009405005173
75.06770699995104	171.00009405005173
75.41789899999276	171.00009405005173
75.77021899993997	171.00009405005173
76.12152899999637	171.00009405005173
76.47047199995723	54.0
76.98366599995643	54.0
78.09313699998893	54.0
79.20405099994969	207.99966720053249
79.34987699997146	207.99966720053249
79.63835299992934	207.99966720053249
79.92723999998998	207.99966720053249
80.2156889999751	207.99966720053249
80.50426499999594	207.99966720053249
80.7940139999846	207.99966720053249
81.08085499994922	207.99966720053249
81.37033599999268	207.99966720053249
81.65724199998658	207.99966720053249
81.94566199998371	207.99966720053249
82.23468599992339	207.99966720053249
82.52289199992083	69.99998833333528
83.0868939999491	69.99998833333528
83.94390600000042	69.99998833333528
84.80178599990904	123.99999173333389
85.03880500001833	123.99999173333389
85.52295999997295	123.99999173333389
86.0067229999695	123.99999173333389
86.49060499994084	123.99999173333389
86.97445099998731	123.99999173333389
87.45843899995089	123.99999173333389
87.94220499997027	123.99999173333389
88.4264409999596	135.000135000135
88.85613299999386	135.000135000135
89.30015699996147	135.000135000135
89.74451999994926	135.000135000135
90.18929899996147	135.000135000135
90.63348299998324	123.99999173333389
90.66768399998546	123.99999173333389
91.15221999993082	123.99999173333389
91.63648400001694	123.99999173333389
92.11985999997705	123.99999173333389
92.60470299993176	123.99999173333389
93.08704699994996	123.99999173333389
93.57085699995514	123.99999173333389
94.05496099998709	123.99999173333389
94.53973399999086	190.0002850004275
94.75227900000755	190.0002850004275
95.06676600000355	190.0002850004275
95.38286100002006	190.0002850004275
95.69942099996842	190.0002850004275
96.01433299994096	190.0002850004275
96.33047899999656	48.0
96.58942699991167	48.0
97.83993499993812	48.0
99.09062199993059	48.0
100.34114399994723	204.9999487500128
100.53859000001103	204.9999487500128
100.83089899993502	204.9999487500128
101.12284600001294	204.9999487500128
101.41584499995224	204.9999487500128
101.7079949999461	204.9999487500128
102.00269599992316	204.9999487500128
102.29348200000823	204.9999487500128
102.5861670000013	45.99999386666749
103.66064199991524	45.99999386666749
104.96340499992948	45.99999386666749
106.26775100000668	45.99999386666749
107.5728259999305	61.0
108.24344399990514	61.0
109.22792099998333	218.00028340036843
109.36671099998057	218.00028340036843
109.64210299996193	218.00028340036843
109.91715599992312	218.00028340036843
110.19394299993291	218.00028340036843
110.46829099999741	218.00028340036843
110.74399400001857	218.00028340036843
111.01804300001822	218.00028340036843
111.29363099997863	218.00028340036843
111.56850299995858	218.00028340036843
111.84417599998415	218.00028340036843
112.1190119999228	218.00028340036843
112.3945759999333	210.00021000021
112.39868599991314	210.00021000021
112.68517700000666	210.00021000021
112.97002499992959	210.00021000021
113.25613899994642	210.00021000021
113.54195499990601	210.00021000021
113.8272879999131	210.00021000021
114.11308699997608	210.00021000021
114.39977599994745	201.0003115504829
114.40424800000619	201.0003115504829
114.70445399999153	201.0003115504829
115.00318399991374	201.0003115504829
115.29945299995597	201.0003115504829
115.59791299991775	201.0003115504829
115.89643700001761	201.0003115504829
116.19496899994556	201.0003115504829
116.49381000001449	201.0003115504829
116.79431199992541	201.0003115504829
117.0925939999288	201.0003115504829
117.38948299991898	201.0003115504829
117.68873399996664	201.0003115504829
117.98603299993556	201.0003115504829
118.28437100001611	201.0003115504829
118.5844250000082	218.99968245046045
118.8343669999158	218.99968245046045
119.10662999993656	218.99968245046045
119.38148199999705	218.99968245046045
119.6550859999843	218.99968245046045
119.928501999937	218.99968245046045
120.20274599990807	218.99968245046045
120.47710599994753	38.99998830000351
121.57839999999851	38.99998830000351
123.11776699998882	38.99998830000351
124.65529799996875	50.0
125.7747349999845	50.0
126.97473499993794	206.0
127.0587789999554	206.0
127.34956399991643	206.0
127.64081100001931	206.0
127.9321340000024	206.0
128.223360999953	206.0
128.51459199993405	206.0
128.80578099994455	206.0
129.09700999991037	206.0
129.3887809999287	206.0
129.67964799993206	206.0
129.97050900000613	206.0
130.2627119999379	206.0
130.55420099990442	126.000126000126
130.7524389999453	126.000126000126
131.22665799991228	126.000126000126
131.70284799998626	126.000126000126
132.17980299994815	126.000126000126
132.65531399997417	77.99997660000702
132.8638459999347	77.99997660000702
133.63289899996016	77.99997660000702
134.40250399999786	77.99997660000702
135.1713860000018	77.99997660000702
135.942378000007	77.99997660000702
136.70983199996408	95.0
137.26482699997723	95.0
137.89506299991626	95.0
138.52741999994032	93.99998120000376
138.5291909999214	93.99998120000376
139.16826999990735	93.99998120000376
139.80589999991935	93.99998120000376
140.4443929999834	93.99998120000376
141.08247499994468	93.99998120000376
141.72274300002027	93.99998120000376
142.3590939999558	160.0
142.69970999995712	160.0
143.07461000001058	160.0
143.44981399993412	160.0
143.8246779999463	160.0
144.19973599992227	160.0
144.5751089999685	211.00014066676044
144.78129700000864	211.00014066676044
145.06587699998636	211.00014066676044
145.35131900000852	211.00014066676044
145.63433599995915	211.00014066676044
145.9189239999978	211.00014066676044
146.20407999993768	211.00014066676044
146.487710999907	211.00014066676044
146.77296600001864	211.00014066676044
147.05620599992108	211.00014066676044
147.34135499992408	211.00014066676044
147.62490099994466	211.00014066676044
147.90922599995974	211.00014066676044
148.19366200000513	211.00014066676044
148.47794999997132	148.9998385835082
148.55609299999196	148.9998385835082
148.95838999992702	148.9998385835082
149.36140099994373	148.9998385835082
149.76389499998186	148.9998385835082
150.16735699994024	148.9998385835082
150.57007000001613	171.00009405005173
150.8814709999133	171.00009405005173
151.23165600001812	171.00009405005173
151.58179099997506	171.00009405005173
151.93267899996135	171.00009405005173
152.28356799995527	171.00009405005173
152.63477999996394	171.00009405005173
152.98517899995204	171.00009405005173
153.336530999979	171.00009405005173
153.68694799998775	171.00009405005173
154.03785899991635	171.00009405005173
154.38876200001687	112.00005973336519
154.4579649999505	112.00005973336519
154.99427399993874	112.00005973336519
155.52910399995744	112.00005973336519
156.06465099996421	112.00005973336519
156.60155999998096	136.0
156.98586000001524	136.0
157.42712899995968	136.0
157.8682259999914	136.0
158.30956299998797	136.0
158.7506750000175	136.0
158.77577099995688	136.0
159.21668899990618	136.0
159.65759600000456	136.0
160.09877699997742	136.0
160.5399519999046	76.99997818333952
160.73261399997864	76.99997818333952
161.5132009999361	76.99997818333952
162.29114899993874	76.99997818333952
163.07048100000247	110.9999056500802
163.37288199993782	110.9999056500802
163.9138769999845	110.9999056500802
164.4531989999814	110.9999056500802
164.99481299996842	110.9999056500802
165.53454299992882	110.9999056500802
166.07497899990994	110.9999056500802
166.61545499996282	41.0
167.16890899999999	41.0
168.63179499993566	172.99990485005233
168.72349699994083	172.99990485005233
169.07004999998026	172.99990485005233
169.41686899994966	172.99990485005233
169.76394599990454	172.99990485005233
170.11072100000456	172.99990485005233
170.4573349999264	172.99990485005233
170.80426100001205	172.99990485005233
171.15169299999252	172.99990485005233
171.49828900001012	172.99990485005233
171.84558700001799	172.99990485005233
172.19220900000073	172.99990485005233
172.5383009999059	218.00028340036843
172.7642099999357	218.00028340036843
173.04096999997273	218.00028340036843
173.3139099999098	218.00028340036843
173.58883799996693	218.00028340036843
173.8642089999048	218.00028340036843
174.1412559999153	218.00028340036843
174.41546699998435	218.00028340036843
174.6913779999595	163.9998469334762
174.80500299995765	163.9998469334762
175.17023299995344	163.9998469334762
175.53578799997922	163.9998469334762
175.90362899994943	163.9998469334762
176.2682499999646	163.9998469334762
176.63351099996362	163.9998469334762
176.99998299998697	163.9998469334762
177.36675299995113	163.9998469334762
177.7326929999981	163.9998469334762
178.09668099996634	163.9998469334762
178.46450599993113	90.99995298335763
178.55407399998512	90.99995298335763
179.21294999995735	90.99995298335763
179.87457300000824	90.99995298335763
180.5318940000143	33.99999773333349
180.91615499998443	33.99999773333349
182.68225700000767	33.99999773333349
184.44468600000255	88.00002346667293
185.07259399991017	88.00002346667293
185.75374099996407	88.00002346667293
186.43403699994087	179.0
186.72766500001308	179.0
187.0629519999493	179.0
187.39981999993324	179.0
187.73404699994717	179.0
188.06872300000396	179.0
188.4047609999543	179.0
188.73908999993	179.0
189.07468299998436	179.0
189.4095869999146	179.0
189.74474699993152	179.0
190.05530899995938	179.0
190.39065999991726	192.99989385005838
190.69499999994878	192.99989385005838
191.00485999998637	192.99989385005838
191.31588399992324	192.99989385005838
191.62655899999663	192.99989385005838
191.93921400001273	192.99989385005838
192.24920399999246	192.99989385005838
192.5593050000025	192.99989385005838
192.87093799992	192.99989385005838
193.18160199990962	192.99989385005838
193.49241399997845	192.99989385005838
193.80270699993707	192.99989385005838
194.11438199994154	192.99989385005838
194.42447299999185	192.99989385005838
194.73539899999741	192.99989385005838
195.04663599992637	192.99989385005838
195.35716999997385	192.99989385005838
195.6688889999641	192.99989385005838
195.9790829999838	192.99989385005838
196.29012599994894	192.99989385005838
196.60085499996785	192.99989385005838
196.91154100000858	192.99989385005838
197.22258499998134	192.99989385005838
197.53332099993713	192.99989385005838
197.8443359999219	192.99989385005838
198.1553839999251	192.99989385005838
198.46605399996042	192.99989385005838
198.77794800000265	192.99989385005838
199.08780199999455	192.99989385005838
199.4000089999754	192.99989385005838
199.70947999996133	192.99989385005838
200.02038899995387	192.99989385005838
200.33133700001054	192.99989385005838
200.64346599997953	192.99989385005838
200.9530219999142	192.99989385005838
201.2648770000087	192.99989385005838
201.57480299996678	192.99989385005838
201.8856749999104	192.99989385005838
202.19656700000633	192.99989385005838
202.50792200001888	192.99989385005838
202.81833499995992	192.99989385005838
203.1291949999286	192.99989385005838
203.44008400000166	192.99989385005838
203.75301300000865	192.99989385005838
204.06177999998908	192.99989385005838
204.37426899990533	192.99989385005838
204.68454399995971	192.99989385005838
204.99443999992218	192.99989385005838
205.30581199994776	192.99989385005838
205.61713099991903	192.99989385005838
205.92712000000756	192.99989385005838
206.23798799992073	192.99989385005838
206.54897899995558	192.99989385005838
206.8608809999423	192.99989385005838
207.17233099997975	192.99989385005838
207.48216199991293	192.99989385005838
207.79238299990539	192.99989385005838
208.10332300001755	192.99989385005838
208.4143069999991	192.99989385005838
208.72512700001244	192.99989385005838
209.03612599999178	192.99989385005838
209.34681599994656	192.99989385005838
209.6578139999183	192.99989385005838
209.9685729999328	192.99989385005838
210.28060099994764	192.99989385005838
210.59115200000815	192.99989385005838
210.90128799993545	192.99989385005838
211.21208299999125	192.99989385005838
211.5245279999217	192.99989385005838
211.83396899991203	192.99989385005838
212.14471799996682	192.99989385005838
212.45637399994303	192.99989385005838
212.76653999998234	192.99989385005838
213.07739399990533	192.99989385005838
213.38827200001106	192.99989385005838
213.69916499999817	192.99989385005838
214.01003000000492	192.99989385005838
214.3212470000144	192.99989385005838
214.6336579999188	192.99989385005838
214.94409200001974	192.99989385005838
215.25354800000787	192.99989385005838
215.5644859999884	192.99989385005838
215.87527299998328	192.99989385005838
216.1861879999051	192.99989385005838
216.4971239999868	192.99989385005838
216.80802899994887	192.99989385005838
217.11883799999487	192.99989385005838
217.4314229999436	192.99989385005838
217.74281199998222	192.99989385005838
218.0516269999789	192.99989385005838
218.36249199998565	192.99989385005838
218.6734999999171	192.99989385005838
218.69890600000508	192.99989385005838
219.0087029999122	192.99989385005838
219.31932499993127	192.99989385005838
219.63157199998386	192.99989385005838
219.94100799993612	192.99989385005838
220.25202299992088	192.99989385005838
220.56281999999192	192.99989385005838
220.87374499998987	192.99989385005838
221.18514099996537	192.99989385005838
221.49654700001702	192.99989385005838
221.80730200000107	192.99989385005838
222.11797099991236	192.99989385005838
222.42849600000773	192.99989385005838
222.73891299997922	192.99989385005838
223.05052699998487	192.99989385005838
223.36258999991696	192.99989385005838
223.67242899991106	192.99989385005838
223.98455900000408	192.99989385005838
224.29391599993687	192.99989385005838
224.6045129999984	192.99989385005838
224.91602100001182	192.99989385005838
225.2265330000082	192.99989385005838
225.5374829999637	192.99989385005838
225.84885499998927	192.99989385005838
226.1588970000157	192.99989385005838
226.47080799995456	192.99989385005838
226.78095199994277	192.99989385005838
227.09389299992472	192.99989385005838
227.40239699999802	192.99989385005838
227.71351299993694	192.99989385005838
228.0243260000134	192.99989385005838
228.33557300001848	192.99989385005838
228.64567799994256	192.99989385005838
228.95708899991587	192.99989385005838
229.26751999999397	192.99989385005838
229.57970899995416	192.99989385005838
229.8892549999291	192.99989385005838
230.2023479999043	192.99989385005838
230.51107199990656	192.99989385005838
230.82260800001677	192.99989385005838
231.1331619999837	192.99989385005838
231.44400699995458	192.99989385005838
231.7546709999442	192.99989385005838
232.06708700000308	192.99989385005838
232.3773860000074	192.99989385005838
232.68848000001162	192.99989385005838
232.9984599999152	192.99989385005838
233.30895400000736	192.99989385005838
233.62020399991889	192.99989385005838
233.93076699995436	192.99989385005838